Format Version,1.23,Take Name,p13_jap_pre_002,Take Notes,,Capture Frame Rate,120.000000,Export Frame Rate,120.000000,Capture Start Time,2025-08-25 11.21.31.623 오전,Total Frames in Take,1196,Total Exported Frames,1196,Rotation Type,Quaternion,Length Units,Centimeters,Coordinate Space,Global

,Type,Bone,Bone,Bone,Bone,Bone,Bone,Bone,Bone,Bone,Bone,Bone,Bone,Bone,Bone,Bone,Bone,Bone,Bone,Bone,Bone,Bone,Bone,Bone,Bone,Bone,Bone,Bone,Bone,Bone,Bone,Bone,Bone,Bone,Bone,Bone,Bone,Bone,Bone,Bone,Bone,Bone,Bone,Bone,Bone,Bone,Bone,Bone,Bone,Bone,Bone,Bone,Bone,Bone,Bone,Bone,Bone,Bone,Bone,Bone,Bone,Bone,Bone,Bone,Bone,Bone,Bone,Bone,Bone,Bone,Bone,Bone,Bone,Bone,Bone,Bone,Bone,Bone,Bone,Bone,Bone,Bone,Bone,Bone,Bone,Bone,Bone,Bone,Bone,Bone,Bone,Bone,Bone,Bone,Bone,Bone,Bone,Bone,Bone,Bone,Bone,Bone,Bone,Bone,Bone,Bone,Bone,Bone,Bone,Bone,Bone,Bone,Bone,Bone,Bone,Bone,Bone,Bone,Bone,Bone,Bone,Bone,Bone,Bone,Bone,Bone,Bone,Bone,Bone,Bone,Bone,Bone,Bone,Bone,Bone,Bone,Bone,Bone,Bone,Bone,Bone,Bone,Bone,Bone,Bone,Bone,Bone,Bone
,Name,asdf:Hip,asdf:Hip,asdf:Hip,asdf:Hip,asdf:Hip,asdf:Hip,asdf:Hip,asdf:Ab,asdf:Ab,asdf:Ab,asdf:Ab,asdf:Ab,asdf:Ab,asdf:Ab,asdf:Chest,asdf:Chest,asdf:Chest,asdf:Chest,asdf:Chest,asdf:Chest,asdf:Chest,asdf:Neck,asdf:Neck,asdf:Neck,asdf:Neck,asdf:Neck,asdf:Neck,asdf:Neck,asdf:Head,asdf:Head,asdf:Head,asdf:Head,asdf:Head,asdf:Head,asdf:Head,asdf:LShoulder,asdf:LShoulder,asdf:LShoulder,asdf:LShoulder,asdf:LShoulder,asdf:LShoulder,asdf:LShoulder,asdf:LUArm,asdf:LUArm,asdf:LUArm,asdf:LUArm,asdf:LUArm,asdf:LUArm,asdf:LUArm,asdf:LFArm,asdf:LFArm,asdf:LFArm,asdf:LFArm,asdf:LFArm,asdf:LFArm,asdf:LFArm,asdf:LHand,asdf:LHand,asdf:LHand,asdf:LHand,asdf:LHand,asdf:LHand,asdf:LHand,asdf:RShoulder,asdf:RShoulder,asdf:RShoulder,asdf:RShoulder,asdf:RShoulder,asdf:RShoulder,asdf:RShoulder,asdf:RUArm,asdf:RUArm,asdf:RUArm,asdf:RUArm,asdf:RUArm,asdf:RUArm,asdf:RUArm,asdf:RFArm,asdf:RFArm,asdf:RFArm,asdf:RFArm,asdf:RFArm,asdf:RFArm,asdf:RFArm,asdf:RHand,asdf:RHand,asdf:RHand,asdf:RHand,asdf:RHand,asdf:RHand,asdf:RHand,asdf:LThigh,asdf:LThigh,asdf:LThigh,asdf:LThigh,asdf:LThigh,asdf:LThigh,asdf:LThigh,asdf:LShin,asdf:LShin,asdf:LShin,asdf:LShin,asdf:LShin,asdf:LShin,asdf:LShin,asdf:LFoot,asdf:LFoot,asdf:LFoot,asdf:LFoot,asdf:LFoot,asdf:LFoot,asdf:LFoot,asdf:RThigh,asdf:RThigh,asdf:RThigh,asdf:RThigh,asdf:RThigh,asdf:RThigh,asdf:RThigh,asdf:RShin,asdf:RShin,asdf:RShin,asdf:RShin,asdf:RShin,asdf:RShin,asdf:RShin,asdf:RFoot,asdf:RFoot,asdf:RFoot,asdf:RFoot,asdf:RFoot,asdf:RFoot,asdf:RFoot,asdf:LToe,asdf:LToe,asdf:LToe,asdf:LToe,asdf:LToe,asdf:LToe,asdf:LToe,asdf:RToe,asdf:RToe,asdf:RToe,asdf:RToe,asdf:RToe,asdf:RToe,asdf:RToe
,ID,"1","1","1","1","1","1","1","2","2","2","2","2","2","2","3","3","3","3","3","3","3","4","4","4","4","4","4","4","5","5","5","5","5","5","5","6","6","6","6","6","6","6","7","7","7","7","7","7","7","8","8","8","8","8","8","8","9","9","9","9","9","9","9","A","A","A","A","A","A","A","B","B","B","B","B","B","B","C","C","C","C","C","C","C","D","D","D","D","D","D","D","E","E","E","E","E","E","E","F","F","F","F","F","F","F","10","10","10","10","10","10","10","12","12","12","12","12","12","12","13","13","13","13","13","13","13","14","14","14","14","14","14","14","11","11","11","11","11","11","11","15","15","15","15","15","15","15"
,,Rotation,Rotation,Rotation,Rotation,Position,Position,Position,Rotation,Rotation,Rotation,Rotation,Position,Position,Position,Rotation,Rotation,Rotation,Rotation,Position,Position,Position,Rotation,Rotation,Rotation,Rotation,Position,Position,Position,Rotation,Rotation,Rotation,Rotation,Position,Position,Position,Rotation,Rotation,Rotation,Rotation,Position,Position,Position,Rotation,Rotation,Rotation,Rotation,Position,Position,Position,Rotation,Rotation,Rotation,Rotation,Position,Position,Position,Rotation,Rotation,Rotation,Rotation,Position,Position,Position,Rotation,Rotation,Rotation,Rotation,Position,Position,Position,Rotation,Rotation,Rotation,Rotation,Position,Position,Position,Rotation,Rotation,Rotation,Rotation,Position,Position,Position,Rotation,Rotation,Rotation,Rotation,Position,Position,Position,Rotation,Rotation,Rotation,Rotation,Position,Position,Position,Rotation,Rotation,Rotation,Rotation,Position,Position,Position,Rotation,Rotation,Rotation,Rotation,Position,Position,Position,Rotation,Rotation,Rotation,Rotation,Position,Position,Position,Rotation,Rotation,Rotation,Rotation,Position,Position,Position,Rotation,Rotation,Rotation,Rotation,Position,Position,Position,Rotation,Rotation,Rotation,Rotation,Position,Position,Position,Rotation,Rotation,Rotation,Rotation,Position,Position,Position
Frame,Time (Seconds),X,Y,Z,W,X,Y,Z,X,Y,Z,W,X,Y,Z,X,Y,Z,W,X,Y,Z,X,Y,Z,W,X,Y,Z,X,Y,Z,W,X,Y,Z,X,Y,Z,W,X,Y,Z,X,Y,Z,W,X,Y,Z,X,Y,Z,W,X,Y,Z,X,Y,Z,W,X,Y,Z,X,Y,Z,W,X,Y,Z,X,Y,Z,W,X,Y,Z,X,Y,Z,W,X,Y,Z,X,Y,Z,W,X,Y,Z,X,Y,Z,W,X,Y,Z,X,Y,Z,W,X,Y,Z,X,Y,Z,W,X,Y,Z,X,Y,Z,W,X,Y,Z,X,Y,Z,W,X,Y,Z,X,Y,Z,W,X,Y,Z,X,Y,Z,W,X,Y,Z,X,Y,Z,W,X,Y,Z
0,0.000000,-0.006565,0.883065,0.038284,0.467640,-5.169127,87.235489,13.485971,-0.065046,0.867983,0.132587,0.474127,-5.513713,94.483093,13.932857,-0.025749,0.871918,0.110862,0.476240,-8.521463,106.536827,16.056377,0.019377,0.915971,-0.056329,0.396798,-10.778240,121.143913,18.587633,0.027654,0.947044,-0.054192,0.315287,-8.391224,134.577362,16.177494,-0.010602,0.800308,0.243248,0.547928,-12.809588,115.699707,15.266706,0.234683,-0.349417,0.207027,-0.883160,-19.764605,120.046890,-0.098185,0.222937,0.398287,-0.428572,-0.779739,-3.023435,106.813744,-13.089774,0.340955,0.451320,-0.340406,-0.751122,3.072937,123.165535,-4.777350,-0.139568,0.901035,0.186397,0.365940,-8.944681,115.269363,21.195942,0.317436,0.870214,0.113270,-0.359349,3.129061,117.273880,33.587749,-0.098608,0.223196,0.502276,-0.829565,16.625147,105.505058,16.166077,0.034471,0.016342,0.463575,-0.885236,8.651888,123.179016,10.701813,0.076869,0.873949,0.075317,0.473952,-10.156210,87.450119,6.159555,0.070130,0.874395,-0.098155,0.469979,-12.503192,51.039696,-1.463360,-0.038249,0.917831,0.040265,0.393067,-22.667635,5.118865,3.537570,-0.089414,0.870209,-0.079928,0.477862,-0.182043,87.020851,20.812386,-0.010543,0.861696,-0.090154,0.499240,2.771111,50.819302,29.182756,-0.037497,0.803289,0.047799,0.592483,-0.627056,4.301217,37.029301,-0.038249,0.917831,0.040265,0.393067,-12.526618,0.774717,-5.860788,-0.037497,0.803289,0.047799,0.592483,12.656714,0.193368,32.941757
1,0.008333,-0.006554,0.883021,0.038349,0.467718,-5.165869,87.234337,13.488303,-0.065332,0.867986,0.132831,0.474013,-5.510783,94.481873,13.936069,-0.025763,0.872009,0.110899,0.476066,-8.528294,106.536865,16.062386,0.019497,0.916104,-0.055266,0.396634,-10.785438,121.143684,18.594839,0.027219,0.947171,-0.054938,0.314814,-8.407465,134.583542,16.211592,-0.010668,0.800579,0.242996,0.547642,-12.817575,115.699364,15.274583,0.234887,-0.349549,0.206740,-0.883121,-19.783466,120.037369,-0.087978,0.222762,0.398166,-0.428786,-0.779733,-3.040972,106.812180,-13.085959,0.340991,0.450855,-0.340889,-0.751165,3.051528,123.165169,-4.776930,-0.139813,0.901087,0.186473,0.365681,-8.950320,115.269241,21.202305,0.317589,0.870127,0.113404,-0.359382,3.127636,117.282448,33.588596,-0.098271,0.223010,0.502201,-0.829701,16.617676,105.510948,16.164057,0.034484,0.016231,0.463522,-0.885265,8.638495,123.180305,10.697986,0.077059,0.874032,0.075026,0.473815,-10.151662,87.449753,6.161032,0.070104,0.875129,-0.097719,0.468706,-12.522566,51.038246,-1.449321,-0.038265,0.917867,0.040512,0.392956,-22.658566,5.108982,3.531881,-0.089328,0.870310,-0.079963,0.477689,-0.180076,87.018921,20.815575,-0.010470,0.861650,-0.090015,0.499346,2.767951,50.816631,29.184568,-0.037228,0.803134,0.048003,0.592694,-0.630580,4.296035,37.016018,-0.038265,0.917867,0.040512,0.392956,-12.518915,0.771185,-5.870883,-0.037228,0.803134,0.048003,0.592694,12.654345,0.188315,32.932098
2,0.016667,-0.006520,0.883095,0.038359,0.467578,-5.173606,87.236137,13.491326,-0.065973,0.868083,0.132995,0.473700,-5.518082,94.483665,13.939508,-0.025413,0.872258,0.110911,0.475624,-8.553505,106.546577,16.064552,0.019195,0.916177,-0.056056,0.396370,-10.800403,121.153854,18.603493,0.027291,0.947118,-0.054724,0.315006,-8.422531,134.589478,16.196390,-0.010902,0.800491,0.242917,0.547802,-12.838939,115.711502,15.283942,0.232237,-0.349015,0.208031,-0.883730,-19.798567,120.042870,-0.083330,0.221532,0.397222,-0.429640,-0.780095,-3.064167,106.806862,-13.080729,0.340864,0.450783,-0.341066,-0.751186,3.031167,123.170326,-4.778612,-0.139697,0.901224,0.186724,0.365260,-8.965466,115.277756,21.207338,0.317444,0.870170,0.113219,-0.359464,3.124322,117.287514,33.582642,-0.098262,0.222787,0.501948,-0.829915,16.616037,105.518768,16.157530,0.034463,0.016178,0.463538,-0.885259,8.622133,123.184029,10.695497,0.077002,0.874143,0.075061,0.473613,-10.161725,87.452065,6.165653,0.070081,0.875093,-0.097653,0.468790,-12.529395,51.040291,-1.444429,-0.037319,0.917852,0.040773,0.393054,-22.661131,5.109510,3.531458,-0.089351,0.870379,-0.079965,0.477559,-0.185488,87.020203,20.816999,-0.010464,0.861811,-0.090007,0.499070,2.765191,50.818253,29.186512,-0.036861,0.803158,0.048153,0.592671,-0.630908,4.297507,37.018169,-0.037319,0.917852,0.040773,0.393054,-12.527246,0.767723,-5.875678,-0.036861,0.803158,0.048153,0.592671,12.651864,0.187056,32.930000
3,0.025000,-0.006676,0.883189,0.038520,0.467386,-5.172880,87.238159,13.493745,-0.065932,0.868139,0.133132,0.473566,-5.520360,94.485481,13.943005,-0.025613,0.872289,0.110977,0.475542,-8.555614,106.545410,16.071568,0.019184,0.916207,-0.055859,0.396329,-10.808425,121.151947,18.609533,0.026966,0.947158,-0.054894,0.314883,-8.433102,134.588837,16.206989,-0.010857,0.800438,0.243234,0.547740,-12.845069,115.708420,15.290726,0.235426,-0.349848,0.206600,-0.882892,-19.807083,120.046600,-0.073546,0.222745,0.398002,-0.429217,-0.779584,-3.072135,106.817017,-13.076777,0.340791,0.450842,-0.341227,-0.751110,3.010769,123.177910,-4.778890,-0.140079,0.901204,0.187037,0.365003,-8.970633,115.276848,21.213650,0.317659,0.870067,0.113975,-0.359286,3.121979,117.296181,33.584637,-0.097797,0.222366,0.501913,-0.830104,16.613287,105.532326,16.155907,0.034516,0.016001,0.463546,-0.885256,8.611547,123.191986,10.697490,0.077071,0.874176,0.075097,0.473537,-10.164144,87.452835,6.170177,0.070047,0.875086,-0.097645,0.468811,-12.535691,51.042259,-1.444417,-0.038333,0.917853,0.040519,0.392983,-22.664351,5.110863,3.532083,-0.089306,0.870397,-0.079988,0.477530,-0.181617,87.023476,20.817312,-0.010583,0.861805,-0.090124,0.499057,2.765613,50.821198,29.186598,-0.037414,0.803388,0.047811,0.592353,-0.626222,4.302674,37.033310,-0.038333,0.917853,0.040519,0.392983,-12.523519,0.774029,-5.869852,-0.037414,0.803388,0.047811,0.592353,12.655714,0.193706,32.940937
4,0.033333,-0.006808,0.883257,0.038694,0.467240,-5.173195,87.240555,13.496489,-0.065981,0.868197,0.133260,0.473416,-5.523477,94.487656,13.947138,-0.025754,0.872347,0.111070,0.475406,-8.560756,106.545898,16.078255,0.019163,0.916226,-0.056003,0.396265,-10.818193,121.151588,18.616940,0.026686,0.947173,-0.054970,0.314848,-8.442102,134.587616,16.210373,-0.010886,0.800559,0.243143,0.547602,-12.853745,115.707359,15.298626,0.235524,-0.349955,0.206346,-0.882883,-19.821018,120.041779,-0.064328,0.222561,0.397954,-0.429493,-0.779509,-3.084564,106.820534,-13.074106,0.340699,0.450752,-0.341377,-0.751138,2.990812,123.185684,-4.777921,-0.140346,0.901250,0.187114,0.364746,-8.977579,115.277145,21.220520,0.317583,0.870114,0.114762,-0.358989,3.118955,117.305779,33.586151,-0.097238,0.221846,0.501525,-0.830543,16.623323,105.556885,16.157440,0.034591,0.015773,0.463907,-0.885068,8.598269,123.201691,10.700783,0.077179,0.874183,0.075066,0.473511,-10.166847,87.454498,6.174526,0.069908,0.874698,-0.097701,0.469543,-12.546687,51.044804,-1.441710,-0.038384,0.917807,0.040556,0.393080,-22.670496,5.112603,3.537226,-0.089313,0.870427,-0.080063,0.477462,-0.179543,87.026611,20.818451,-0.010512,0.861847,-0.090075,0.498995,2.766078,50.825321,29.192602,-0.037670,0.803193,0.047733,0.592608,-0.628644,4.305821,37.032246,-0.038384,0.917807,0.040556,0.393080,-12.527126,0.777349,-5.862702,-0.037670,0.803193,0.047733,0.592608,12.657303,0.199370,32.950371
5,0.041667,-0.007229,0.883321,0.038985,0.467088,-5.166574,87.246582,13.501993,-0.065932,0.868451,0.132207,0.473252,-5.524169,94.493271,13.953574,-0.026202,0.872402,0.111896,0.475086,-8.550051,106.568130,16.064987,0.019345,0.916261,-0.056214,0.396145,-10.829960,121.167610,18.619337,0.026402,0.947181,-0.055036,0.314836,-8.447550,134.601868,16.209047,-0.011122,0.800691,0.243337,0.547318,-12.858444,115.723328,15.296775,0.235940,-0.349935,0.206361,-0.882776,-19.836355,120.052383,-0.062856,0.222727,0.397957,-0.429674,-0.779361,-3.099524,106.824516,-13.065405,0.340622,0.450734,-0.341424,-0.751163,2.969527,123.194565,-4.776105,-0.140275,0.901146,0.187426,0.364871,-8.978300,115.293610,21.216097,0.317706,0.870037,0.114789,-0.359058,3.115769,117.314743,33.585365,-0.097173,0.221617,0.501625,-0.830552,16.613770,105.562592,16.153917,0.034701,0.015634,0.464024,-0.885005,8.588788,123.209084,10.704022,0.077311,0.874259,0.075067,0.473348,-10.162640,87.456223,6.181553,0.069865,0.874694,-0.097669,0.469564,-12.552431,51.048077,-1.438932,-0.038534,0.917812,0.040488,0.393061,-22.671461,5.114731,3.539109,-0.089177,0.870500,-0.080124,0.477345,-0.170508,87.036942,20.822433,-0.010527,0.861427,-0.089849,0.499760,2.765312,50.834560,29.195299,-0.038097,0.803078,0.047531,0.592752,-0.624455,4.311246,37.014427,-0.038534,0.917812,0.040488,0.393061,-12.527320,0.779448,-5.859972,-0.038097,0.803078,0.047531,0.592752,12.665029,0.207364,32.941490
6,0.050000,-0.006966,0.883363,0.038894,0.467021,-5.177845,87.241875,13.501991,-0.065818,0.868542,0.132250,0.473088,-5.531395,94.488716,13.954215,-0.026275,0.872501,0.111898,0.474900,-8.555608,106.566513,16.068998,0.019325,0.916263,-0.056394,0.396118,-10.836887,121.165863,18.622833,0.026079,0.947150,-0.055082,0.314949,-8.453157,134.599014,16.207788,-0.011303,0.800762,0.243461,0.547156,-12.865814,115.720924,15.301625,0.233137,-0.349352,0.207365,-0.883515,-19.849756,120.045921,-0.056405,0.221328,0.397051,-0.430668,-0.779673,-3.113335,106.821892,-13.063383,0.340188,0.451194,-0.341418,-0.751086,2.953313,123.205437,-4.777949,-0.140339,0.901182,0.187464,0.364737,-8.983216,115.292427,21.219427,0.317633,0.870014,0.114805,-0.359171,3.113616,117.316139,33.585564,-0.097200,0.221452,0.501578,-0.830621,16.609844,105.568459,16.149734,0.034704,0.015585,0.464043,-0.884995,8.580135,123.214195,10.705142,0.077236,0.874274,0.075100,0.473328,-10.175084,87.454834,6.182452,0.069821,0.874741,-0.097633,0.469491,-12.558987,51.046192,-1.437531,-0.038610,0.917800,0.040523,0.393079,-22.672405,5.111593,3.540333,-0.089292,0.870475,-0.080089,0.477374,-0.180604,87.028915,20.821531,-0.010558,0.861741,-0.090029,0.499185,2.763598,50.827660,29.196327,-0.037090,0.803310,0.048020,0.592463,-0.626930,4.307476,37.033710,-0.038610,0.917800,0.040523,0.393079,-12.527119,0.778056,-5.858312,-0.037090,0.803310,0.048020,0.592463,12.654776,0.197838,32.941265
7,0.058333,-0.007150,0.883379,0.039024,0.466977,-5.179844,87.245430,13.503404,-0.066244,0.868397,0.133505,0.472944,-5.536621,94.492081,13.956061,-0.025920,0.872617,0.111164,0.474879,-8.581379,106.547997,16.090897,0.019166,0.916144,-0.057374,0.396259,-10.842945,121.152809,18.630991,0.025657,0.947008,-0.054797,0.315461,-8.452125,134.580124,16.190596,-0.011391,0.800678,0.243473,0.547272,-12.879668,115.707336,15.315446,0.232984,-0.349467,0.207063,-0.883581,-19.859119,120.031097,-0.044976,0.220949,0.397110,-0.431115,-0.779503,-3.120439,106.821075,-13.063267,0.340072,0.451194,-0.341248,-0.751216,2.929497,123.209824,-4.776238,-0.140506,0.901371,0.187395,0.364240,-8.996525,115.279457,21.232935,0.317738,0.869906,0.115304,-0.359180,3.111295,117.313446,33.586632,-0.097023,0.221144,0.501594,-0.830714,16.603851,105.571922,16.143812,0.034623,0.015491,0.464026,-0.885009,8.569795,123.216225,10.705534,0.077283,0.874339,0.075089,0.473203,-10.177771,87.456551,6.184278,0.069781,0.874974,-0.097498,0.469090,-12.566233,51.048325,-1.436276,-0.038836,0.917814,0.040471,0.393030,-22.668213,5.110705,3.536954,-0.089188,0.870580,-0.080088,0.477202,-0.181919,87.034309,20.822531,-0.010651,0.861752,-0.089997,0.499169,2.757247,50.831650,29.193026,-0.037130,0.803306,0.047828,0.592481,-0.624115,4.311109,37.032272,-0.038836,0.917814,0.040471,0.393030,-12.522028,0.778368,-5.861279,-0.037130,0.803306,0.047828,0.592481,12.657116,0.197808,32.941956
8,0.066667,-0.006805,0.883439,0.038821,0.466886,-5.192649,87.238884,13.505307,-0.066189,0.868475,0.133520,0.472803,-5.543573,94.485840,13.957752,-0.025966,0.872703,0.111148,0.474723,-8.587724,106.544838,16.094614,0.018974,0.916180,-0.057415,0.396179,-10.849812,121.149681,18.634054,0.025412,0.947014,-0.054909,0.315443,-8.463661,134.577209,16.190233,-0.011624,0.800742,0.243490,0.547165,-12.887153,115.703690,15.319742,0.233269,-0.349501,0.206674,-0.883584,-19.870510,120.020340,-0.040905,0.220807,0.397224,-0.431390,-0.779333,-3.124975,106.822098,-13.062342,0.339726,0.451355,-0.341349,-0.751229,2.912194,123.214996,-4.774491,-0.140586,0.901398,0.187478,0.364100,-9.001934,115.276764,21.235939,0.317566,0.869927,0.115015,-0.359376,3.108656,117.313263,33.586514,-0.097005,0.220960,0.501471,-0.830839,16.599672,105.574821,16.140425,0.034736,0.015211,0.464294,-0.884869,8.556789,123.217987,10.705950,0.077308,0.874333,0.075182,0.473195,-10.192159,87.453667,6.187367,0.069665,0.875278,-0.097361,0.468568,-12.578933,51.046764,-1.440058,-0.038900,0.917850,0.040578,0.392928,-22.662443,5.105105,3.533301,-0.089283,0.870605,-0.080037,0.477148,-0.193139,87.024101,20.823246,-0.010690,0.861812,-0.090013,0.499062,2.754493,50.822102,29.193596,-0.037035,0.803377,0.048175,0.592362,-0.623391,4.301915,37.036407,-0.038900,0.917850,0.040578,0.392928,-12.517402,0.776143,-5.867723,-0.037035,0.803377,0.048175,0.592362,12.657659,0.194814,32.939281
9,0.075000,-0.006858,0.883478,0.038964,0.466799,-5.198289,87.240219,13.503827,-0.066092,0.868498,0.133806,0.472694,-5.550825,94.487007,13.957778,-0.026206,0.872724,0.111176,0.474664,-8.595369,106.542160,16.101929,0.018701,0.916315,-0.056718,0.395981,-10.863958,121.146439,18.638803,0.025377,0.947154,-0.055542,0.314914,-8.492863,134.579056,16.208393,-0.011627,0.800720,0.243546,0.547172,-12.899041,115.698898,15.325650,0.233385,-0.349556,0.206431,-0.883588,-19.882103,120.016609,-0.034831,0.220566,0.397272,-0.431683,-0.779215,-3.133465,106.826378,-13.060400,0.339292,0.451496,-0.341461,-0.751290,2.892643,123.223282,-4.771186,-0.140576,0.901474,0.187505,0.363902,-9.013215,115.274857,21.241655,0.317479,0.869911,0.115199,-0.359433,3.102498,117.312347,33.587029,-0.097141,0.220862,0.501448,-0.830863,16.594225,105.581604,16.136326,0.034593,0.015224,0.464018,-0.885019,8.549208,123.224152,10.707958,0.077311,0.874364,0.075149,0.473142,-10.199235,87.455284,6.186879,0.069616,0.875281,-0.097302,0.468583,-12.587844,51.048054,-1.438369,-0.038842,0.917829,0.040680,0.392971,-22.664827,5.104652,3.532201,-0.089277,0.870604,-0.080056,0.477147,-0.197343,87.025154,20.820776,-0.010779,0.861808,-0.090036,0.499064,2.749253,50.823296,29.192123,-0.037123,0.803459,0.048124,0.592250,-0.622482,4.303670,37.040943,-0.038842,0.917829,0.040680,0.392971,-12.519145,0.777648,-5.869032,-0.037123,0.803459,0.048124,0.592250,12.657842,0.196891,32.941154
10,0.083333,-0.006990,0.883510,0.039135,0.466723,-5.200147,87.242714,13.504592,-0.066111,0.868540,0.133914,0.472584,-5.555501,94.489273,13.959861,-0.026235,0.872774,0.111289,0.474544,-8.601194,106.542671,16.106300,0.018981,0.916326,-0.056843,0.395924,-10.871798,121.146156,18.645969,0.024847,0.947195,-0.055698,0.314804,-8.492616,134.577316,16.215315,-0.011531,0.800657,0.243710,0.547193,-12.906734,115.698746,15.332510,0.233439,-0.349661,0.206385,-0.883543,-19.889072,120.022476,-0.026608,0.220349,0.397332,-0.431910,-0.779120,-3.143162,106.832588,-13.056008,0.338950,0.451533,-0.341559,-0.751378,2.873750,123.232506,-4.764451,-0.140721,0.901491,0.187633,0.363738,-9.019319,115.274513,21.247456,0.317337,0.869920,0.115174,-0.359544,3.099131,117.316101,33.589466,-0.097202,0.220673,0.501376,-0.830950,16.591385,105.591568,16.135002,0.034678,0.015136,0.463979,-0.885038,8.540526,123.232254,10.713427,0.077368,0.874462,0.075126,0.472956,-10.202320,87.457054,6.188463,0.069587,0.875227,-0.097292,0.468689,-12.597121,51.050220,-1.436752,-0.038910,0.917784,0.040693,0.393068,-22.671894,5.106258,3.533044,-0.089270,0.870565,-0.080107,0.477212,-0.197973,87.028366,20.820719,-0.010732,0.861851,-0.089960,0.499005,2.745741,50.827026,29.195314,-0.037001,0.803338,0.048302,0.592408,-0.625757,4.306015,37.036018,-0.038910,0.917784,0.040693,0.393068,-12.523588,0.780390,-5.865874,-0.037001,0.803338,0.048302,0.592408,12.656119,0.201202,32.939297
11,0.091667,-0.007188,0.883554,0.039336,0.466620,-5.198502,87.246010,13.505268,-0.065922,0.868755,0.132962,0.472483,-5.557704,94.492302,13.961810,-0.026610,0.872793,0.112079,0.474303,-8.590606,106.563484,16.092426,0.019052,0.916311,-0.057081,0.395920,-10.881472,121.161079,18.647680,0.024526,0.947141,-0.055827,0.314968,-8.497985,134.590546,16.211887,-0.011850,0.800852,0.243885,0.546824,-12.909789,115.714035,15.329554,0.233813,-0.349549,0.206276,-0.883514,-19.905954,120.028984,-0.025751,0.220473,0.397444,-0.431981,-0.778988,-3.153865,106.838966,-13.047096,0.338734,0.451720,-0.341821,-0.751244,2.856998,123.241043,-4.757185,-0.140597,0.901365,0.187844,0.363990,-9.019403,115.289536,21.242527,0.324029,0.867189,0.133898,-0.353639,3.093871,117.322289,33.591087,-0.088823,0.214713,0.503433,-0.832205,16.582092,105.647995,16.099852,0.034750,0.015028,0.463563,-0.885255,8.532182,123.238632,10.719872,0.077434,0.874556,0.075116,0.472771,-10.202334,87.458839,6.190225,0.069492,0.874978,-0.097363,0.469153,-12.603384,51.052654,-1.436117,-0.039037,0.917775,0.040651,0.393081,-22.676071,5.108744,3.538467,-0.089187,0.870591,-0.080214,0.477161,-0.194669,87.033180,20.820311,-0.010694,0.861549,-0.089771,0.499560,2.740347,50.832016,29.198711,-0.037112,0.803054,0.048312,0.592785,-0.630338,4.307723,37.020256,-0.039037,0.917775,0.040651,0.393081,-12.526475,0.783262,-5.859246,-0.037112,0.803054,0.048312,0.592785,12.656156,0.204986,32.936417
12,0.100000,-0.007210,0.883571,0.039448,0.466576,-5.205362,87.246727,13.505077,-0.065863,0.868789,0.133081,0.472395,-5.565586,94.492889,13.962925,-0.026642,0.872837,0.112098,0.474216,-8.597871,106.561516,16.096760,0.019109,0.916317,-0.057213,0.395885,-10.889571,121.158936,18.652300,0.024170,0.947154,-0.056010,0.314925,-8.503378,134.587402,16.213734,-0.011878,0.800863,0.243978,0.546766,-12.918021,115.711678,15.334606,0.233634,-0.349557,0.206217,-0.883572,-19.916355,120.027115,-0.019565,0.220141,0.397441,-0.432271,-0.778923,-3.163333,106.842163,-13.044827,0.338331,0.451835,-0.341879,-0.751330,2.837831,123.246384,-4.753107,-0.140790,0.901298,0.187930,0.364037,-9.026488,115.287575,21.246855,0.323980,0.867200,0.133921,-0.353648,3.083690,117.324677,33.597729,-0.088830,0.214794,0.503426,-0.832187,16.573166,105.652794,16.105856,0.034744,0.015008,0.463337,-0.885374,8.525023,123.241806,10.723852,0.077474,0.874601,0.075160,0.472676,-10.209901,87.460106,6.190536,0.069391,0.874982,-0.097385,0.469156,-12.612793,51.054878,-1.439801,-0.038970,0.917774,0.040673,0.393087,-22.678156,5.110046,3.541100,-0.089187,0.870538,-0.080162,0.477267,-0.200823,87.033348,20.819620,-0.010921,0.861551,-0.089873,0.499534,2.735021,50.831558,29.195013,-0.038282,0.803387,0.047760,0.592304,-0.621720,4.309464,37.035625,-0.038970,0.917774,0.040673,0.393087,-12.528990,0.784363,-5.856980,-0.038282,0.803387,0.047760,0.592304,12.665740,0.213726,32.947918
13,0.108333,-0.007148,0.883694,0.039315,0.466357,-5.217999,87.244415,13.506296,-0.065618,0.868869,0.133092,0.472279,-5.576404,94.490746,13.962957,-0.026579,0.872880,0.112058,0.474150,-8.602934,106.559082,16.100231,0.018210,0.916308,-0.057775,0.395866,-10.892241,121.156868,18.655794,0.024352,0.947056,-0.055899,0.315225,-8.522550,134.583939,16.193476,-0.011759,0.800868,0.244165,0.546676,-12.921982,115.709808,15.338575,0.236677,-0.350247,0.204860,-0.882804,-19.923830,120.031342,-0.012277,0.221344,0.398252,-0.431734,-0.778465,-3.167062,106.852814,-13.039233,0.338230,0.451886,-0.342067,-0.751259,2.824891,123.252701,-4.748668,-0.140839,0.901271,0.187934,0.364083,-9.029511,115.285339,21.250181,0.324005,0.867158,0.133923,-0.353728,3.079041,117.323509,33.602470,-0.088804,0.214754,0.503431,-0.832197,16.564894,105.651772,16.107712,0.034653,0.014967,0.463482,-0.885302,8.515818,123.241875,10.726140,0.077405,0.874634,0.075282,0.472606,-10.226180,87.457512,6.194238,0.069315,0.875058,-0.097310,0.469042,-12.620781,51.052849,-1.441401,-0.039045,0.917779,0.040718,0.393065,-22.675955,5.105639,3.538132,-0.089212,0.870489,-0.080099,0.477362,-0.209818,87.031319,20.818354,-0.011033,0.861461,-0.089868,0.499687,2.728982,50.829090,29.190880,-0.037794,0.803332,0.048032,0.592388,-0.619849,4.307133,37.035694,-0.039045,0.917779,0.040718,0.393065,-12.526432,0.781938,-5.860476,-0.037794,0.803332,0.048032,0.592388,12.666245,0.209396,32.945549
14,0.116667,-0.006889,0.883676,0.039197,0.466403,-5.235439,87.240875,13.505699,-0.065380,0.868922,0.133168,0.472194,-5.589741,94.487389,13.962581,-0.026593,0.872945,0.111983,0.474046,-8.611412,106.554581,16.104416,0.017933,0.916276,-0.058094,0.395906,-10.899716,121.152840,18.658136,0.024165,0.946972,-0.056005,0.315472,-8.533360,134.578522,16.185095,-0.011873,0.800914,0.244043,0.546661,-12.930387,115.705299,15.342286,0.233672,-0.349550,0.205962,-0.883624,-19.932722,120.021202,-0.009926,0.219831,0.397430,-0.432734,-0.778759,-3.174222,106.846344,-13.038360,0.337858,0.452077,-0.342050,-0.751319,2.812003,123.257576,-4.747941,-0.140601,0.901163,0.187337,0.364748,-9.036536,115.281677,21.253040,0.323777,0.867203,0.133909,-0.353829,3.057461,117.315056,33.620369,-0.088708,0.215157,0.503410,-0.832116,16.547092,105.652870,16.122156,0.034640,0.014823,0.463529,-0.885280,8.505541,123.238083,10.726793,0.077305,0.874620,0.075362,0.472636,-10.242918,87.457085,6.193254,0.069260,0.875093,-0.097276,0.468990,-12.627964,51.052166,-1.444144,-0.038963,0.917766,0.040732,0.393101,-22.676870,5.103615,3.535650,-0.089301,0.870431,-0.079946,0.477476,-0.227960,87.024666,20.818144,-0.011189,0.861428,-0.089886,0.499736,2.720992,50.821815,29.184364,-0.038276,0.803414,0.047916,0.592255,-0.616378,4.300493,37.037788,-0.038963,0.917766,0.040732,0.393101,-12.527311,0.779373,-5.862669,-0.038276,0.803414,0.047916,0.592255,12.671307,0.208150,32.947414
15,0.125000,-0.006837,0.883684,0.039204,0.466389,-5.244042,87.239357,13.504539,-0.065305,0.868898,0.133418,0.472177,-5.597727,94.485870,13.961871,-0.026725,0.872933,0.111876,0.474086,-8.621244,106.554092,16.110472,0.017216,0.916214,-0.058696,0.395992,-10.911618,121.152863,18.659424,0.024365,0.946856,-0.055929,0.315819,-8.556337,134.576370,16.164055,-0.011804,0.800815,0.244218,0.546730,-12.941241,115.704048,15.345017,0.233951,-0.349608,0.205824,-0.883560,-19.941006,120.025841,-0.006716,0.219799,0.397424,-0.432870,-0.778695,-3.181685,106.852211,-13.035345,0.337517,0.452183,-0.342152,-0.751362,2.799966,123.265480,-4.746967,-0.140511,0.901200,0.187469,0.364623,-9.048026,115.282730,21.256357,0.323779,0.867164,0.133553,-0.354057,3.050034,117.312584,33.620293,-0.088931,0.215153,0.503550,-0.832009,16.531528,105.646172,16.118622,0.034618,0.014718,0.463597,-0.885247,8.495370,123.236229,10.729159,0.077340,0.874647,0.075436,0.472569,-10.251779,87.456421,6.192295,0.069206,0.875338,-0.097212,0.468555,-12.637046,51.052731,-1.450926,-0.039043,0.917761,0.040674,0.393111,-22.676226,5.102289,3.531034,-0.089280,0.870418,-0.079892,0.477514,-0.236306,87.022293,20.816786,-0.011293,0.861436,-0.089884,0.499722,2.712918,50.818516,29.178900,-0.038114,0.803442,0.048055,0.592216,-0.615764,4.297390,37.037186,-0.039043,0.917761,0.040674,0.393111,-12.525908,0.777467,-5.866197,-0.038114,0.803442,0.048055,0.592216,12.671041,0.205480,32.943516
16,0.133333,-0.006834,0.883689,0.039293,0.466373,-5.251942,87.239418,13.502057,-0.065240,0.868870,0.133695,0.472159,-5.606173,94.485840,13.960550,-0.026643,0.872943,0.111732,0.474106,-8.632478,106.556450,16.116682,0.017760,0.916029,-0.059602,0.396261,-10.918717,121.156326,18.663057,0.023677,0.946708,-0.055807,0.316338,-8.539108,134.572678,16.152367,-0.011972,0.800799,0.244241,0.546740,-12.949850,115.707504,15.349570,0.237190,-0.350256,0.204265,-0.882801,-19.949112,120.025108,-0.003570,0.221000,0.398235,-0.432406,-0.778199,-3.180520,106.863770,-13.032690,0.337141,0.452328,-0.342235,-0.751406,2.789734,123.274551,-4.746459,-0.140429,0.901219,0.187550,0.364567,-9.056843,115.286102,21.261042,0.323777,0.867156,0.133606,-0.354061,3.043436,117.312836,33.623322,-0.088932,0.215059,0.503525,-0.832048,16.524883,105.647598,16.120831,0.034604,0.014675,0.463489,-0.885305,8.486228,123.237022,10.734209,0.077372,0.874673,0.075400,0.472521,-10.259943,87.457260,6.190017,0.069048,0.875012,-0.097261,0.469177,-12.649020,51.053547,-1.451860,-0.039114,0.917724,0.040713,0.393186,-22.680828,5.101937,3.534141,-0.089320,0.870375,-0.079890,0.477585,-0.243941,87.021584,20.814096,-0.011354,0.861414,-0.089864,0.499762,2.707262,50.818325,29.177744,-0.039414,0.803344,0.047423,0.592315,-0.615829,4.296982,37.037109,-0.039114,0.917724,0.040713,0.393186,-12.528236,0.778954,-5.861480,-0.039414,0.803344,0.047423,0.592315,12.678279,0.212485,32.959782
17,0.141667,-0.006864,0.883664,0.039487,0.466404,-5.259900,87.241356,13.500731,-0.065194,0.868867,0.133696,0.472170,-5.615844,94.487541,13.961498,-0.026653,0.872932,0.111840,0.474100,-8.640429,106.555344,16.117628,0.017298,0.916000,-0.059921,0.396301,-10.928433,121.154472,18.666649,0.023668,0.946636,-0.055910,0.316535,-8.556746,134.569839,16.143213,-0.011872,0.800806,0.244305,0.546702,-12.958914,115.706017,15.352186,0.237350,-0.350280,0.204044,-0.882800,-19.959681,120.027313,0.000776,0.220871,0.398179,-0.432619,-0.778146,-3.187411,106.872681,-13.030375,0.336783,0.452360,-0.342180,-0.751572,2.777231,123.286018,-4.746582,-0.140741,0.901320,0.188229,0.363847,-9.065835,115.284012,21.263563,0.323886,0.867113,0.133559,-0.354084,3.049660,117.317131,33.609875,-0.089135,0.214512,0.503519,-0.832171,16.526751,105.647217,16.107147,0.034572,0.014635,0.463595,-0.885252,8.477261,123.241272,10.741067,0.077430,0.874672,0.075438,0.472507,-10.267382,87.460358,6.188370,0.068959,0.875164,-0.097266,0.468905,-12.658936,51.057743,-1.457970,-0.039055,0.917726,0.040750,0.393182,-22.682154,5.105078,3.535563,-0.089322,0.870401,-0.079895,0.477536,-0.252419,87.022362,20.813091,-0.011429,0.861266,-0.089841,0.500018,2.699153,50.819172,29.176939,-0.038275,0.803336,0.048124,0.592343,-0.619144,4.297599,37.036972,-0.039055,0.917726,0.040750,0.393182,-12.530056,0.782375,-5.860720,-0.038275,0.803336,0.048124,0.592343,12.670417,0.209906,32.948055
18,0.150000,-0.006935,0.883687,0.039696,0.466341,-5.266424,87.241882,13.497801,-0.065135,0.868856,0.133798,0.472171,-5.624665,94.487816,13.960793,-0.026785,0.872891,0.112007,0.474129,-8.648032,106.550575,16.118999,0.017157,0.915986,-0.060011,0.396325,-10.941933,121.148384,18.670351,0.023559,0.946625,-0.056220,0.316519,-8.572697,134.563492,16.143263,-0.011859,0.800747,0.244382,0.546754,-12.969952,115.699722,15.354699,0.237539,-0.350253,0.203751,-0.882827,-19.968739,120.023361,0.003043,0.220734,0.398106,-0.432916,-0.778057,-3.189558,106.878349,-13.028927,0.336453,0.452410,-0.342248,-0.751659,2.767494,123.296677,-4.748807,-0.140771,0.901333,0.188276,0.363777,-9.077366,115.278175,21.266434,0.323746,0.867191,0.133773,-0.353938,3.039598,117.312172,33.611156,-0.089358,0.214481,0.503312,-0.832280,16.526369,105.649841,16.110832,0.034190,0.014858,0.463432,-0.885348,8.467829,123.241364,10.748466,0.077442,0.874732,0.075406,0.472399,-10.274931,87.461449,6.186161,0.068897,0.875119,-0.097268,0.468998,-12.669353,51.058609,-1.458199,-0.039119,0.917671,0.040761,0.393304,-22.688055,5.105165,3.537233,-0.089377,0.870394,-0.079934,0.477532,-0.257916,87.022316,20.809443,-0.011474,0.861254,-0.089794,0.500047,2.695836,50.820343,29.177771,-0.037481,0.803270,0.049024,0.592410,-0.616776,4.298082,37.036102,-0.039119,0.917671,0.040761,0.393304,-12.532907,0.783527,-5.856241,-0.037481,0.803270,0.049024,0.592410,12.672098,0.217399,32.937958
19,0.158333,-0.007387,0.883646,0.040007,0.466384,-5.259722,87.233368,13.494217,-0.065537,0.868799,0.134117,0.472129,-5.625900,94.478836,13.958113,-0.026515,0.872948,0.111952,0.474053,-8.664218,106.548355,16.120260,0.016862,0.916003,-0.060143,0.396279,-10.950060,121.146965,18.674274,0.023488,0.946591,-0.056444,0.316589,-8.586964,134.561890,16.140505,-0.011912,0.800671,0.244456,0.546832,-12.981668,115.699814,15.358336,0.237815,-0.350206,0.203562,-0.882815,-19.977448,120.024063,0.005478,0.220720,0.397915,-0.433146,-0.778030,-3.192769,106.883255,-13.023646,0.336173,0.452411,-0.342463,-0.751685,2.762324,123.305984,-4.751494,-0.140709,0.901324,0.188299,0.363813,-9.087844,115.275429,21.269056,0.324089,0.866994,0.134314,-0.353903,3.028811,117.306900,33.614506,-0.089292,0.214278,0.503660,-0.832129,16.505735,105.642235,16.108156,0.034125,0.014842,0.463635,-0.885245,8.458060,123.240318,10.754007,0.077658,0.874826,0.075391,0.472191,-10.267399,87.448463,6.181874,0.068753,0.875079,-0.097354,0.469075,-12.678099,51.047951,-1.468477,-0.039323,0.917660,0.041023,0.393283,-22.689119,5.094203,3.539566,-0.089229,0.870409,-0.080044,0.477514,-0.252044,87.018272,20.806561,-0.011567,0.861167,-0.089796,0.500195,2.688379,50.815617,29.176659,-0.038282,0.803339,0.048371,0.592319,-0.618183,4.293588,37.038925,-0.039323,0.917660,0.041023,0.393283,-12.531742,0.781509,-5.855611,-0.038282,0.803339,0.048371,0.592319,12.672384,0.211531,32.947636
20,0.166667,-0.007174,0.883630,0.039899,0.466428,-5.276804,87.229141,13.490539,-0.065446,0.868742,0.134319,0.472190,-5.639539,94.474792,13.954471,-0.026470,0.872910,0.111844,0.474150,-8.678907,106.545296,16.122215,0.016342,0.915961,-0.060460,0.396349,-10.962348,121.144699,18.673822,0.023598,0.946522,-0.056553,0.316768,-8.608521,134.558762,16.126867,-0.011969,0.800524,0.244579,0.546991,-12.994373,115.697502,15.358199,0.238004,-0.350148,0.203458,-0.882811,-19.984058,120.023895,0.003166,0.220649,0.397748,-0.433446,-0.777968,-3.195228,106.885101,-13.022650,0.335862,0.452445,-0.342658,-0.751715,2.755186,123.313843,-4.757580,-0.140588,0.901338,0.188391,0.363778,-9.101830,115.273140,21.269762,0.324101,0.866994,0.134181,-0.353944,3.016914,117.299942,33.613930,-0.089432,0.214202,0.503680,-0.832121,16.492012,105.632675,16.107891,0.033958,0.014754,0.463970,-0.885077,8.443177,123.233673,10.758800,0.077539,0.874939,0.075526,0.471981,-10.283802,87.446716,6.177801,0.068666,0.875138,-0.097377,0.468973,-12.683880,51.046349,-1.476570,-0.039383,0.917669,0.040970,0.393261,-22.688147,5.091887,3.538452,-0.089277,0.870418,-0.079989,0.477498,-0.269807,87.011574,20.803276,-0.011707,0.861250,-0.089787,0.500050,2.675861,50.808918,29.171503,-0.038288,0.803356,0.048511,0.592284,-0.617516,4.287040,37.040215,-0.039383,0.917669,0.040970,0.393261,-12.530835,0.778510,-5.856484,-0.038288,0.803356,0.048511,0.592284,12.673431,0.208222,32.946922
21,0.175000,-0.007037,0.883624,0.039900,0.466441,-5.289144,87.227119,13.487032,-0.065379,0.868807,0.134278,0.472090,-5.650139,94.472794,13.951908,-0.026451,0.872991,0.111839,0.474004,-8.686771,106.541611,16.119543,0.016313,0.915932,-0.060596,0.396398,-10.969213,121.141075,18.671680,0.023270,0.946443,-0.056764,0.316990,-8.614463,134.554321,16.121243,-0.011938,0.800516,0.244618,0.546986,-13.002406,115.693855,15.356829,0.238329,-0.350087,0.203248,-0.882796,-19.992338,120.021820,0.002348,0.220647,0.397577,-0.433767,-0.777878,-3.197090,106.887505,-13.019716,0.335620,0.452446,-0.342836,-0.751741,2.747421,123.321739,-4.764456,-0.140548,0.901255,0.188527,0.363928,-9.107879,115.269539,21.267090,0.324168,0.866942,0.134150,-0.354019,3.007463,117.291962,33.615322,-0.089536,0.214136,0.503764,-0.832076,16.477724,105.622612,16.106956,0.033818,0.014743,0.464220,-0.884952,8.430393,123.227837,10.762362,0.077490,0.874962,0.075570,0.471939,-10.295965,87.446854,6.174239,0.068603,0.875206,-0.097333,0.468865,-12.691649,51.046417,-1.481202,-0.039234,0.917641,0.041014,0.393338,-22.688234,5.090344,3.534352,-0.089260,0.870530,-0.079999,0.477294,-0.282322,87.007385,20.799824,-0.011792,0.861511,-0.089805,0.499594,2.663842,50.804626,29.167444,-0.038275,0.803432,0.048434,0.592188,-0.619248,4.283235,37.043327,-0.039234,0.917641,0.041014,0.393338,-12.530592,0.776427,-5.859982,-0.038275,0.803432,0.048434,0.592188,12.670265,0.202462,32.947330
22,0.183333,-0.007009,0.883625,0.039969,0.466433,-5.298438,87.225853,13.481796,-0.065321,0.868728,0.134521,0.472176,-5.659530,94.471451,13.947757,-0.026406,0.872915,0.111847,0.474145,-8.698071,106.539383,16.121103,0.016178,0.915891,-0.060748,0.396473,-10.979862,121.138855,18.673723,0.023137,0.946427,-0.057018,0.317000,-8.626538,134.551407,16.118347,-0.012005,0.800404,0.244675,0.547123,-13.012570,115.692116,15.357804,0.238634,-0.350035,0.203053,-0.882779,-19.997210,120.020508,0.001045,0.220616,0.397430,-0.434102,-0.777775,-3.196192,106.890236,-13.017635,0.335428,0.452411,-0.343154,-0.751703,2.741825,123.331688,-4.770414,-0.140463,0.901226,0.188472,0.364061,-9.119902,115.266930,21.269228,0.324279,0.866900,0.134596,-0.353851,2.992890,117.286392,33.620434,-0.089506,0.214151,0.503828,-0.832037,16.465500,105.619667,16.112133,0.033603,0.014839,0.464247,-0.884944,8.421831,123.224197,10.767545,0.077532,0.874954,0.075538,0.471951,-10.305396,87.446602,6.169129,0.068468,0.875187,-0.097320,0.468923,-12.704833,51.046276,-1.485652,-0.040041,0.917685,0.040620,0.393193,-22.690041,5.088201,3.534219,-0.089207,0.870539,-0.080000,0.477288,-0.291479,87.005112,20.794464,-0.011985,0.861395,-0.089781,0.499795,2.651250,50.801647,29.160255,-0.038687,0.803458,0.048315,0.592135,-0.616795,4.280284,37.042553,-0.040041,0.917685,0.040620,0.393193,-12.529215,0.773374,-5.856250,-0.038687,0.803458,0.048315,0.592135,12.674588,0.203682,32.948483
23,0.191667,-0.006981,0.883622,0.040069,0.466431,-5.308646,87.227722,13.478271,-0.065192,0.868689,0.134578,0.472248,-5.670053,94.473206,13.945696,-0.026372,0.872856,0.111873,0.474247,-8.706063,106.538979,16.121178,0.016096,0.915820,-0.060836,0.396628,-10.987624,121.138336,18.674706,0.022866,0.946360,-0.057197,0.317187,-8.634740,134.550507,16.116899,-0.012011,0.800377,0.244711,0.547145,-13.019885,115.692017,15.357799,0.238881,-0.349944,0.202867,-0.882791,-20.003656,120.021141,0.000851,0.220621,0.397296,-0.434421,-0.777663,-3.195700,106.895706,-13.013740,0.335338,0.452471,-0.343474,-0.751561,2.735624,123.343613,-4.775201,-0.140494,0.901156,0.188536,0.364190,-9.128575,115.266052,21.270058,0.324280,0.866903,0.134809,-0.353763,2.980648,117.284462,33.624935,-0.089596,0.214141,0.503802,-0.832046,16.456329,105.620804,16.116959,0.033384,0.015000,0.464405,-0.884866,8.411762,123.224617,10.774601,0.077475,0.875004,0.075570,0.471863,-10.315655,87.449722,6.165677,0.068387,0.875263,-0.097333,0.468790,-12.711021,51.049103,-1.488969,-0.039842,0.917684,0.040695,0.393209,-22.689444,5.090237,3.537124,-0.089270,0.870623,-0.079975,0.477128,-0.301637,87.005714,20.790863,-0.012036,0.861310,-0.089873,0.499923,2.647642,50.802803,29.156685,-0.037573,0.803458,0.049224,0.592132,-0.621872,4.283124,37.048317,-0.039842,0.917684,0.040695,0.393209,-12.529880,0.775065,-5.854545,-0.037573,0.803458,0.049224,0.592132,12.665853,0.208444,32.940479
24,0.200000,-0.007061,0.883644,0.040259,0.466373,-5.315370,87.229836,13.473143,-0.065385,0.868635,0.134817,0.472252,-5.679059,94.475090,13.942483,-0.026225,0.872847,0.111911,0.474265,-8.722106,106.538605,16.120737,0.016163,0.915835,-0.060886,0.396583,-11.000395,121.137939,18.677292,0.022703,0.946396,-0.057462,0.317046,-8.645500,134.549622,16.118797,-0.012030,0.800244,0.244681,0.547353,-13.033867,115.692772,15.359243,0.239023,-0.349837,0.202747,-0.882823,-20.009703,120.022644,-0.001101,0.220522,0.397061,-0.434819,-0.777589,-3.195575,106.900963,-13.011521,0.335126,0.452412,-0.343745,-0.751567,2.729793,123.356773,-4.782557,-0.140404,0.901142,0.188501,0.364278,-9.142677,115.264702,21.271431,0.324167,0.866959,0.134959,-0.353672,2.965195,117.280090,33.628128,-0.089825,0.214187,0.503818,-0.831999,16.447767,105.622482,16.121422,0.033273,0.015061,0.464311,-0.884919,8.404702,123.228004,10.782608,0.077575,0.874956,0.075516,0.471945,-10.323315,87.452110,6.161198,0.068231,0.875163,-0.097343,0.468997,-12.726405,51.052052,-1.493666,-0.039368,0.917617,0.041038,0.393376,-22.693548,5.091345,3.537979,-0.089303,0.870554,-0.080086,0.477229,-0.307425,87.007561,20.785088,-0.012132,0.861286,-0.089694,0.499995,2.639021,50.806408,29.159540,-0.038167,0.803354,0.049024,0.592251,-0.614774,4.283914,37.041050,-0.039368,0.917617,0.041038,0.393376,-12.533861,0.779571,-5.855124,-0.038167,0.803354,0.049024,0.592251,12.677450,0.214598,32.942467
25,0.208333,-0.007125,0.883650,0.040397,0.466348,-5.323071,87.231178,13.468096,-0.065450,0.868615,0.134890,0.472259,-5.688511,94.476250,13.938792,-0.026186,0.872834,0.111990,0.474271,-8.733219,106.536613,16.117342,0.016293,0.915824,-0.060901,0.396600,-11.011633,121.135483,18.676474,0.022418,0.946403,-0.057749,0.316993,-8.653273,134.546768,16.119116,-0.012059,0.800114,0.244781,0.547499,-13.045033,115.690887,15.357433,0.239400,-0.349758,0.202555,-0.882796,-20.015280,120.023117,-0.004782,0.220562,0.396926,-0.435196,-0.777436,-3.194487,106.904564,-13.009737,0.334934,0.452457,-0.343920,-0.751546,2.722276,123.368324,-4.791152,-0.140213,0.900972,0.187894,0.365084,-9.153903,115.261795,21.269585,0.324014,0.867036,0.135344,-0.353477,2.935342,117.272781,33.645218,-0.089793,0.214604,0.503835,-0.831885,16.429752,105.626022,16.140409,0.033134,0.015110,0.464404,-0.884874,8.395947,123.227928,10.789019,0.077681,0.874871,0.075481,0.472089,-10.331411,87.453583,6.156426,0.068038,0.874835,-0.097436,0.469618,-12.741301,51.054348,-1.500254,-0.039915,0.917630,0.040647,0.393331,-22.700235,5.092874,3.540613,-0.089300,0.870632,-0.080129,0.477080,-0.314731,87.008774,20.779764,-0.012242,0.861209,-0.089672,0.500128,2.631365,50.808098,29.156399,-0.038128,0.803335,0.049065,0.592277,-0.613634,4.285470,37.040756,-0.039915,0.917630,0.040647,0.393331,-12.537691,0.777392,-5.847693,-0.038128,0.803335,0.049065,0.592277,12.678761,0.216409,32.942478
26,0.216667,-0.006955,0.883566,0.040304,0.466518,-5.342133,87.228271,13.464017,-0.065277,0.868566,0.134852,0.472384,-5.704852,94.473495,13.934591,-0.026204,0.872772,0.111962,0.474390,-8.744697,106.530907,16.113306,0.016255,0.915847,-0.060666,0.396586,-11.023544,121.129929,18.671143,0.022392,0.946462,-0.058033,0.316767,-8.668704,134.542847,16.119087,-0.011960,0.800045,0.244774,0.547605,-13.056140,115.685226,15.351801,0.239755,-0.349638,0.202371,-0.882790,-20.022436,120.021034,-0.011200,0.220609,0.396722,-0.435605,-0.777298,-3.193709,106.905914,-13.009360,0.334891,0.452424,-0.344377,-0.751375,2.715764,123.379135,-4.803043,-0.140146,0.900873,0.187870,0.365367,-9.166626,115.256332,21.265034,0.323947,0.867106,0.135342,-0.353367,2.916092,117.263176,33.647717,-0.090015,0.214630,0.503901,-0.831815,16.416559,105.617401,16.146917,0.033165,0.014942,0.463782,-0.885202,8.386425,123.220848,10.800352,0.077641,0.874926,0.075461,0.471998,-10.347706,87.452690,6.150513,0.067895,0.874690,-0.097315,0.469933,-12.756571,51.052773,-1.503209,-0.039996,0.917568,0.040737,0.393458,-22.700272,5.087218,3.530555,-0.089413,0.870630,-0.080023,0.477079,-0.336560,87.003860,20.777521,-0.012389,0.861300,-0.089736,0.499957,2.620592,50.803406,29.151249,-0.037673,0.803428,0.049377,0.592153,-0.613948,4.282215,37.048401,-0.039996,0.917568,0.040737,0.393458,-12.534157,0.775008,-5.855391,-0.037673,0.803428,0.049377,0.592153,12.675449,0.212616,32.940929
27,0.225000,-0.006749,0.883517,0.040204,0.466622,-5.360116,87.224472,13.457335,-0.065148,0.868547,0.134906,0.472421,-5.719569,94.469849,13.927984,-0.026111,0.872768,0.111937,0.474409,-8.757016,106.526009,16.109072,0.016090,0.915923,-0.060590,0.396428,-11.033124,121.125343,18.667551,0.022434,0.946560,-0.058265,0.316427,-8.683872,134.539124,16.114929,-0.012699,0.799019,0.245725,0.548658,-13.066700,115.681183,15.347921,0.239874,-0.349591,0.202633,-0.882715,-19.992121,120.023987,-0.031570,0.220357,0.396933,-0.436412,-0.776808,-3.167078,106.896507,-13.022012,0.334597,0.452501,-0.344531,-0.751389,2.710208,123.387993,-4.817339,-0.140329,0.900930,0.188421,0.364869,-9.177369,115.251266,21.261198,0.324184,0.867052,0.135206,-0.353334,2.916199,117.260406,33.632904,-0.090355,0.214407,0.503991,-0.831780,16.410168,105.602661,16.135075,0.032832,0.015153,0.463869,-0.885166,8.378946,123.212563,10.802886,0.077599,0.874884,0.075439,0.472086,-10.364012,87.451370,6.142761,0.067756,0.874774,-0.097238,0.469813,-12.770136,51.050713,-1.508305,-0.039845,0.917560,0.040857,0.393481,-22.698338,5.081958,3.526812,-0.089518,0.870609,-0.079941,0.477112,-0.356220,86.997574,20.771908,-0.012526,0.861293,-0.089690,0.499973,2.610328,50.797558,29.144161,-0.037137,0.803475,0.049682,0.592098,-0.610950,4.275900,37.043972,-0.039845,0.917560,0.040857,0.393481,-12.532764,0.771082,-5.860330,-0.037137,0.803475,0.049682,0.592098,12.675515,0.204279,32.929031
28,0.233333,-0.006634,0.883456,0.040216,0.466738,-5.375076,87.221840,13.451101,-0.065039,0.868491,0.134993,0.472515,-5.733189,94.467232,13.922641,-0.026075,0.872720,0.111904,0.474508,-8.769003,106.521156,16.106209,0.015989,0.915956,-0.060505,0.396368,-11.043997,121.120773,18.664110,0.022441,0.946630,-0.058449,0.316183,-8.698423,134.535355,16.112242,-0.012710,0.798941,0.245636,0.548812,-13.077486,115.676811,15.344082,0.240249,-0.349500,0.202429,-0.882696,-19.997030,120.018997,-0.038233,0.220308,0.396600,-0.436947,-0.776692,-3.164661,106.895271,-13.022980,0.334050,0.452687,-0.344658,-0.751462,2.704955,123.397705,-4.833610,-0.140038,0.900756,0.187704,0.365779,-9.189461,115.246498,21.258188,0.324035,0.867112,0.135213,-0.353320,2.883793,117.248825,33.650829,-0.090487,0.215082,0.504069,-0.831544,16.383070,105.596565,16.153429,0.032474,0.015307,0.464172,-0.885017,8.367711,123.205582,10.804352,0.077513,0.874896,0.075463,0.472074,-10.377080,87.450737,6.135294,0.067707,0.874992,-0.097160,0.469430,-12.776874,51.049362,-1.514362,-0.040102,0.917552,0.040789,0.393480,-22.695444,5.078560,3.521022,-0.089577,0.870670,-0.079874,0.477002,-0.373071,86.992950,20.766909,-0.012668,0.861318,-0.089716,0.499921,2.600786,50.792919,29.136536,-0.037372,0.803565,0.049540,0.591974,-0.609741,4.272038,37.045288,-0.040102,0.917552,0.040789,0.393480,-12.527781,0.768884,-5.864411,-0.037372,0.803565,0.049540,0.591974,12.676483,0.201114,32.928879
29,0.241667,-0.006562,0.883408,0.040263,0.466825,-5.389669,87.222076,13.444221,-0.064984,0.868463,0.134997,0.472572,-5.747231,94.467422,13.916823,-0.026153,0.872682,0.111979,0.474556,-8.782078,106.521652,16.100994,0.016291,0.915929,-0.060590,0.396407,-11.060308,121.120644,18.659582,0.022277,0.946646,-0.058548,0.316129,-8.706117,134.533966,16.109081,-0.012622,0.798845,0.245550,0.548992,-13.092277,115.676514,15.338916,0.240623,-0.349354,0.202406,-0.882658,-20.005005,120.021072,-0.045794,0.220339,0.396104,-0.437536,-0.776604,-3.167087,106.893959,-13.019917,0.333531,0.452809,-0.344770,-0.751568,2.697661,123.408447,-4.852527,-0.140013,0.900672,0.187601,0.366050,-9.204951,115.246567,21.253510,0.324321,0.867061,0.136103,-0.352841,2.861635,117.247238,33.652912,-0.090087,0.214924,0.504128,-0.831593,16.368525,105.595848,16.160818,0.032382,0.015296,0.464845,-0.884668,8.354083,123.200974,10.809589,0.077481,0.874869,0.075407,0.472138,-10.390256,87.452553,6.127495,0.067603,0.875149,-0.097085,0.469168,-12.789434,51.050186,-1.517600,-0.039844,0.917558,0.040917,0.393479,-22.694595,5.076659,3.519274,-0.089609,0.870674,-0.079908,0.476983,-0.389083,86.991592,20.760948,-0.012783,0.861353,-0.089666,0.499868,2.585770,50.792389,29.133774,-0.037892,0.803593,0.048674,0.591975,-0.612508,4.270944,37.044163,-0.039844,0.917558,0.040917,0.393479,-12.528893,0.767286,-5.868420,-0.037892,0.803593,0.048674,0.591975,12.673280,0.189199,32.937061
30,0.250000,-0.006603,0.883311,0.040357,0.467000,-5.401706,87.222557,13.437501,-0.064825,0.868327,0.135145,0.472802,-5.760521,94.467789,13.910945,-0.026112,0.872535,0.111970,0.474830,-8.793731,106.519661,16.099062,0.016395,0.915900,-0.060606,0.396466,-11.071575,121.118782,18.657265,0.022116,0.946718,-0.058592,0.315915,-8.714401,134.531769,16.107746,-0.012560,0.798702,0.245632,0.549166,-13.102242,115.675148,15.334985,0.241402,-0.349324,0.202148,-0.882516,-20.008383,120.024551,-0.051314,0.220547,0.395577,-0.438087,-0.776504,-3.164205,106.897011,-13.016870,0.333108,0.452876,-0.344948,-0.751634,2.698606,123.426559,-4.874302,-0.140012,0.900611,0.187710,0.366145,-9.218583,115.244278,21.251917,0.324312,0.867080,0.136220,-0.352759,2.845595,117.242599,33.654034,-0.090523,0.214964,0.504096,-0.831555,16.355690,105.592834,16.163334,0.031962,0.015946,0.464964,-0.884609,8.340812,123.199638,10.819924,0.077506,0.874812,0.075328,0.472252,-10.399376,87.453300,6.118794,0.067447,0.874870,-0.097198,0.469686,-12.802020,51.050331,-1.522378,-0.039869,0.917522,0.040988,0.393552,-22.702301,5.076888,3.524940,-0.089752,0.870695,-0.079876,0.476923,-0.404036,86.991814,20.756207,-0.012849,0.861230,-0.089723,0.500067,2.581697,50.794147,29.131824,-0.037142,0.803597,0.049500,0.591947,-0.615747,4.273829,37.049191,-0.039869,0.917522,0.040988,0.393552,-12.534693,0.769644,-5.861662,-0.037142,0.803597,0.049500,0.591947,12.668360,0.198195,32.930618
31,0.258333,-0.006629,0.883249,0.040461,0.467108,-5.409750,87.223244,13.430145,-0.064868,0.868249,0.135184,0.472928,-5.769658,94.468346,13.904717,-0.026031,0.872468,0.111994,0.474952,-8.804974,106.521378,16.092985,0.016522,0.915854,-0.060611,0.396566,-11.081381,121.120468,18.652657,0.021948,0.946708,-0.058562,0.315964,-8.720558,134.533112,16.104799,-0.012547,0.798618,0.245594,0.549304,-13.111975,115.677597,15.329088,0.241842,-0.349226,0.202116,-0.882441,-20.012825,120.027855,-0.059344,0.220497,0.395069,-0.438841,-0.776350,-3.164588,106.895981,-13.015230,0.332495,0.452989,-0.345226,-0.751710,2.688368,123.441078,-4.895531,-0.140151,0.900646,0.188442,0.365628,-9.229900,115.245331,21.246962,0.324532,0.867023,0.136555,-0.352566,2.846100,117.242256,33.637794,-0.090818,0.214521,0.504109,-0.831629,16.355865,105.588425,16.149546,0.031607,0.016335,0.465275,-0.884451,8.332779,123.200500,10.825541,0.077536,0.874771,0.075213,0.472341,-10.405638,87.454536,6.110237,0.067333,0.874897,-0.097167,0.469659,-12.813550,51.050613,-1.524734,-0.040186,0.917531,0.040936,0.393505,-22.702990,5.075157,3.525466,-0.089793,0.870659,-0.079973,0.476964,-0.413863,86.991951,20.750055,-0.012969,0.861283,-0.089563,0.500001,2.570633,50.795982,29.133469,-0.037175,0.803497,0.049659,0.592068,-0.608852,4.273257,37.043888,-0.040186,0.917531,0.040936,0.393505,-12.533611,0.770170,-5.860258,-0.037175,0.803497,0.049659,0.592068,12.677471,0.201748,32.928375
32,0.266667,-0.006572,0.883159,0.040510,0.467276,-5.423190,87.223312,13.423100,-0.064819,0.868132,0.135266,0.473127,-5.782794,94.468361,13.898606,-0.025944,0.872360,0.111927,0.475171,-8.818367,106.520416,16.088442,0.016577,0.915837,-0.060601,0.396605,-11.092217,121.120087,18.647066,0.021870,0.946766,-0.058528,0.315802,-8.729969,134.532684,16.100206,-0.012558,0.798552,0.245591,0.549401,-13.122657,115.677734,15.322542,0.242561,-0.349175,0.201915,-0.882310,-20.019800,120.028496,-0.067405,0.220680,0.394502,-0.439492,-0.776219,-3.165735,106.894913,-13.013957,0.331903,0.453229,-0.345125,-0.751873,2.682629,123.455750,-4.921737,-0.140121,0.900548,0.188326,0.365942,-9.243461,115.244469,21.242228,0.324517,0.867081,0.136639,-0.352405,2.824847,117.239380,33.640881,-0.091032,0.214779,0.504150,-0.831514,16.340763,105.585655,16.157318,0.031308,0.016616,0.465735,-0.884214,8.324331,123.198387,10.830581,0.077555,0.874694,0.075108,0.472499,-10.416302,87.456017,6.101344,0.067227,0.874896,-0.097150,0.469680,-12.827769,51.051140,-1.527941,-0.040105,0.917473,0.041066,0.393634,-22.707817,5.074018,3.525439,-0.089835,0.870524,-0.079909,0.477212,-0.430078,86.990601,20.744858,-0.013175,0.861034,-0.089520,0.500432,2.557033,50.794430,29.126438,-0.037697,0.803492,0.049464,0.592059,-0.607616,4.271474,37.041485,-0.040105,0.917473,0.041066,0.393634,-12.536198,0.771458,-5.858967,-0.037697,0.803492,0.049464,0.592059,12.681418,0.204213,32.930546
33,0.275000,-0.006402,0.883079,0.040384,0.467439,-5.440851,87.220505,13.417175,-0.064836,0.867989,0.135328,0.473368,-5.797497,94.465736,13.892162,-0.025840,0.872222,0.111911,0.475434,-8.834871,106.517731,16.082338,0.016607,0.915864,-0.060688,0.396527,-11.106544,121.117661,18.641378,0.021903,0.946909,-0.058431,0.315386,-8.742934,134.529617,16.092390,-0.012502,0.798468,0.245520,0.549556,-13.136448,115.676208,15.315066,0.243272,-0.349112,0.201775,-0.882172,-20.027712,120.028519,-0.077082,0.220807,0.393877,-0.440182,-0.776108,-3.168608,106.890869,-13.012965,0.331556,0.453130,-0.345712,-0.751816,2.675239,123.467064,-4.949299,-0.140018,0.900526,0.188385,0.366003,-9.260721,115.241287,21.236902,0.324599,0.867092,0.136635,-0.352302,2.807020,117.231712,33.636829,-0.091378,0.214936,0.504232,-0.831386,16.323896,105.573486,16.157007,0.030839,0.016944,0.466200,-0.883979,8.312778,123.191452,10.832966,0.077426,0.874644,0.075160,0.472604,-10.431298,87.454971,6.093656,0.067202,0.875034,-0.097139,0.469429,-12.831677,51.049187,-1.534811,-0.040126,0.917462,0.041057,0.393660,-22.707739,5.071542,3.521662,-0.089966,0.870420,-0.079810,0.477395,-0.450404,86.986038,20.740696,-0.013230,0.861226,-0.089643,0.500079,2.546941,50.790440,29.121130,-0.037084,0.803584,0.049725,0.591950,-0.615781,4.269698,37.049950,-0.040126,0.917462,0.041057,0.393660,-12.535431,0.769008,-5.862014,-0.037084,0.803584,0.049725,0.591950,12.669027,0.198153,32.929581
34,0.283333,-0.006259,0.882954,0.040215,0.467692,-5.460352,87.217010,13.409681,-0.064758,0.867942,0.135286,0.473477,-5.814149,94.462463,13.883374,-0.025713,0.872203,0.111858,0.475488,-8.849854,106.515907,16.073380,0.016692,0.915888,-0.060685,0.396470,-11.117613,121.116402,18.632721,0.021907,0.946971,-0.058281,0.315230,-8.752163,134.528183,16.084513,-0.012486,0.798505,0.245238,0.549628,-13.148767,115.675629,15.306044,0.244070,-0.348958,0.201546,-0.882064,-20.037268,120.023582,-0.088567,0.220984,0.393215,-0.440974,-0.775945,-3.168157,106.885056,-13.010505,0.331137,0.453135,-0.346189,-0.751778,2.669187,123.480072,-4.978556,-0.139949,0.900419,0.188314,0.366329,-9.273685,115.239403,21.228205,0.324656,0.867138,0.136521,-0.352181,2.786416,117.225883,33.636189,-0.091590,0.215183,0.504337,-0.831235,16.305681,105.561615,16.162264,0.030534,0.017016,0.466745,-0.883701,8.302591,123.183800,10.835645,0.077327,0.874647,0.075168,0.472614,-10.446644,87.452507,6.083368,0.067127,0.875080,-0.097116,0.469358,-12.840262,51.045670,-1.542171,-0.040194,0.917434,0.041056,0.393717,-22.708731,5.066645,3.516544,-0.090041,0.870405,-0.079736,0.477420,-0.474060,86.981514,20.735994,-0.013393,0.861315,-0.089649,0.499920,2.530534,50.786060,29.114428,-0.038141,0.803708,0.048662,0.591803,-0.617752,4.265836,37.052002,-0.040194,0.917434,0.041056,0.393717,-12.534660,0.764884,-5.865571,-0.038141,0.803708,0.048662,0.591803,12.668048,0.187933,32.941151
35,0.291667,-0.006197,0.882848,0.040200,0.467895,-5.473588,87.217186,13.402475,-0.064656,0.867892,0.135319,0.473574,-5.826605,94.462677,13.876314,-0.025685,0.872172,0.111782,0.475564,-8.859717,106.512383,16.067223,0.016704,0.915905,-0.060698,0.396428,-11.125869,121.113434,18.624811,0.021865,0.947037,-0.058039,0.315079,-8.760153,134.525101,16.076254,-0.012466,0.798430,0.245165,0.549771,-13.157244,115.672623,15.298329,0.244813,-0.348963,0.201305,-0.881911,-20.040312,120.020988,-0.098597,0.221012,0.392645,-0.441741,-0.775789,-3.166555,106.881592,-13.013590,0.330606,0.453134,-0.346715,-0.751770,2.662245,123.493454,-5.007702,-0.139907,0.900303,0.188243,0.366669,-9.283165,115.236427,21.221149,0.324921,0.867022,0.136300,-0.352308,2.768672,117.219711,33.637672,-0.091778,0.215470,0.504859,-0.830823,16.274914,105.542824,16.162086,0.030346,0.016661,0.467314,-0.883413,8.297190,123.178391,10.834664,0.077332,0.874544,0.075057,0.472820,-10.456518,87.453682,6.073906,0.067006,0.875220,-0.097009,0.469137,-12.852626,51.045654,-1.545197,-0.040171,0.917448,0.041094,0.393684,-22.705194,5.063131,3.512730,-0.090074,0.870421,-0.079690,0.477392,-0.490658,86.980698,20.731045,-0.013478,0.861380,-0.089669,0.499802,2.518030,50.785137,29.107529,-0.036869,0.803682,0.049162,0.591878,-0.623227,4.265478,37.051193,-0.040171,0.917448,0.041094,0.393684,-12.531875,0.762072,-5.870523,-0.036869,0.803682,0.049162,0.591878,12.656577,0.177747,32.930714
36,0.300000,-0.006164,0.882750,0.040191,0.468080,-5.488702,87.218689,13.394281,-0.064549,0.867800,0.135279,0.473768,-5.841335,94.464195,13.868159,-0.025632,0.872066,0.111793,0.475758,-8.871855,106.513359,16.058630,0.016778,0.915867,-0.060923,0.396478,-11.137356,121.114410,18.616755,0.021861,0.947074,-0.057645,0.315039,-8.767184,134.524429,16.063667,-0.012528,0.798297,0.245280,0.549911,-13.167962,115.674194,15.288848,0.245625,-0.348998,0.201044,-0.881731,-20.045597,120.024277,-0.110018,0.221006,0.392069,-0.442536,-0.775629,-3.167801,106.883621,-13.018443,0.329862,0.453206,-0.347247,-0.751808,2.651246,123.511383,-5.039038,-0.139834,0.900211,0.188295,0.366895,-9.296457,115.236923,21.213272,0.325009,0.867003,0.136231,-0.352301,2.750299,117.215332,33.635502,-0.092289,0.215626,0.505070,-0.830598,16.253931,105.533684,16.161083,0.029845,0.016943,0.467788,-0.883174,8.287530,123.176613,10.841582,0.077233,0.874490,0.075002,0.472945,-10.468571,87.455765,6.063650,0.066955,0.875326,-0.096983,0.468952,-12.859109,51.045982,-1.548801,-0.040236,0.917426,0.041131,0.393724,-22.705320,5.062351,3.511376,-0.090130,0.870367,-0.079748,0.477470,-0.508834,86.981613,20.724913,-0.013644,0.861489,-0.089474,0.499646,2.500605,50.787491,29.107363,-0.037613,0.803591,0.048826,0.591983,-0.616410,4.264951,37.043701,-0.040236,0.917426,0.041131,0.393724,-12.530506,0.762984,-5.871033,-0.037613,0.803591,0.048826,0.591983,12.668183,0.182009,32.933937
37,0.308333,-0.006299,0.882633,0.040325,0.468288,-5.496197,87.220863,13.387558,-0.064484,0.867671,0.135230,0.474027,-5.851582,94.466187,13.862148,-0.025688,0.871906,0.111824,0.476041,-8.880702,106.515594,16.051405,0.016873,0.915855,-0.060750,0.396528,-11.148946,121.116348,18.608789,0.021880,0.947164,-0.057453,0.314801,-8.778043,134.527283,16.061188,-0.012444,0.798165,0.245296,0.550098,-13.176970,115.676163,15.279267,0.246365,-0.349026,0.200931,-0.881539,-20.047533,120.030556,-0.121543,0.220924,0.391320,-0.443453,-0.775507,-3.168461,106.883530,-13.021811,0.328790,0.453359,-0.347604,-0.752020,2.642265,123.530182,-5.072644,-0.139674,0.900094,0.188137,0.367323,-9.309328,115.238869,21.206217,0.325191,0.866950,0.137278,-0.351858,2.728050,117.210915,33.638554,-0.092071,0.215176,0.505073,-0.830737,16.241377,105.537651,16.166023,0.029487,0.016883,0.469424,-0.882319,8.268747,123.176765,10.856899,0.077278,0.874358,0.074884,0.473201,-10.472581,87.457108,6.054530,0.066831,0.875262,-0.097006,0.469085,-12.868039,51.046532,-1.552590,-0.040369,0.917422,0.041206,0.393711,-22.705830,5.061751,3.513585,-0.090235,0.870114,-0.079741,0.477914,-0.519814,86.984619,20.720587,-0.013744,0.861112,-0.089511,0.500285,2.492352,50.791836,29.107803,-0.036837,0.803570,0.049391,0.592013,-0.624123,4.270172,37.049492,-0.040369,0.917422,0.041206,0.393711,-12.529844,0.765784,-5.869115,-0.036837,0.803570,0.049391,0.592013,12.657917,0.187047,32.931641
38,0.316667,-0.006357,0.882498,0.040593,0.468519,-5.508705,87.224380,13.380091,-0.064510,0.867563,0.135206,0.474229,-5.866786,94.469383,13.857629,-0.025481,0.871822,0.111861,0.476199,-8.896202,106.516945,16.045012,0.016995,0.915841,-0.061088,0.396504,-11.160008,121.117767,18.605911,0.021804,0.947234,-0.057005,0.314679,-8.782549,134.526199,16.051218,-0.012403,0.797983,0.245298,0.550362,-13.188956,115.679260,15.274199,0.247046,-0.349083,0.200822,-0.881351,-20.049438,120.037170,-0.130111,0.220692,0.390426,-0.444492,-0.775429,-3.170159,106.884239,-13.024092,0.327553,0.453382,-0.348112,-0.752311,2.632392,123.550949,-5.107164,-0.139628,0.900039,0.188110,0.367490,-9.323289,115.238884,21.202206,0.325291,0.866972,0.137688,-0.351550,2.710271,117.208481,33.638626,-0.092542,0.215545,0.505274,-0.830467,16.231142,105.535614,16.171661,0.028994,0.017302,0.468512,-0.882812,8.272221,123.183182,10.862324,0.077275,0.874213,0.074747,0.473490,-10.481243,87.462128,6.044506,0.066728,0.875285,-0.096972,0.469064,-12.878917,51.049984,-1.554421,-0.040433,0.917413,0.041184,0.393729,-22.706619,5.063277,3.513838,-0.090292,0.870011,-0.079782,0.478083,-0.536166,86.986633,20.715675,-0.013930,0.861012,-0.089392,0.500473,2.476509,50.795101,29.108147,-0.037646,0.803587,0.049141,0.591960,-0.620922,4.271910,37.048347,-0.040433,0.917413,0.041184,0.393729,-12.529781,0.767487,-5.868020,-0.037646,0.803587,0.049141,0.591960,12.665206,0.196568,32.935993
39,0.325000,-0.006307,0.882312,0.040482,0.468877,-5.524250,87.221230,13.372806,-0.064364,0.867449,0.135262,0.474440,-5.881120,94.466362,13.849113,-0.025360,0.871736,0.111809,0.476374,-8.908944,106.515625,16.039034,0.017075,0.915836,-0.061233,0.396488,-11.169392,121.116974,18.599899,0.021740,0.947315,-0.056614,0.314510,-8.788447,134.524246,16.042456,-0.012392,0.797907,0.245188,0.550522,-13.198728,115.679237,15.267160,0.247631,-0.349112,0.200623,-0.881221,-20.053068,120.036743,-0.139990,0.220268,0.389470,-0.445637,-0.775373,-3.170824,106.883324,-13.029581,0.326328,0.453318,-0.349392,-0.752289,2.621796,123.570778,-5.143728,-0.139553,0.899920,0.187993,0.367869,-9.335341,115.237411,21.196545,0.325525,0.866867,0.138044,-0.351454,2.689228,117.203079,33.642269,-0.092618,0.215301,0.505543,-0.830358,16.205877,105.527390,16.173931,0.028673,0.017087,0.469877,-0.882100,8.254192,123.180222,10.876536,0.077257,0.874162,0.074701,0.473595,-10.490836,87.459114,6.033197,0.066641,0.875347,-0.096997,0.468955,-12.888068,51.046257,-1.562431,-0.040390,0.917384,0.041356,0.393782,-22.709028,5.058911,3.513026,-0.090373,0.869891,-0.079698,0.478301,-0.557663,86.983345,20.712414,-0.014101,0.861070,-0.089391,0.500369,2.461136,50.791908,29.103037,-0.037721,0.803640,0.049066,0.591889,-0.621437,4.269168,37.051636,-0.040390,0.917384,0.041356,0.393782,-12.530986,0.767010,-5.869294,-0.037721,0.803640,0.049066,0.591889,12.664153,0.193368,32.938011
40,0.333333,-0.006026,0.882204,0.040419,0.469091,-5.547733,87.217278,13.365516,-0.064344,0.867381,0.135229,0.474577,-5.900691,94.462540,13.842842,-0.025160,0.871705,0.111697,0.476467,-8.927749,106.510887,16.031614,0.016934,0.915989,-0.060546,0.396247,-11.181649,121.113297,18.592216,0.021919,0.947520,-0.056609,0.313879,-8.812566,134.525421,16.049177,-0.012332,0.797828,0.244927,0.550754,-13.213060,115.676544,15.259138,0.248491,-0.349194,0.200324,-0.881014,-20.058559,120.032730,-0.152320,0.219883,0.388462,-0.446853,-0.775288,-3.173187,106.878517,-13.037011,0.324674,0.453259,-0.350049,-0.752734,2.607822,123.586700,-5.186364,-0.139657,0.899805,0.188128,0.368041,-9.350786,115.232849,21.189108,0.325720,0.866822,0.138049,-0.351380,2.668378,117.198349,33.640079,-0.093023,0.215396,0.505828,-0.830114,16.181240,105.514481,16.174278,0.028156,0.017085,0.470435,-0.881820,8.242167,123.177025,10.884730,0.077067,0.874043,0.074713,0.473843,-10.510828,87.459183,6.023676,0.066617,0.875515,-0.096917,0.468660,-12.893152,51.044266,-1.566762,-0.040304,0.917363,0.041417,0.393835,-22.706907,5.055132,3.506474,-0.090475,0.869785,-0.079660,0.478479,-0.584637,86.975372,20.707357,-0.014291,0.861109,-0.089215,0.500327,2.440376,50.784863,29.099768,-0.036106,0.803430,0.050455,0.592157,-0.617931,4.259655,37.043312,-0.040304,0.917363,0.041417,0.393835,-12.528385,0.763822,-5.875602,-0.036106,0.803430,0.050455,0.592157,12.665457,0.188326,32.918156
41,0.341667,-0.005947,0.882076,0.040378,0.469337,-5.562322,87.214127,13.357451,-0.064201,0.867186,0.135235,0.474952,-5.914124,94.459442,13.834702,-0.025060,0.871485,0.111608,0.476896,-8.938958,106.507698,16.023941,0.016971,0.915951,-0.060639,0.396320,-11.190245,121.110855,18.582605,0.021883,0.947633,-0.056175,0.313620,-8.818937,134.522278,16.037989,-0.012211,0.797800,0.244862,0.550826,-13.220389,115.674843,15.247549,0.249465,-0.349275,0.200133,-0.880750,-20.063231,120.033768,-0.164320,0.219565,0.387348,-0.448142,-0.775191,-3.176826,106.872627,-13.040596,0.322855,0.453316,-0.350703,-0.753178,2.593050,123.603691,-5.230213,-0.139524,0.899682,0.188000,0.368458,-9.363848,115.229736,21.181143,0.325700,0.866846,0.138180,-0.351290,2.645898,117.189384,33.642124,-0.093467,0.215591,0.505938,-0.829946,16.162609,105.507698,16.177847,0.027534,0.017200,0.470807,-0.881639,8.231637,123.174583,10.892835,0.077147,0.873826,0.074659,0.474240,-10.521354,87.457123,6.012901,0.066411,0.875392,-0.096935,0.468916,-12.907378,51.042522,-1.577900,-0.040419,0.917366,0.041358,0.393821,-22.706470,5.051130,3.503214,-0.090527,0.869690,-0.079575,0.478657,-0.603290,86.971130,20.702002,-0.014492,0.861059,-0.089340,0.500385,2.426431,50.780296,29.091335,-0.036904,0.803731,0.049385,0.591791,-0.621989,4.257727,37.054150,-0.040419,0.917366,0.041358,0.393821,-12.527365,0.759645,-5.878149,-0.036904,0.803731,0.049385,0.591791,12.658276,0.175574,32.929630
42,0.350000,-0.005846,0.881924,0.040380,0.469622,-5.575854,87.212715,13.349027,-0.064093,0.867039,0.135140,0.475260,-5.926528,94.458046,13.826874,-0.025016,0.871320,0.111575,0.477207,-8.948250,106.505646,16.014042,0.017009,0.915816,-0.061568,0.396487,-11.198836,121.109093,18.571686,0.021863,0.947610,-0.055206,0.313863,-8.815967,134.514313,16.005270,-0.012141,0.797723,0.244819,0.550958,-13.227597,115.673538,15.235032,0.250404,-0.349318,0.199969,-0.880504,-20.065424,120.034752,-0.178412,0.219105,0.386206,-0.449660,-0.775012,-3.177232,106.866386,-13.044932,0.320883,0.453385,-0.351587,-0.753567,2.574536,123.624542,-5.275763,-0.139464,0.899564,0.188054,0.368741,-9.375225,115.227570,21.171268,0.325662,0.866888,0.138345,-0.351156,2.627856,117.182220,33.639462,-0.093939,0.215597,0.505969,-0.829873,16.150492,105.503479,16.177792,0.026888,0.017278,0.471286,-0.881401,8.220787,123.174179,10.902860,0.077051,0.873774,0.074594,0.474360,-10.530149,87.457520,6.001339,0.066367,0.875547,-0.096903,0.468640,-12.911222,51.041103,-1.582273,-0.040392,0.917376,0.041432,0.393794,-22.703722,5.048585,3.501349,-0.090571,0.869633,-0.079693,0.478732,-0.621558,86.967903,20.696714,-0.014560,0.860816,-0.088901,0.500880,2.405998,50.779068,29.095453,-0.037125,0.803280,0.049453,0.592382,-0.620626,4.249305,37.024422,-0.040392,0.917376,0.041432,0.393794,-12.525195,0.758642,-5.881351,-0.037125,0.803280,0.049453,0.592382,12.667489,0.172338,32.920097
43,0.358333,-0.005894,0.881797,0.040441,0.469855,-5.584800,87.215881,13.341628,-0.064091,0.866862,0.135228,0.475560,-5.936624,94.461143,13.819846,-0.024926,0.871144,0.111562,0.477535,-8.960074,106.508064,16.007849,0.018104,0.915808,-0.061042,0.396536,-11.209085,121.111725,18.565613,0.021260,0.947818,-0.055172,0.313283,-8.804354,134.517822,16.024300,-0.012086,0.797591,0.244742,0.551184,-13.236711,115.677055,15.226847,0.251293,-0.349348,0.199808,-0.880275,-20.065901,120.040298,-0.189853,0.218785,0.385123,-0.451036,-0.774842,-3.175570,106.865402,-13.046871,0.319314,0.453426,-0.352411,-0.753823,2.561401,123.650299,-5.317667,-0.139340,0.899481,0.188153,0.368941,-9.388728,115.229477,21.165808,0.325672,0.866905,0.138771,-0.350936,2.610412,117.177246,33.638863,-0.094396,0.215532,0.506063,-0.829780,16.140442,105.503700,16.179457,0.026322,0.017382,0.471463,-0.881322,8.213846,123.178482,10.917433,0.077040,0.873675,0.074529,0.474555,-10.535218,87.460640,5.991327,0.066310,0.875563,-0.096960,0.468605,-12.916247,51.043365,-1.588188,-0.040664,0.917370,0.041322,0.393791,-22.706287,5.051175,3.503090,-0.090630,0.869486,-0.079702,0.478986,-0.634383,86.971123,20.691929,-0.014743,0.860987,-0.089158,0.500535,2.394167,50.783192,29.094223,-0.037618,0.803597,0.049191,0.591944,-0.626540,4.258263,37.053764,-0.040664,0.917370,0.041322,0.393791,-12.525704,0.761537,-5.877514,-0.037618,0.803597,0.049191,0.591944,12.659462,0.183574,32.940361
44,0.366667,-0.005572,0.881721,0.040330,0.470011,-5.605239,87.225510,13.335556,-0.064072,0.866717,0.135122,0.475856,-5.952264,94.470947,13.814491,-0.024819,0.870974,0.111602,0.477843,-8.972464,106.509315,15.997733,0.018000,0.915730,-0.061695,0.396622,-11.220140,121.112869,18.557278,0.021293,0.947844,-0.054355,0.313343,-8.810645,134.514908,15.999103,-0.012006,0.797466,0.244736,0.551370,-13.246655,115.679382,15.215921,0.252318,-0.349325,0.199631,-0.880031,-20.068785,120.046356,-0.202845,0.218722,0.384190,-0.452297,-0.774588,-3.174125,106.864044,-13.046583,0.318130,0.453496,-0.353009,-0.754002,2.547016,123.674858,-5.358096,-0.139278,0.899367,0.188281,0.369176,-9.402764,115.229652,21.157370,0.325776,0.866901,0.139726,-0.350471,2.590937,117.171753,33.636539,-0.094796,0.215692,0.506178,-0.829623,16.133869,105.507278,16.181072,0.025530,0.017703,0.470784,-0.881701,8.215323,123.185432,10.924047,0.076837,0.873518,0.074510,0.474880,-10.553106,87.474495,5.983681,0.066272,0.875612,-0.096944,0.468522,-12.918880,51.054680,-1.588439,-0.040329,0.917347,0.041457,0.393865,-22.704643,5.061710,3.504108,-0.090784,0.869377,-0.079697,0.479156,-0.657372,86.976524,20.687431,-0.014886,0.860859,-0.089055,0.500768,2.379553,50.790607,29.095369,-0.037605,0.803553,0.049164,0.592006,-0.626785,4.264334,37.052513,-0.040329,0.917347,0.041457,0.393865,-12.525180,0.771725,-5.877554,-0.037605,0.803553,0.049164,0.592006,12.659616,0.188839,32.941200
45,0.375000,-0.005573,0.881564,0.040375,0.470301,-5.614666,87.225533,13.328445,-0.064101,0.866532,0.135074,0.476201,-5.962165,94.470917,13.807835,-0.024767,0.870780,0.111608,0.478197,-8.982972,106.508194,15.988255,0.018277,0.915676,-0.061787,0.396718,-11.230423,121.111801,18.547787,0.021161,0.947935,-0.053876,0.313161,-8.812644,134.512573,15.990770,-0.011831,0.797381,0.244696,0.551513,-13.255137,115.679016,15.204178,0.253372,-0.349255,0.199428,-0.879802,-20.071890,120.051346,-0.215450,0.218917,0.383396,-0.453402,-0.774280,-3.170732,106.862732,-13.044167,0.317653,0.453647,-0.353961,-0.753666,2.536465,123.700966,-5.395204,-0.139278,0.899260,0.188283,0.369436,-9.416002,115.227982,21.148603,0.325800,0.866934,0.139916,-0.350290,2.571012,117.167839,33.634548,-0.095330,0.215738,0.506317,-0.829465,16.119490,105.503845,16.183060,0.024878,0.017707,0.471096,-0.881553,8.207191,123.188721,10.937115,0.076958,0.873442,0.074273,0.475037,-10.557707,87.475105,5.973341,0.066096,0.875508,-0.096871,0.468757,-12.938473,51.054047,-1.588082,-0.040217,0.917326,0.041631,0.393906,-22.707876,5.057531,3.503816,-0.090800,0.869112,-0.079640,0.479644,-0.671625,86.975960,20.683548,-0.015209,0.860657,-0.089111,0.501096,2.363662,50.789597,29.090124,-0.038756,0.803840,0.048659,0.591585,-0.622049,4.265195,37.065929,-0.040217,0.917326,0.041631,0.393906,-12.528072,0.770695,-5.878918,-0.038756,0.803840,0.048659,0.591585,12.665974,0.197396,32.952232
46,0.383333,-0.005407,0.881349,0.040235,0.470718,-5.632905,87.219070,13.320934,-0.063950,0.866415,0.134903,0.476484,-5.977557,94.464645,13.799500,-0.024711,0.870665,0.111513,0.478431,-8.994168,106.505051,15.977425,0.018421,0.915690,-0.061661,0.396699,-11.239509,121.109367,18.534714,0.021142,0.948055,-0.053469,0.312867,-8.819577,134.510620,15.982296,-0.010898,0.798405,0.243499,0.550581,-13.263786,115.676811,15.190479,0.254632,-0.349024,0.198813,-0.879669,-20.117071,120.043755,-0.214466,0.219272,0.382028,-0.454298,-0.774330,-3.195629,106.864441,-13.025965,0.317064,0.453436,-0.354926,-0.753587,2.519083,123.719635,-5.433110,-0.139166,0.899090,0.188281,0.369891,-9.427794,115.225311,21.136896,0.326017,0.866852,0.140263,-0.350152,2.548561,117.157890,33.634186,-0.095845,0.215846,0.506586,-0.829214,16.094839,105.490944,16.182966,0.024088,0.017955,0.471274,-0.881475,8.195199,123.184875,10.947054,0.076898,0.873297,0.074225,0.475320,-10.569019,87.470375,5.961245,0.066037,0.875660,-0.096854,0.468485,-12.945180,51.048100,-1.595752,-0.040297,0.917305,0.041770,0.393932,-22.707418,5.050537,3.500425,-0.090912,0.868979,-0.079603,0.479868,-0.696789,86.967766,20.680624,-0.015398,0.860516,-0.088999,0.501352,2.344899,50.782490,29.089569,-0.038787,0.803831,0.048823,0.591580,-0.622490,4.256755,37.064423,-0.040297,0.917305,0.041770,0.393932,-12.525958,0.768158,-5.882543,-0.038787,0.803831,0.048823,0.591580,12.666500,0.193160,32.949703
47,0.391667,-0.005275,0.881162,0.040241,0.471069,-5.646666,87.215515,13.310313,-0.063852,0.866257,0.134986,0.476760,-5.989857,94.461113,13.789723,-0.024574,0.870533,0.111482,0.478685,-9.006000,106.501175,15.969642,0.019353,0.915651,-0.061515,0.396768,-11.248059,121.105896,18.527452,0.020483,0.948201,-0.053162,0.312522,-8.806200,134.505844,15.989098,-0.010909,0.798250,0.243417,0.550842,-13.272262,115.674385,15.181478,0.256237,-0.349156,0.198360,-0.879253,-20.115528,120.041718,-0.227816,0.219528,0.381547,-0.455440,-0.773824,-3.189704,106.856773,-13.027741,0.316966,0.452967,-0.356277,-0.753273,2.499346,123.737785,-5.470604,-0.139254,0.898954,0.188311,0.370174,-9.439630,115.220978,21.129913,0.326287,0.866763,0.140610,-0.349982,2.528584,117.153381,33.635025,-0.096002,0.215547,0.506753,-0.829171,16.071991,105.481049,16.185173,0.023478,0.017812,0.472798,-0.880678,8.174556,123.178612,10.963779,0.076912,0.873186,0.074007,0.475556,-10.576944,87.469208,5.946794,0.065926,0.875900,-0.096696,0.468084,-12.959792,51.044689,-1.597272,-0.040362,0.917326,0.041867,0.393867,-22.703680,5.042857,3.495427,-0.090912,0.868764,-0.079607,0.480258,-0.716386,86.961830,20.673832,-0.015660,0.860424,-0.088988,0.501505,2.321384,50.776600,29.084385,-0.037731,0.803861,0.049339,0.591565,-0.625608,4.251438,37.070148,-0.040362,0.917326,0.041867,0.393867,-12.522661,0.763627,-5.889450,-0.037731,0.803861,0.049339,0.591565,12.658124,0.181925,32.944321
48,0.400000,-0.005232,0.881014,0.040170,0.471352,-5.657625,87.210579,13.302891,-0.063811,0.866132,0.134932,0.477009,-5.999935,94.456261,13.781579,-0.024412,0.870415,0.111512,0.478902,-9.014503,106.494186,15.959513,0.019393,0.915662,-0.061404,0.396758,-11.253410,121.098946,18.519888,0.020424,0.948297,-0.052788,0.312296,-8.811775,134.499527,15.984665,-0.011673,0.797178,0.244303,0.551986,-13.277703,115.668846,15.171668,0.256996,-0.349188,0.198479,-0.878992,-20.076445,120.042099,-0.255650,0.219211,0.381426,-0.457017,-0.773044,-3.154081,106.840851,-13.043344,0.316564,0.452840,-0.357507,-0.752936,2.485058,123.756195,-5.506188,-0.139148,0.898759,0.188006,0.370842,-9.447893,115.212845,21.121727,0.326328,0.866760,0.140789,-0.349879,2.504118,117.140556,33.643059,-0.096734,0.216267,0.507061,-0.828710,16.049814,105.468918,16.194525,0.022565,0.018203,0.471884,-0.881184,8.178052,123.175072,10.969657,0.076860,0.873059,0.074035,0.475794,-10.583184,87.464561,5.936220,0.065940,0.876145,-0.096839,0.467594,-12.959592,51.039757,-1.608486,-0.040354,0.917344,0.041889,0.393824,-22.707960,5.040699,3.500753,-0.090874,0.868575,-0.079721,0.480588,-0.732066,86.956596,20.669561,-0.015836,0.860211,-0.088642,0.501926,2.295883,50.772202,29.087254,-0.037993,0.803606,0.049423,0.591888,-0.624213,4.241750,37.052082,-0.040354,0.917344,0.041889,0.393824,-12.527805,0.761908,-5.885272,-0.037993,0.803606,0.049423,0.591888,12.665049,0.178486,32.937904
49,0.408333,-0.005321,0.880825,0.040213,0.471700,-5.663476,87.211082,13.293884,-0.063900,0.865923,0.135031,0.477347,-6.007402,94.456703,13.772370,-0.024229,0.870238,0.111543,0.479225,-9.026341,106.495323,15.950433,0.019594,0.915623,-0.061474,0.396827,-11.261853,121.100143,18.513411,0.020307,0.948380,-0.052361,0.312123,-8.814187,134.499771,15.978938,-0.010789,0.798179,0.243068,0.551101,-13.285753,115.671715,15.162253,0.258914,-0.349072,0.197621,-0.878668,-20.119181,120.037926,-0.251727,0.219959,0.380273,-0.457701,-0.772994,-3.175788,106.845581,-13.020742,0.316427,0.452407,-0.358713,-0.752680,2.471133,123.775948,-5.540429,-0.139050,0.898626,0.187918,0.371245,-9.460215,115.212669,21.114822,0.326341,0.866811,0.141085,-0.349621,2.482329,117.135170,33.645981,-0.097252,0.216496,0.507131,-0.828547,16.036596,105.465492,16.202787,0.021755,0.018468,0.472163,-0.881050,8.172542,123.173973,10.983129,0.076864,0.872944,0.073911,0.476023,-10.583189,87.464302,5.923285,0.065916,0.876147,-0.096882,0.467585,-12.962365,51.038170,-1.614156,-0.040449,0.917291,0.041977,0.393928,-22.710606,5.039611,3.499824,-0.090879,0.868270,-0.079818,0.481121,-0.743761,86.957863,20.664484,-0.016005,0.860032,-0.088468,0.502257,2.275788,50.774681,29.090387,-0.037878,0.803490,0.049557,0.592042,-0.625362,4.241821,37.048073,-0.040449,0.917291,0.041977,0.393928,-12.527239,0.764187,-5.884251,-0.037878,0.803490,0.049557,0.592042,12.665257,0.179655,32.937206
50,0.416667,-0.005449,0.880684,0.040416,0.471945,-5.665223,87.214775,13.285160,-0.064082,0.865703,0.135071,0.477710,-6.012313,94.460136,13.765266,-0.024131,0.870022,0.111629,0.479602,-9.036580,106.497910,15.940692,0.019508,0.915560,-0.061964,0.396901,-11.271884,121.102295,18.506321,0.020437,0.948437,-0.051701,0.312053,-8.820814,134.498901,15.959172,-0.010749,0.798112,0.242956,0.551248,-13.293857,115.675232,15.151793,0.260026,-0.348898,0.197430,-0.878452,-20.121655,120.041679,-0.264615,0.220101,0.379530,-0.458941,-0.772584,-3.168427,106.842735,-13.013746,0.316298,0.451907,-0.360010,-0.752415,2.456422,123.798843,-5.574706,-0.138956,0.898523,0.187970,0.371504,-9.473366,115.213730,21.107414,0.326316,0.866878,0.141420,-0.349343,2.463398,117.130402,33.644970,-0.097741,0.216575,0.507118,-0.828476,16.028177,105.464615,16.207357,0.020916,0.018616,0.472628,-0.880817,8.165204,123.175278,10.995753,0.076918,0.872803,0.073723,0.476302,-10.580820,87.467880,5.911809,0.065850,0.876156,-0.096929,0.467568,-12.967796,51.040302,-1.616173,-0.040786,0.917284,0.041919,0.393915,-22.712511,5.041769,3.504746,-0.090893,0.868181,-0.080030,0.481244,-0.749625,86.961670,20.658510,-0.016036,0.859917,-0.088216,0.502497,2.261904,50.781208,29.098972,-0.038264,0.803297,0.049465,0.592286,-0.626841,4.244229,37.037025,-0.040786,0.917284,0.041919,0.393915,-12.526557,0.768697,-5.877589,-0.038264,0.803297,0.049465,0.592286,12.668549,0.186396,32.937317
51,0.425000,-0.005522,0.880389,0.040290,0.472506,-5.681202,87.215820,13.279690,-0.063883,0.865509,0.135000,0.478110,-6.028672,94.461319,13.757469,-0.024059,0.869825,0.111676,0.479953,-9.048605,106.499527,15.932287,0.019715,0.915542,-0.061900,0.396942,-11.283731,121.103706,18.499279,0.020404,0.948555,-0.051353,0.311753,-8.828031,134.500198,15.956127,-0.010707,0.797897,0.242970,0.551554,-13.303891,115.677658,15.142015,0.261218,-0.348815,0.197302,-0.878160,-20.119959,120.048180,-0.278425,0.220277,0.378821,-0.460048,-0.772223,-3.161296,106.838036,-13.008717,0.316133,0.451350,-0.361417,-0.752144,2.445185,123.817886,-5.608473,-0.138763,0.898438,0.187906,0.371815,-9.488128,115.214310,21.100523,0.326558,0.866831,0.142443,-0.348819,2.442437,117.123329,33.645145,-0.097873,0.216526,0.507240,-0.828399,16.017628,105.461975,16.212666,0.020170,0.018804,0.473250,-0.880496,8.159540,123.174355,11.007052,0.076943,0.872605,0.073693,0.476666,-10.587399,87.467155,5.900020,0.065741,0.876014,-0.097041,0.467825,-12.973961,51.039528,-1.627839,-0.040803,0.917261,0.041944,0.393965,-22.716085,5.041700,3.504290,-0.091101,0.868026,-0.079874,0.481509,-0.775006,86.964478,20.659361,-0.016224,0.860048,-0.088419,0.502231,2.252999,50.784977,29.098045,-0.038315,0.803519,0.049394,0.591988,-0.627744,4.251960,37.062218,-0.040803,0.917261,0.041944,0.393965,-12.528908,0.769489,-5.877107,-0.038315,0.803519,0.049394,0.591988,12.664689,0.193365,32.953690
52,0.433333,-0.005423,0.880212,0.040380,0.472829,-5.689859,87.213554,13.269538,-0.063865,0.865343,0.135022,0.478405,-6.036855,94.458969,13.749012,-0.023960,0.869674,0.111696,0.480226,-9.057480,106.497429,15.923556,0.019925,0.915494,-0.061834,0.397053,-11.291124,121.101616,18.491781,0.020225,0.948606,-0.050999,0.311667,-8.830437,134.498047,15.953012,-0.010877,0.797812,0.242814,0.551742,-13.310396,115.676567,15.132353,0.262206,-0.348651,0.197031,-0.877992,-20.119116,120.041023,-0.293060,0.220370,0.378244,-0.461198,-0.771793,-3.149387,106.829369,-13.007026,0.316199,0.450776,-0.362628,-0.751878,2.433299,123.833214,-5.641372,-0.138731,0.898288,0.187871,0.372205,-9.498294,115.211395,21.093063,0.326773,0.866780,0.142761,-0.348612,2.422475,117.116608,33.647579,-0.098183,0.216753,0.507535,-0.828122,15.997818,105.450783,16.218206,0.019655,0.018962,0.473559,-0.880339,8.155897,123.170456,11.015066,0.076939,0.872407,0.073582,0.477045,-10.590657,87.467438,5.886367,0.065708,0.875992,-0.097076,0.467865,-12.977646,51.038551,-1.635257,-0.040784,0.917205,0.041992,0.394092,-22.718849,5.040965,3.500793,-0.091191,0.867898,-0.079951,0.481711,-0.789061,86.959679,20.652708,-0.016379,0.860003,-0.088327,0.502319,2.239917,50.782322,29.100233,-0.037777,0.803653,0.049645,0.591820,-0.624628,4.248250,37.064053,-0.040784,0.917205,0.041992,0.394092,-12.529117,0.769839,-5.878333,-0.037777,0.803653,0.049645,0.591820,12.663468,0.186384,32.944725
53,0.441667,-0.005379,0.880026,0.040332,0.473179,-5.698587,87.210533,13.262812,-0.063932,0.865157,0.135129,0.478703,-6.044878,94.456009,13.741838,-0.023884,0.869525,0.111625,0.480516,-9.068882,106.493141,15.916724,0.019935,0.915468,-0.061781,0.397120,-11.300375,121.097908,18.483488,0.020263,0.948669,-0.050642,0.311533,-8.839725,134.494659,15.946402,-0.010859,0.797719,0.242655,0.551946,-13.318922,115.673378,15.122801,0.263431,-0.348600,0.196687,-0.877722,-20.119825,120.037010,-0.306280,0.220603,0.377692,-0.462136,-0.771436,-3.141585,106.822433,-13.005827,0.316346,0.450149,-0.364079,-0.751490,2.423795,123.846886,-5.673973,-0.138718,0.898157,0.187970,0.372477,-9.510715,115.207230,21.085922,0.326954,0.866761,0.142795,-0.348478,2.403098,117.108345,33.647652,-0.098612,0.217051,0.507867,-0.827789,15.977255,105.434677,16.222605,0.019247,0.019130,0.473734,-0.880250,8.153822,123.164055,11.022351,0.076930,0.872355,0.073504,0.477154,-10.593512,87.464973,5.875768,0.065656,0.876066,-0.097065,0.467735,-12.981844,51.035141,-1.640822,-0.040871,0.917218,0.041989,0.394053,-22.717514,5.036712,3.498158,-0.091246,0.867770,-0.079906,0.481938,-0.803663,86.956093,20.649855,-0.016572,0.859932,-0.088278,0.502443,2.228248,50.778950,29.097229,-0.039077,0.803815,0.049084,0.591561,-0.619406,4.244673,37.065899,-0.040871,0.917218,0.041989,0.394053,-12.527810,0.766469,-5.881389,-0.039077,0.803815,0.049084,0.591561,12.672727,0.191742,32.950817
54,0.450000,-0.005188,0.879813,0.040158,0.473593,-5.714616,87.206314,13.253726,-0.063716,0.865027,0.135144,0.478962,-6.057495,94.452019,13.731696,-0.023834,0.869408,0.111596,0.480738,-9.077506,106.489220,15.908569,0.019763,0.915475,-0.061530,0.397151,-11.307950,121.094261,18.474733,0.020400,0.948725,-0.050382,0.311394,-8.854153,134.493103,15.942070,-0.010817,0.797602,0.242490,0.552189,-13.325710,115.670158,15.112879,0.264362,-0.348555,0.196448,-0.877514,-20.117292,120.033882,-0.320284,0.220660,0.377135,-0.463114,-0.771106,-3.132784,106.816223,-13.008229,0.316166,0.449700,-0.364994,-0.751391,2.413716,123.859634,-5.707366,-0.138680,0.897929,0.187839,0.373105,-9.520490,115.203217,21.077845,0.326948,0.866816,0.143013,-0.348256,2.377389,117.099609,33.655380,-0.098631,0.217082,0.507923,-0.827744,15.959414,105.427467,16.235456,0.019015,0.019056,0.475396,-0.879360,8.139328,123.156929,11.035499,0.076791,0.872178,0.073475,0.477505,-10.602638,87.462601,5.862176,0.065646,0.876046,-0.097134,0.467759,-12.980023,51.030838,-1.648586,-0.040773,0.917215,0.042054,0.394064,-22.718008,5.033544,3.496183,-0.091374,0.867723,-0.079893,0.482002,-0.826594,86.950035,20.645275,-0.016639,0.859983,-0.088225,0.502364,2.213369,50.774467,29.096514,-0.037868,0.803690,0.049753,0.591755,-0.625570,4.239493,37.064278,-0.040773,0.917215,0.042054,0.394064,-12.528774,0.763828,-5.884116,-0.037868,0.803690,0.049753,0.591755,12.663038,0.181534,32.942764
55,0.458333,-0.005196,0.879632,0.040164,0.473928,-5.721410,87.204834,13.247186,-0.063793,0.864835,0.135233,0.479273,-6.064614,94.450531,13.725048,-0.023716,0.869247,0.111584,0.481037,-9.088396,106.487846,15.901955,0.019926,0.915430,-0.061425,0.397263,-11.316487,121.093132,18.468769,0.020360,0.948771,-0.050106,0.311300,-8.859289,134.492249,15.940927,-0.010869,0.797423,0.242400,0.552485,-13.333554,115.670074,15.104821,0.265119,-0.348503,0.196254,-0.877349,-20.113691,120.033218,-0.333539,0.220727,0.376618,-0.463903,-0.770865,-3.123547,106.813156,-13.011445,0.315963,0.449352,-0.365620,-0.751380,2.409537,123.871742,-5.737742,-0.138637,0.897788,0.187743,0.373510,-9.532343,115.201225,21.072193,0.327011,0.866896,0.143220,-0.347912,2.355439,117.094193,33.659790,-0.098991,0.217509,0.508056,-0.827508,15.947374,105.419174,16.249523,0.018575,0.019492,0.475616,-0.879241,8.139276,123.154999,11.044732,0.076789,0.872069,0.073390,0.477717,-10.603805,87.461296,5.851922,0.065604,0.876014,-0.097172,0.467819,-12.982342,51.028591,-1.653861,-0.040920,0.917182,0.042023,0.394128,-22.718868,5.031469,3.495214,-0.091403,0.867639,-0.079887,0.482147,-0.839015,86.948364,20.642450,-0.016794,0.859889,-0.088177,0.502528,2.201636,50.773132,29.094856,-0.037779,0.803712,0.049762,0.591730,-0.623965,4.237854,37.065552,-0.040920,0.917182,0.042023,0.394128,-12.527114,0.762694,-5.882780,-0.037779,0.803712,0.049762,0.591730,12.663802,0.178636,32.942570
56,0.466667,-0.005676,0.879458,0.040463,0.474220,-5.713394,87.203476,13.238144,-0.063946,0.864638,0.135443,0.479549,-6.064952,94.448746,13.716393,-0.023683,0.869080,0.111638,0.481328,-9.096185,106.488022,15.895627,0.019984,0.915388,-0.061327,0.397372,-11.325038,121.093002,18.463547,0.020372,0.948813,-0.049780,0.311226,-8.867019,134.492630,15.939193,-0.010946,0.797221,0.242402,0.552775,-13.340243,115.670654,15.097326,0.265632,-0.348422,0.196091,-0.877263,-20.109161,120.034233,-0.345838,0.220697,0.376173,-0.464550,-0.770701,-3.113036,106.814285,-13.015840,0.315820,0.449015,-0.366444,-0.751240,2.410150,123.886192,-5.762254,-0.138657,0.897668,0.187772,0.373777,-9.542971,115.200516,21.067104,0.326861,0.867066,0.143219,-0.347631,2.337664,117.091431,33.661758,-0.099666,0.218036,0.507943,-0.827358,15.944266,105.418098,16.261822,0.017722,0.020219,0.475774,-0.879157,8.140605,123.155510,11.054054,0.076960,0.871927,0.073280,0.477965,-10.590782,87.455193,5.839415,0.065561,0.876050,-0.097308,0.467728,-12.982156,51.023251,-1.666005,-0.040986,0.917143,0.042167,0.394196,-22.720560,5.028102,3.497163,-0.091387,0.867495,-0.079999,0.482390,-0.836007,86.951759,20.636873,-0.016835,0.859779,-0.088104,0.502727,2.197084,50.777637,29.096758,-0.037904,0.803623,0.049763,0.591843,-0.623538,4.241276,37.062870,-0.040986,0.917143,0.042167,0.394196,-12.526420,0.763744,-5.880246,-0.037904,0.803623,0.049763,0.591843,12.666265,0.184147,32.944393
57,0.475000,-0.005694,0.879223,0.040475,0.474654,-5.721097,87.204720,13.228782,-0.063896,0.864408,0.135616,0.479922,-6.073200,94.449974,13.706878,-0.023648,0.868871,0.111654,0.481702,-9.106850,106.490303,15.889452,0.020300,0.915256,-0.061564,0.397624,-11.336125,121.095215,18.457340,0.020207,0.948795,-0.049338,0.311360,-8.866673,134.492493,15.931662,-0.010991,0.797006,0.242384,0.553092,-13.349140,115.673538,15.088738,0.266035,-0.348332,0.195996,-0.877198,-20.105808,120.038269,-0.359461,0.220742,0.375773,-0.464992,-0.770616,-3.104657,106.817337,-13.021684,0.315749,0.448766,-0.367098,-0.751099,2.414071,123.897675,-5.786038,-0.138690,0.897561,0.187889,0.373961,-9.556953,115.202187,21.061655,0.326769,0.867228,0.143471,-0.347208,2.318564,117.090858,33.661469,-0.100169,0.218414,0.507867,-0.827244,15.942855,105.420219,16.273558,0.017168,0.020913,0.475865,-0.879102,8.143019,123.158005,11.064402,0.076917,0.871796,0.073167,0.478229,-10.591187,87.456581,5.825250,0.065529,0.876054,-0.097386,0.467708,-12.981608,51.022911,-1.672022,-0.041092,0.917154,0.042240,0.394153,-22.720650,5.028817,3.499248,-0.091548,0.867424,-0.080035,0.482482,-0.851009,86.952850,20.632313,-0.016911,0.859826,-0.088002,0.502662,2.190215,50.781357,29.100508,-0.039319,0.803605,0.049159,0.591825,-0.618689,4.243535,37.062256,-0.041092,0.917154,0.042240,0.394153,-12.526210,0.767511,-5.879222,-0.039319,0.803605,0.049159,0.591825,12.678179,0.196292,32.956867
58,0.483333,-0.005641,0.879087,0.040601,0.474896,-5.730649,87.206116,13.221770,-0.063190,0.864244,0.135453,0.480356,-6.083083,94.451225,13.701751,-0.024208,0.868529,0.111665,0.482288,-9.097396,106.482140,15.885746,0.020398,0.915096,-0.061340,0.398020,-11.343132,121.086166,18.444283,0.020131,0.948797,-0.048959,0.311419,-8.872013,134.484695,15.926825,-0.010858,0.796859,0.242616,0.553205,-13.346473,115.661346,15.074970,0.266324,-0.348282,0.195779,-0.877178,-20.098900,120.035240,-0.372492,0.220685,0.375610,-0.465368,-0.770485,-3.091782,106.819656,-13.032275,0.315792,0.448508,-0.367686,-0.750948,2.418543,123.907829,-5.805047,-0.138941,0.897307,0.187762,0.374540,-9.562682,115.195778,21.053659,0.326665,0.867395,0.143729,-0.346781,2.295300,117.088928,33.669304,-0.100516,0.218957,0.507823,-0.827085,15.937808,105.421471,16.293550,0.016658,0.021402,0.475959,-0.879049,8.146458,123.158119,11.075117,0.076895,0.871560,0.073147,0.478665,-10.596663,87.460060,5.815634,0.065470,0.875901,-0.097527,0.467974,-12.982564,51.025902,-1.680799,-0.040957,0.917132,0.042190,0.394222,-22.724491,5.033669,3.501650,-0.091673,0.867223,-0.080010,0.482824,-0.864634,86.952171,20.627907,-0.016943,0.859776,-0.088007,0.502745,2.182109,50.782085,29.100143,-0.037944,0.803578,0.049797,0.591898,-0.625258,4.244456,37.063564,-0.040957,0.917132,0.042190,0.394222,-12.530017,0.769595,-5.875524,-0.037944,0.803578,0.049797,0.591898,12.665552,0.188768,32.946918
59,0.491667,-0.005558,0.878925,0.040507,0.475205,-5.739370,87.204460,13.215428,-0.063247,0.863917,0.135828,0.480831,-6.090253,94.449699,13.694660,-0.024286,0.868221,0.111402,0.482900,-9.113410,106.485687,15.885681,0.020619,0.914935,-0.061362,0.398377,-11.359202,121.091370,18.434757,0.020147,0.948791,-0.048740,0.311472,-8.880895,134.489197,15.920650,-0.010916,0.796632,0.242412,0.553620,-13.359157,115.665565,15.065018,0.266449,-0.348133,0.195757,-0.877204,-20.095528,120.037506,-0.390001,0.220675,0.375450,-0.465570,-0.770444,-3.082794,106.822441,-13.042784,0.315738,0.448333,-0.368087,-0.750879,2.424835,123.914169,-5.822562,-0.138743,0.897274,0.187922,0.374615,-9.583792,115.201675,21.049162,0.326857,0.867442,0.144241,-0.346270,2.274162,117.085907,33.666161,-0.100732,0.219179,0.507934,-0.826932,15.928107,105.414558,16.302017,0.016263,0.021821,0.475941,-0.879056,8.145030,123.154816,11.082348,0.076866,0.871443,0.073098,0.478890,-10.600201,87.459152,5.805916,0.065441,0.875927,-0.097528,0.467929,-12.984144,51.024139,-1.686962,-0.041240,0.917119,0.042147,0.394229,-22.723404,5.031562,3.497395,-0.091726,0.867083,-0.079934,0.483077,-0.878540,86.949768,20.624941,-0.017147,0.859618,-0.087951,0.503018,2.171932,50.779510,29.095062,-0.039174,0.803708,0.049217,0.591690,-0.618720,4.241619,37.062771,-0.041240,0.917119,0.042147,0.394229,-12.526385,0.769625,-5.877977,-0.039174,0.803708,0.049217,0.591690,12.676030,0.193270,32.951637
60,0.500000,-0.005433,0.878777,0.040388,0.475489,-5.746850,87.202576,13.209537,-0.063351,0.863745,0.135870,0.481114,-6.095471,94.447968,13.687998,-0.024293,0.868068,0.111340,0.483189,-9.122088,106.483231,15.877612,0.020723,0.914857,-0.061218,0.398572,-11.368022,121.089317,18.424240,0.020159,0.948778,-0.048468,0.311554,-8.887896,134.487839,15.915630,-0.011018,0.796410,0.242442,0.553924,-13.366336,115.663506,15.053553,0.266436,-0.348013,0.195691,-0.877271,-20.090902,120.035851,-0.406492,0.220592,0.375369,-0.465664,-0.770451,-3.072709,106.824829,-13.056151,0.315639,0.448172,-0.368276,-0.750924,2.434134,123.918221,-5.837281,-0.138688,0.897103,0.187962,0.375023,-9.594944,115.199615,21.040201,0.326744,0.867599,0.144321,-0.345950,2.252875,117.078110,33.667576,-0.101061,0.219583,0.507936,-0.826784,15.921558,105.408165,16.314079,0.015985,0.022159,0.476171,-0.878928,8.145089,123.151382,11.088601,0.076775,0.871360,0.073090,0.479057,-10.602909,87.458420,5.796936,0.065473,0.875995,-0.097561,0.467791,-12.979789,51.022274,-1.692686,-0.040869,0.917103,0.042177,0.394299,-22.722292,5.030689,3.494432,-0.091760,0.866950,-0.079844,0.483326,-0.890791,86.946724,20.622137,-0.017284,0.859577,-0.087966,0.503081,2.162703,50.775837,29.088539,-0.039359,0.803723,0.049196,0.591658,-0.618116,4.238635,37.063755,-0.040869,0.917103,0.042177,0.394299,-12.527080,0.765338,-5.881354,-0.039359,0.803723,0.049196,0.591658,12.677547,0.192889,32.953018
61,0.508333,-0.005323,0.878585,0.040242,0.475858,-5.755324,87.199333,13.202604,-0.063447,0.863547,0.135922,0.481441,-6.101737,94.444916,13.679819,-0.024191,0.867901,0.111342,0.483493,-9.132020,106.480064,15.868303,0.020772,0.914794,-0.061016,0.398744,-11.376220,121.086288,18.415665,0.020209,0.948775,-0.048296,0.311585,-8.896351,134.486023,15.913269,-0.011000,0.796194,0.242418,0.554245,-13.373563,115.661453,15.042821,0.266266,-0.347931,0.195643,-0.877365,-20.085758,120.036613,-0.421803,0.220410,0.375348,-0.465637,-0.770530,-3.063771,106.830811,-13.071815,0.315353,0.448092,-0.368276,-0.751092,2.444389,123.921082,-5.849293,-0.138665,0.896907,0.187814,0.375573,-9.606265,115.195778,21.031908,0.326534,0.867809,0.144321,-0.345621,2.227397,117.070938,33.673042,-0.101373,0.220139,0.507873,-0.826636,15.914318,105.404305,16.331701,0.015775,0.022439,0.475806,-0.879122,8.145602,123.146271,11.095503,0.076726,0.871257,0.073042,0.479259,-10.605185,87.455948,5.785972,0.065442,0.875954,-0.097609,0.467863,-12.978917,51.018715,-1.699360,-0.041050,0.917103,0.042159,0.394283,-22.721386,5.027649,3.492348,-0.091836,0.866870,-0.079788,0.483463,-0.905464,86.942726,20.619238,-0.017392,0.859508,-0.087928,0.503201,2.153601,50.772224,29.085251,-0.039391,0.803702,0.049218,0.591683,-0.617719,4.234749,37.062160,-0.041050,0.917103,0.042159,0.394283,-12.524937,0.763880,-5.882812,-0.039391,0.803702,0.049218,0.591683,12.678523,0.190013,32.952301
62,0.516667,-0.005344,0.878431,0.040308,0.476136,-5.759692,87.198868,13.195994,-0.064088,0.863380,0.136080,0.481612,-6.106984,94.444366,13.673796,-0.023670,0.867878,0.111452,0.483535,-9.156407,106.488083,15.859215,0.020973,0.914761,-0.061092,0.398798,-11.388761,121.094322,18.416887,0.020185,0.948731,-0.048108,0.311750,-8.902838,134.493042,15.915062,-0.011295,0.795751,0.242357,0.554903,-13.390565,115.673470,15.040291,0.265385,-0.347773,0.195964,-0.877624,-20.077124,120.044998,-0.436459,0.219967,0.375245,-0.465546,-0.770761,-3.055912,106.840027,-13.088387,0.315025,0.448096,-0.368217,-0.751256,2.458654,123.924850,-5.856653,-0.138519,0.896842,0.187893,0.375744,-9.623488,115.200546,21.028948,0.326467,0.867959,0.144719,-0.345143,2.207108,117.068710,33.673985,-0.101682,0.220455,0.507799,-0.826560,15.912737,105.405975,16.344814,0.015430,0.022937,0.475459,-0.879304,8.147230,123.146523,11.105280,0.076698,0.871129,0.073009,0.479501,-10.604861,87.455917,5.776313,0.065422,0.875919,-0.097713,0.467909,-12.975910,51.017998,-1.706532,-0.040834,0.917094,0.042195,0.394322,-22.721560,5.028600,3.493994,-0.091925,0.866750,-0.079771,0.483664,-0.914523,86.941818,20.615677,-0.017424,0.859508,-0.087918,0.503202,2.148935,50.772331,29.084465,-0.038740,0.803685,0.049564,0.591721,-0.619304,4.234782,37.062023,-0.040834,0.917094,0.042195,0.394322,-12.526146,0.763315,-5.881601,-0.038740,0.803685,0.049564,0.591721,12.674315,0.187048,32.946632
63,0.525000,-0.005805,0.878292,0.040663,0.476356,-5.748624,87.196922,13.189164,-0.064197,0.863182,0.136170,0.481926,-6.104371,94.441933,13.668215,-0.023778,0.867665,0.111482,0.483904,-9.158637,106.487068,15.853516,0.021034,0.914632,-0.061010,0.399103,-11.395323,121.092949,18.409433,0.020168,0.948673,-0.047847,0.311967,-8.907543,134.492065,15.911558,-0.011330,0.795477,0.242522,0.555221,-13.393411,115.671852,15.031030,0.264909,-0.347675,0.195931,-0.877814,-20.067625,120.048416,-0.449629,0.219618,0.375349,-0.465372,-0.770915,-3.042337,106.852615,-13.105644,0.314506,0.448258,-0.368151,-0.751409,2.476032,123.932693,-5.859982,-0.138744,0.896680,0.187970,0.376008,-9.631469,115.199402,21.022951,0.326330,0.868159,0.144970,-0.344663,2.190059,117.071060,33.675961,-0.102058,0.220826,0.507499,-0.826598,15.916683,105.411842,16.361029,0.014814,0.023667,0.475045,-0.879518,8.145635,123.147820,11.115358,0.076851,0.871070,0.072898,0.479601,-10.589976,87.449974,5.766852,0.065360,0.875750,-0.097852,0.468204,-12.974073,51.012611,-1.714521,-0.040967,0.917089,0.042282,0.394313,-22.722424,5.025014,3.496883,-0.091778,0.866680,-0.079910,0.483794,-0.907271,86.943871,20.611475,-0.017526,0.859391,-0.087843,0.503411,2.140365,50.774025,29.084414,-0.039297,0.803618,0.049414,0.591787,-0.617940,4.235563,37.060089,-0.040967,0.917089,0.042282,0.394313,-12.525751,0.763436,-5.879034,-0.039297,0.803618,0.049414,0.591787,12.679604,0.193670,32.951633
64,0.533333,-0.005468,0.878164,0.040487,0.476613,-5.765313,87.203300,13.183874,-0.063416,0.863041,0.135870,0.482367,-6.115681,94.448570,13.662913,-0.024298,0.867322,0.111603,0.484465,-9.146243,106.481171,15.846894,0.021040,0.914459,-0.060613,0.399561,-11.399841,121.085487,18.396860,0.020187,0.948612,-0.047683,0.312176,-8.914319,134.487198,15.910703,-0.011237,0.795331,0.242794,0.555314,-13.388206,115.661934,15.016662,0.264239,-0.347575,0.195890,-0.878064,-20.058914,120.047142,-0.463063,0.219187,0.375615,-0.465095,-0.771076,-3.029381,106.863640,-13.126184,0.314061,0.448395,-0.367887,-0.751643,2.491409,123.934769,-5.859934,-0.138702,0.896318,0.187290,0.377226,-9.634328,115.194046,21.013996,0.326041,0.868345,0.145400,-0.344288,2.155651,117.063591,33.696724,-0.102130,0.221509,0.507385,-0.826477,15.904623,105.418564,16.389975,0.014559,0.024037,0.474996,-0.879539,8.142074,123.149422,11.124413,0.076665,0.870917,0.072878,0.479912,-10.602403,87.460312,5.758918,0.065394,0.875761,-0.097884,0.468173,-12.972596,51.020599,-1.715446,-0.040844,0.917084,0.042156,0.394349,-22.724936,5.034018,3.497467,-0.091898,0.866586,-0.079871,0.483947,-0.928223,86.946289,20.608829,-0.017642,0.859171,-0.087608,0.503825,2.127064,50.777618,29.084026,-0.039115,0.803396,0.049543,0.592089,-0.614471,4.235658,37.045040,-0.040844,0.917084,0.042156,0.394349,-12.529013,0.767880,-5.877192,-0.039115,0.803396,0.049543,0.592089,12.685418,0.193663,32.944279
65,0.541667,-0.005445,0.877986,0.040415,0.476946,-5.767684,87.201347,13.175297,-0.063859,0.862983,0.135964,0.482386,-6.117437,94.446716,13.653442,-0.023894,0.867405,0.111773,0.484297,-9.160410,106.483795,15.835039,0.021237,0.914419,-0.060839,0.399607,-11.405463,121.087555,18.395720,0.020015,0.948508,-0.047357,0.312552,-8.912423,134.487259,15.906360,-0.011525,0.794879,0.242859,0.555927,-13.398144,115.667236,15.012871,0.263435,-0.347497,0.196056,-0.878300,-20.044903,120.051109,-0.477530,0.218796,0.376078,-0.464687,-0.771207,-3.015898,106.873001,-13.146964,0.313916,0.448451,-0.367620,-0.751801,2.505820,123.931801,-5.854802,-0.138756,0.896154,0.187392,0.377544,-9.641684,115.193489,21.008131,0.325920,0.868485,0.145505,-0.344004,2.139391,117.060516,33.699493,-0.102503,0.221872,0.507275,-0.826401,15.902059,105.418190,16.401825,0.014179,0.024547,0.474553,-0.879771,8.141703,123.148201,11.132179,0.076661,0.870786,0.072768,0.480166,-10.599141,87.458359,5.746676,0.065409,0.875757,-0.097960,0.468161,-12.970866,51.017414,-1.721156,-0.041080,0.917061,0.042140,0.394381,-22.727703,5.032432,3.497404,-0.091937,0.866370,-0.079766,0.484342,-0.936226,86.944344,20.603918,-0.017750,0.859065,-0.087798,0.503969,2.121546,50.774979,29.075235,-0.038288,0.803451,0.049905,0.592038,-0.621608,4.236526,37.056149,-0.041080,0.917061,0.042140,0.394381,-12.529079,0.768577,-5.875352,-0.038288,0.803451,0.049905,0.592038,12.673587,0.188943,32.945690
66,0.550000,-0.005765,0.877831,0.040486,0.477222,-5.758436,87.193497,13.168364,-0.064040,0.862787,0.136159,0.482658,-6.112919,94.438721,13.645085,-0.023912,0.867239,0.111770,0.484596,-9.164124,106.479004,15.828533,0.021087,0.914318,-0.060706,0.399865,-11.410480,121.082756,18.388077,0.020178,0.948430,-0.047153,0.312809,-8.921564,134.483749,15.901420,-0.011610,0.794633,0.243028,0.556203,-13.401016,115.662598,15.003721,0.263099,-0.347478,0.195899,-0.878442,-20.037004,120.049835,-0.490350,0.218574,0.376481,-0.464110,-0.771420,-3.004283,106.883263,-13.166804,0.313365,0.448732,-0.367390,-0.751975,2.526500,123.929092,-5.850535,-0.138887,0.895990,0.187466,0.377848,-9.648663,115.188576,21.001532,0.325884,0.868585,0.145499,-0.343786,2.123161,117.055939,33.701431,-0.102782,0.222174,0.507291,-0.826275,15.894463,105.411850,16.411814,0.013969,0.024830,0.474388,-0.879855,8.139642,123.144699,11.138721,0.076787,0.870811,0.072675,0.480115,-10.585158,87.446342,5.736520,0.065408,0.875769,-0.098022,0.468126,-12.968829,51.005829,-1.729634,-0.040852,0.917032,0.042431,0.394441,-22.728092,5.021972,3.494358,-0.091807,0.866397,-0.079886,0.484299,-0.931714,86.940643,20.600206,-0.017871,0.859193,-0.087767,0.503751,2.113774,50.770916,29.074409,-0.039103,0.803653,0.049583,0.591739,-0.616051,4.232344,37.059265,-0.040852,0.917032,0.042431,0.394441,-12.529424,0.762918,-5.880540,-0.039103,0.803653,0.049583,0.591739,12.680441,0.191048,32.946812
67,0.558333,-0.005715,0.877695,0.040363,0.477482,-5.765111,87.189827,13.162853,-0.063951,0.862649,0.136080,0.482939,-6.118250,94.435211,13.638249,-0.023924,0.867071,0.111847,0.484877,-9.166962,106.475052,15.819900,0.021082,0.914229,-0.060553,0.400093,-11.415564,121.078278,18.380526,0.020269,0.948379,-0.046983,0.312985,-8.927494,134.480270,15.898525,-0.011683,0.794370,0.243171,0.556513,-13.403687,115.658630,14.993937,0.262494,-0.347413,0.195976,-0.878632,-20.027592,120.049347,-0.504312,0.218326,0.376987,-0.463532,-0.771591,-2.994108,106.888924,-13.186112,0.313025,0.448924,-0.366781,-0.752299,2.542135,123.919464,-5.843650,-0.138880,0.895822,0.187465,0.378248,-9.655206,115.183708,20.994097,0.325777,0.868699,0.145512,-0.343595,2.106153,117.047432,33.704224,-0.103097,0.222536,0.507260,-0.826157,15.887555,105.404984,16.421549,0.013667,0.025144,0.474178,-0.879964,8.137129,123.140594,11.143229,0.076715,0.870727,0.072690,0.480277,-10.587449,87.442604,5.728163,0.065414,0.875613,-0.098031,0.468415,-12.964479,51.001431,-1.736869,-0.040975,0.916964,0.042404,0.394589,-22.726400,5.017835,3.484435,-0.091875,0.866322,-0.079801,0.484435,-0.942773,86.937050,20.597544,-0.017948,0.859127,-0.087780,0.503858,2.108812,50.767239,29.069191,-0.039076,0.803653,0.049548,0.591743,-0.616342,4.229143,37.058403,-0.040975,0.916964,0.042404,0.394589,-12.523735,0.759605,-5.886482,-0.039076,0.803653,0.049548,0.591743,12.679831,0.186601,32.946140
68,0.566667,-0.005659,0.877576,0.040406,0.477699,-5.771344,87.186310,13.156629,-0.064169,0.862489,0.135859,0.483256,-6.124178,94.431648,13.632865,-0.023726,0.866904,0.112003,0.485149,-9.175507,106.471207,15.805806,0.021054,0.914136,-0.060281,0.400348,-11.422026,121.073677,18.372597,0.020434,0.948290,-0.046903,0.313256,-8.936576,134.477539,15.898001,-0.011752,0.794056,0.243353,0.556881,-13.409498,115.656235,14.982073,0.261883,-0.347153,0.196041,-0.878903,-20.019051,120.051811,-0.520921,0.218171,0.377497,-0.462892,-0.771769,-2.977809,106.899895,-13.201115,0.312658,0.449379,-0.366532,-0.752301,2.566509,123.916672,-5.832578,-0.139196,0.895791,0.188188,0.377846,-9.664638,115.177322,20.984175,0.325733,0.868828,0.145540,-0.343299,2.104223,117.043877,33.686932,-0.103533,0.222365,0.507099,-0.826248,15.897163,105.399551,16.414742,0.013422,0.025468,0.473786,-0.880169,8.135769,123.138046,11.148590,0.076593,0.870511,0.072797,0.480672,-10.590021,87.440475,5.719615,0.065460,0.875660,-0.098169,0.468292,-12.951939,50.999069,-1.749088,-0.040825,0.916996,0.042391,0.394532,-22.722858,5.018589,3.482789,-0.092000,0.866207,-0.079759,0.484623,-0.952667,86.932137,20.593643,-0.017991,0.859066,-0.087778,0.503961,2.106624,50.763535,29.067690,-0.038583,0.803631,0.049854,0.591780,-0.615925,4.225564,37.058487,-0.040825,0.916996,0.042391,0.394532,-12.522730,0.758288,-5.889947,-0.038583,0.803631,0.049854,0.591780,12.678552,0.181727,32.942028
69,0.575000,-0.005802,0.877439,0.040595,0.477933,-5.764788,87.188171,13.148355,-0.064326,0.862280,0.135967,0.483579,-6.120895,94.433266,13.625916,-0.023813,0.866685,0.112175,0.485497,-9.177380,106.470238,15.797804,0.020346,0.913977,-0.059895,0.400804,-11.429689,121.071419,18.366829,0.020868,0.948058,-0.046901,0.313929,-8.964163,134.479614,15.895801,-0.011839,0.793760,0.243518,0.557229,-13.413000,115.654434,14.973147,0.261220,-0.346998,0.196042,-0.879161,-20.009018,120.053879,-0.534521,0.217992,0.378205,-0.462090,-0.771954,-2.962412,106.912933,-13.218887,0.312515,0.449690,-0.366181,-0.752347,2.589817,123.912193,-5.816636,-0.139031,0.895476,0.187439,0.379025,-9.672977,115.174782,20.978207,0.325408,0.869033,0.145824,-0.342968,2.066412,117.036819,33.708870,-0.103646,0.223225,0.507063,-0.826024,15.881321,105.405762,16.445288,0.013246,0.025789,0.473669,-0.880226,8.135211,123.139862,11.155709,0.076640,0.870518,0.072601,0.480681,-10.579473,87.441910,5.708738,0.065491,0.875752,-0.098179,0.468113,-12.951511,50.998913,-1.748995,-0.041162,0.917012,0.042301,0.394469,-22.724369,5.019015,3.484352,-0.091952,0.866132,-0.079890,0.484746,-0.950104,86.934433,20.587973,-0.017982,0.858878,-0.087541,0.504323,2.100094,50.766743,29.069155,-0.038836,0.803314,0.049830,0.592195,-0.615207,4.224819,37.039383,-0.041162,0.917012,0.042301,0.394469,-12.522745,0.760242,-5.887457,-0.038836,0.803314,0.049830,0.592195,12.685120,0.184658,32.938232
70,0.583333,-0.005897,0.877327,0.040779,0.478121,-5.763580,87.188133,13.139504,-0.064347,0.862112,0.135978,0.483872,-6.122278,94.432983,13.618670,-0.023872,0.866486,0.112297,0.485820,-9.180208,106.470383,15.789588,0.021081,0.913815,-0.060127,0.401102,-11.436765,121.070656,18.360022,0.020602,0.948017,-0.046601,0.314113,-8.949276,134.475464,15.892638,-0.012780,0.792360,0.244812,0.558631,-13.416640,115.654083,14.963675,0.260157,-0.346888,0.196628,-0.879389,-19.957336,120.065216,-0.564085,0.217417,0.379508,-0.461733,-0.771690,-2.918434,106.916115,-13.250359,0.312401,0.449998,-0.365878,-0.752357,2.609928,123.907448,-5.797575,-0.139063,0.895320,0.187578,0.379312,-9.681115,115.173744,20.971472,0.325208,0.869174,0.145989,-0.342729,2.050377,117.032326,33.709915,-0.103929,0.223431,0.506945,-0.826005,15.879929,105.408691,16.453068,0.013064,0.026120,0.473487,-0.880317,8.132614,123.142136,11.162034,0.076712,0.870268,0.072617,0.481119,-10.575045,87.442093,5.697814,0.065472,0.875470,-0.098461,0.468583,-12.947303,51.000088,-1.764698,-0.041156,0.916955,0.042248,0.394607,-22.733679,5.025184,3.487299,-0.092071,0.866019,-0.079902,0.484922,-0.952117,86.934166,20.581194,-0.018022,0.858901,-0.087750,0.504246,2.103497,50.768238,29.067951,-0.038758,0.803568,0.049864,0.591853,-0.617888,4.229915,37.057079,-0.041156,0.916955,0.042248,0.394607,-12.529484,0.765087,-5.881101,-0.038758,0.803568,0.049864,0.591853,12.678625,0.189199,32.944134
71,0.591667,-0.005930,0.877159,0.040917,0.478416,-5.765211,87.185837,13.132959,-0.064298,0.861947,0.135924,0.484187,-6.125446,94.430527,13.613523,-0.023912,0.866296,0.112410,0.486132,-9.182319,106.467842,15.782692,0.020679,0.913710,-0.059360,0.401477,-11.442489,121.067299,18.354597,0.020905,0.947865,-0.046857,0.314513,-8.971778,134.478134,15.903179,-0.012915,0.792008,0.245075,0.559013,-13.419241,115.651230,14.955647,0.259223,-0.346654,0.196787,-0.879721,-19.944960,120.067177,-0.577047,0.217128,0.380206,-0.460943,-0.771901,-2.901082,106.927063,-13.265932,0.312269,0.450315,-0.365683,-0.752316,2.634971,123.899925,-5.777506,-0.139109,0.895198,0.187644,0.379552,-9.688041,115.170036,20.966070,0.325114,0.869265,0.146403,-0.342411,2.036682,117.027023,33.710983,-0.104254,0.223552,0.506759,-0.826045,15.880177,105.410782,16.460339,0.012659,0.026820,0.473060,-0.880531,8.127874,123.141457,11.170981,0.076635,0.870211,0.072617,0.481234,-10.571666,87.440689,5.688062,0.065537,0.875458,-0.098602,0.468567,-12.937986,50.997799,-1.772022,-0.041062,0.916957,0.042216,0.394617,-22.735796,5.026338,3.488750,-0.092140,0.865937,-0.079896,0.485056,-0.958755,86.930984,20.577856,-0.018072,0.858864,-0.087745,0.504308,2.100158,50.765930,29.067183,-0.038684,0.803558,0.050035,0.591857,-0.617487,4.227686,37.058086,-0.041062,0.916957,0.042216,0.394617,-12.532351,0.764347,-5.879606,-0.038684,0.803558,0.050035,0.591857,12.679352,0.189587,32.943611
72,0.600000,-0.005920,0.877071,0.040921,0.478579,-5.765916,87.182938,13.126990,-0.064470,0.861820,0.135940,0.484387,-6.126132,94.427628,13.607614,-0.023891,0.866181,0.112444,0.486329,-9.187494,106.464622,15.774311,0.020583,0.913550,-0.059464,0.401828,-11.448175,121.063889,18.346888,0.021019,0.947675,-0.046658,0.315110,-8.977338,134.474319,15.893301,-0.012973,0.791716,0.245227,0.559358,-13.423649,115.648285,14.946435,0.257968,-0.346358,0.197168,-0.880121,-19.935846,120.068657,-0.590678,0.216707,0.380890,-0.460208,-0.772120,-2.889222,106.933388,-13.280890,0.312162,0.450570,-0.365420,-0.752336,2.652374,123.886192,-5.755791,-0.139174,0.895025,0.187845,0.379836,-9.695148,115.166245,20.958464,0.325293,0.869224,0.147350,-0.341940,2.021430,117.019890,33.711349,-0.104131,0.223579,0.506844,-0.826001,15.875250,105.409302,16.465187,0.012484,0.027100,0.472865,-0.880629,8.127711,123.138985,11.173744,0.076604,0.870165,0.072588,0.481326,-10.569623,87.438118,5.680329,0.065589,0.875422,-0.098660,0.468615,-12.934281,50.994568,-1.777042,-0.041723,0.916954,0.041883,0.394590,-22.739202,5.024841,3.485616,-0.092173,0.865877,-0.079908,0.485156,-0.962210,86.927757,20.573652,-0.018107,0.858976,-0.087754,0.504114,2.097408,50.763309,29.065290,-0.038065,0.803654,0.050392,0.591737,-0.616023,4.225331,37.059174,-0.041723,0.916954,0.041883,0.394590,-12.531352,0.761958,-5.877539,-0.038065,0.803654,0.050392,0.591737,12.676895,0.184999,32.934238
73,0.608333,-0.005930,0.876936,0.040963,0.478822,-5.765730,87.179771,13.120615,-0.064604,0.861643,0.135983,0.484672,-6.126504,94.424400,13.601601,-0.023880,0.866015,0.112458,0.486623,-9.191508,106.458786,15.766189,0.020210,0.913458,-0.059298,0.402082,-11.452990,121.057961,18.338520,0.021348,0.947573,-0.046534,0.315411,-8.992194,134.470413,15.885934,-0.013010,0.791441,0.245413,0.559664,-13.426531,115.642784,14.936278,0.256925,-0.346035,0.197441,-0.880492,-19.926769,120.068512,-0.604315,0.216457,0.381552,-0.459451,-0.772314,-2.874341,106.939804,-13.293529,0.311878,0.451144,-0.364830,-0.752396,2.674568,123.875046,-5.735089,-0.139154,0.894909,0.187852,0.380114,-9.702080,115.159988,20.950756,0.325171,0.869336,0.147491,-0.341711,2.007333,117.010544,33.710667,-0.104352,0.223844,0.506829,-0.825911,15.872955,105.404152,16.471159,0.012378,0.027320,0.472594,-0.880770,8.129500,123.134781,11.176160,0.076526,0.870202,0.072579,0.481274,-10.565292,87.435326,5.671297,0.065645,0.875591,-0.098677,0.468289,-12.925649,50.990784,-1.782576,-0.041413,0.916976,0.041962,0.394561,-22.733992,5.022073,3.482565,-0.092227,0.865765,-0.079848,0.485355,-0.966167,86.924210,20.569935,-0.018152,0.858945,-0.087820,0.504155,2.097184,50.759781,29.060316,-0.038093,0.803705,0.050281,0.591675,-0.616130,4.223046,37.061462,-0.041413,0.916976,0.041962,0.394561,-12.529266,0.757623,-5.883281,-0.038093,0.803705,0.050281,0.591675,12.675825,0.180661,32.935436
74,0.616667,-0.005858,0.876808,0.040889,0.479062,-5.770605,87.174751,13.115817,-0.064500,0.861519,0.135945,0.484917,-6.130083,94.419487,13.596270,-0.023935,0.865866,0.112486,0.486877,-9.192478,106.452370,15.760112,0.020323,0.913286,-0.059139,0.402489,-11.456560,121.051285,18.331669,0.021291,0.947402,-0.046488,0.315936,-8.993055,134.464493,15.885927,-0.013064,0.791225,0.245559,0.559904,-13.427675,115.636086,14.928039,0.255952,-0.345718,0.197700,-0.880842,-19.918499,120.065308,-0.615488,0.216212,0.382165,-0.458765,-0.772487,-2.860209,106.942627,-13.303046,0.311646,0.451619,-0.364361,-0.752435,2.695078,123.862434,-5.713414,-0.139344,0.894772,0.187929,0.380328,-9.706779,115.153328,20.944714,0.325170,0.869404,0.147540,-0.341515,1.995106,117.006721,33.711113,-0.104458,0.224104,0.506880,-0.825796,15.867408,105.398643,16.478119,0.012339,0.027533,0.472599,-0.880761,8.130236,123.131599,11.177615,0.076443,0.870117,0.072572,0.481442,-10.566109,87.430992,5.663912,0.065661,0.875657,-0.098703,0.468158,-12.919909,50.985420,-1.787056,-0.041272,0.917010,0.042078,0.394484,-22.729851,5.017373,3.480971,-0.092311,0.865761,-0.079807,0.485353,-0.975101,86.918510,20.567722,-0.018144,0.858954,-0.087830,0.504138,2.095104,50.754749,29.058468,-0.037220,0.803638,0.050453,0.591807,-0.619140,4.218158,37.060135,-0.041272,0.917010,0.042078,0.394484,-12.527594,0.754201,-5.888144,-0.037220,0.803638,0.050453,0.591807,12.668720,0.165210,32.931301
75,0.625000,-0.005914,0.876684,0.040961,0.479283,-5.769004,87.172989,13.109760,-0.064481,0.861347,0.136008,0.485206,-6.129816,94.417625,13.590652,-0.024072,0.865666,0.112580,0.487205,-9.192501,106.447067,15.754472,0.020286,0.913121,-0.059228,0.402854,-11.462465,121.045151,18.325581,0.021383,0.947263,-0.046313,0.316370,-8.997465,134.457870,15.878738,-0.013127,0.790920,0.245791,0.560232,-13.429467,115.629745,14.919901,0.255032,-0.345408,0.197829,-0.881201,-19.907452,120.064690,-0.627355,0.215904,0.382881,-0.458075,-0.772628,-2.841026,106.952583,-13.314912,0.311211,0.452295,-0.364058,-0.752355,2.718021,123.857071,-5.689912,-0.139400,0.894677,0.187965,0.380514,-9.713184,115.147415,20.939465,0.325000,0.869529,0.147640,-0.341317,1.983232,117.000374,33.710938,-0.104746,0.224285,0.506836,-0.825737,15.867821,105.397888,16.484074,0.012239,0.027704,0.472256,-0.880941,8.132371,123.130989,11.183932,0.076405,0.870059,0.072557,0.481555,-10.560745,87.429146,5.655429,0.065703,0.875671,-0.098806,0.468103,-12.911757,50.982986,-1.793505,-0.041789,0.917036,0.041859,0.394393,-22.729328,5.017394,3.481674,-0.092441,0.865630,-0.079759,0.485569,-0.977263,86.916824,20.564091,-0.018190,0.858919,-0.087815,0.504199,2.100870,50.754292,29.057199,-0.037569,0.803694,0.050835,0.591676,-0.609532,4.217616,37.059685,-0.041789,0.917036,0.041859,0.394393,-12.524933,0.754512,-5.885243,-0.037569,0.803694,0.050835,0.591676,12.681343,0.179005,32.926495
76,0.633333,-0.006089,0.876593,0.041157,0.479431,-5.762555,87.174377,13.104105,-0.064607,0.861209,0.136036,0.485427,-6.127044,94.418755,13.586208,-0.024102,0.865520,0.112663,0.487444,-9.192662,106.444954,15.747791,0.020719,0.912986,-0.058976,0.403174,-11.465322,121.042427,18.319933,0.021211,0.947172,-0.046355,0.316650,-8.991035,134.455688,15.885422,-0.013198,0.790752,0.245937,0.560403,-13.429952,115.627396,14.912298,0.254065,-0.345121,0.198056,-0.881542,-19.901186,120.064796,-0.637071,0.215491,0.383466,-0.457552,-0.772764,-2.829337,106.959663,-13.324538,0.310527,0.452797,-0.363265,-0.752719,2.730093,123.847237,-5.669422,-0.139423,0.894574,0.187949,0.380754,-9.716995,115.144440,20.933867,0.324915,0.869607,0.147829,-0.341116,1.972838,116.996277,33.711536,-0.104721,0.224458,0.506781,-0.825727,15.867041,105.397949,16.489624,0.012218,0.027809,0.472370,-0.880877,8.132221,123.130058,11.182927,0.076453,0.870001,0.072480,0.481664,-10.551741,87.429604,5.648098,0.065741,0.875536,-0.098926,0.468326,-12.907666,50.983154,-1.797857,-0.041566,0.916967,0.041958,0.394568,-22.734966,5.020282,3.482950,-0.092449,0.865543,-0.079796,0.485717,-0.973370,86.919151,20.560112,-0.018183,0.858794,-0.087818,0.504411,2.102466,50.757172,29.056374,-0.037762,0.803647,0.050739,0.591735,-0.610620,4.220515,37.058064,-0.041566,0.916967,0.041958,0.394568,-12.528749,0.757492,-5.882027,-0.037762,0.803647,0.050739,0.591735,12.681776,0.182956,32.928738
77,0.641667,-0.006214,0.876466,0.041282,0.479650,-5.761862,87.173523,13.099230,-0.064378,0.861108,0.135891,0.485678,-6.128935,94.417725,13.581952,-0.024316,0.865344,0.112785,0.487718,-9.187959,106.443527,15.742064,0.020865,0.912876,-0.058497,0.403484,-11.468754,121.039871,18.313456,0.021273,0.947090,-0.046530,0.316864,-8.994824,134.455841,15.893620,-0.013227,0.790608,0.246111,0.560529,-13.428677,115.624168,14.904167,0.253080,-0.344794,0.198268,-0.881905,-19.894964,120.065308,-0.646192,0.215174,0.384143,-0.456913,-0.772894,-2.816045,106.968346,-13.332584,0.310224,0.453262,-0.362805,-0.752786,2.746004,123.840424,-5.644187,-0.139525,0.894435,0.188056,0.380992,-9.719656,115.142487,20.928263,0.324865,0.869673,0.148248,-0.340815,1.962880,116.993835,33.712673,-0.104819,0.224540,0.506755,-0.825708,15.868979,105.401550,16.496284,0.012248,0.028109,0.471795,-0.881175,8.134958,123.132813,11.189193,0.076489,0.869927,0.072426,0.481800,-10.547293,87.428032,5.640789,0.065757,0.875308,-0.099081,0.468716,-12.906347,50.981415,-1.803325,-0.041214,0.916908,0.042086,0.394729,-22.744078,5.021638,3.484956,-0.092519,0.865529,-0.079827,0.485723,-0.976431,86.919006,20.557671,-0.018137,0.858884,-0.087842,0.504256,2.102712,50.758362,29.058435,-0.038629,0.803714,0.049910,0.591659,-0.613767,4.221949,37.060349,-0.041214,0.916908,0.042086,0.394729,-12.537390,0.758162,-5.879196,-0.038629,0.803714,0.049910,0.591659,12.680091,0.180108,32.939926
78,0.650000,-0.006264,0.876351,0.041332,0.479855,-5.759963,87.172173,13.094181,-0.064486,0.861014,0.135894,0.485829,-6.128133,94.416306,13.577102,-0.024395,0.865261,0.112823,0.487851,-9.189682,106.440819,15.735224,0.020697,0.912768,-0.058543,0.403732,-11.473470,121.036789,18.306063,0.021482,0.946946,-0.046400,0.317300,-9.002235,134.452911,15.884258,-0.013260,0.790415,0.246194,0.560765,-13.431479,115.620850,14.896064,0.252312,-0.344521,0.198404,-0.882201,-19.888535,120.064819,-0.657323,0.214928,0.384965,-0.456150,-0.773004,-2.802935,106.975601,-13.342703,0.309845,0.453724,-0.362373,-0.752872,2.761292,123.829033,-5.617788,-0.139713,0.894290,0.188248,0.381167,-9.724356,115.139641,20.921364,0.324793,0.869774,0.148262,-0.340618,1.951689,116.992462,33.711487,-0.104888,0.224738,0.506714,-0.825671,15.866828,105.400429,16.502247,0.012233,0.028203,0.471750,-0.881196,8.134199,123.132095,11.189822,0.076416,0.869896,0.072440,0.481865,-10.541906,87.426498,5.633499,0.065854,0.875398,-0.099152,0.468519,-12.895213,50.979198,-1.809119,-0.041404,0.916914,0.042014,0.394702,-22.742865,5.021972,3.482844,-0.092637,0.865348,-0.079716,0.486042,-0.978019,86.917854,20.554863,-0.018043,0.859137,-0.087949,0.503808,2.109591,50.757515,29.053875,-0.038600,0.803741,0.049881,0.591627,-0.615487,4.222563,37.061390,-0.041404,0.916914,0.042014,0.394702,-12.535227,0.758818,-5.880414,-0.038600,0.803741,0.049881,0.591627,12.677702,0.179601,32.939919
79,0.658333,-0.006322,0.876266,0.041365,0.480008,-5.757011,87.169846,13.089836,-0.064565,0.860893,0.135950,0.486016,-6.126236,94.413925,13.572715,-0.024431,0.865146,0.112791,0.488062,-9.190196,106.436096,15.730071,0.020431,0.912654,-0.058338,0.404032,-11.475071,121.032242,18.299015,0.021691,0.946796,-0.046429,0.317728,-9.011471,134.450363,15.880519,-0.013352,0.790224,0.246364,0.560957,-13.431482,115.616135,14.888353,0.251621,-0.344337,0.198517,-0.882446,-19.880962,120.062637,-0.667456,0.214772,0.385796,-0.455274,-0.773149,-2.791251,106.980263,-13.354361,0.309561,0.454253,-0.361930,-0.752883,2.778948,123.814186,-5.592580,-0.139617,0.894164,0.188084,0.381580,-9.727296,115.135193,20.915483,0.324630,0.869865,0.148302,-0.340523,1.938733,116.983879,33.715351,-0.105025,0.225097,0.506686,-0.825572,15.862378,105.397438,16.509222,0.012112,0.028341,0.471506,-0.881324,8.135317,123.128525,11.188608,0.076333,0.869933,0.072403,0.481817,-10.536340,87.423676,5.627460,0.065947,0.875623,-0.099082,0.468102,-12.886050,50.975029,-1.809709,-0.041219,0.916927,0.042181,0.394674,-22.735722,5.017635,3.477058,-0.092588,0.865247,-0.079656,0.486240,-0.977681,86.916008,20.552212,-0.018183,0.858708,-0.087944,0.504535,2.107073,50.754284,29.046362,-0.038611,0.803698,0.049904,0.591682,-0.613186,4.219726,37.057827,-0.041219,0.916927,0.042181,0.394674,-12.529811,0.756583,-5.889044,-0.038611,0.803698,0.049904,0.591682,12.680745,0.177454,32.938065
80,0.666667,-0.006295,0.876141,0.041358,0.480237,-5.758277,87.166519,13.085583,-0.064607,0.860787,0.135903,0.486211,-6.127231,94.410614,13.568460,-0.024462,0.865039,0.112859,0.488234,-9.191934,106.432655,15.723530,0.020223,0.912557,-0.058360,0.404259,-11.479122,121.028282,18.293306,0.021932,0.946672,-0.046398,0.318084,-9.019563,134.446793,15.872910,-0.013424,0.790037,0.246453,0.561180,-13.433677,115.612411,14.881198,0.250915,-0.344043,0.198752,-0.882708,-19.874380,120.060646,-0.677748,0.214660,0.386592,-0.454537,-0.773217,-2.779198,106.981125,-13.360223,0.309467,0.454549,-0.361394,-0.753000,2.792725,123.797752,-5.566146,-0.139677,0.894088,0.188196,0.381681,-9.731895,115.131081,20.909771,0.324579,0.869936,0.148360,-0.340365,1.930850,116.979134,33.712719,-0.105092,0.225243,0.506671,-0.825534,15.861520,105.393555,16.511703,0.012170,0.028461,0.471152,-0.881509,8.136275,123.124969,11.187777,0.076295,0.869835,0.072376,0.482004,-10.533716,87.420891,5.620735,0.065975,0.875817,-0.099033,0.467744,-12.880347,50.971527,-1.813871,-0.041243,0.916974,0.042200,0.394559,-22.728039,5.013564,3.471658,-0.092720,0.865268,-0.079564,0.486194,-0.982839,86.912140,20.550430,-0.018096,0.859176,-0.088053,0.503722,2.114195,50.751148,29.043192,-0.038036,0.803781,0.050607,0.591547,-0.610761,4.218113,37.061874,-0.041243,0.916974,0.042200,0.394559,-12.524179,0.753197,-5.896995,-0.038036,0.803781,0.050607,0.591547,12.681074,0.182116,32.929211
81,0.675000,-0.006384,0.876075,0.041398,0.480352,-5.755196,87.165245,13.082756,-0.064655,0.860688,0.135948,0.486368,-6.125637,94.409271,13.565471,-0.024503,0.864936,0.112853,0.488416,-9.192043,106.429863,15.720166,0.020537,0.912443,-0.058134,0.404533,-11.480754,121.025467,18.288704,0.021787,0.946583,-0.046504,0.318344,-9.014758,134.444641,15.878478,-0.013546,0.789852,0.246621,0.561363,-13.433698,115.609489,14.875862,0.250038,-0.343804,0.198989,-0.882997,-19.867113,120.059326,-0.685640,0.214499,0.387343,-0.453719,-0.773365,-2.768432,106.984558,-13.368302,0.309471,0.454886,-0.360885,-0.753040,2.809462,123.782349,-5.540273,-0.139821,0.893996,0.188285,0.381799,-9.734469,115.128372,20.906019,0.324503,0.870009,0.148332,-0.340264,1.923727,116.978493,33.712803,-0.105080,0.225371,0.506627,-0.825527,15.860337,105.393829,16.515980,0.012353,0.028591,0.470986,-0.881590,8.135514,123.124420,11.187344,0.076206,0.869858,0.072403,0.481973,-10.528649,87.418655,5.616607,0.066047,0.875689,-0.099154,0.467947,-12.868886,50.968563,-1.816482,-0.041129,0.916979,0.042248,0.394554,-22.729033,5.013773,3.473385,-0.092763,0.865179,-0.079545,0.486346,-0.981743,86.911827,20.548906,-0.018054,0.859040,-0.088032,0.503959,2.117234,50.751209,29.042562,-0.037754,0.803678,0.050701,0.591698,-0.612323,4.217681,37.056808,-0.041129,0.916979,0.042248,0.394554,-12.526139,0.753326,-5.896276,-0.037754,0.803678,0.050701,0.591698,12.679456,0.179135,32.926468
82,0.683333,-0.006515,0.875988,0.041555,0.480496,-5.748370,87.166740,13.078109,-0.064764,0.860600,0.135919,0.486517,-6.121653,94.410553,13.561847,-0.024560,0.864842,0.112984,0.488549,-9.190499,106.431213,15.714088,0.020577,0.912365,-0.057956,0.404732,-11.482979,121.025848,18.284784,0.021914,0.946494,-0.046606,0.318587,-9.017171,134.446075,15.880209,-0.013577,0.789775,0.246660,0.561454,-13.433719,115.610161,14.870225,0.249386,-0.343513,0.199142,-0.883260,-19.863562,120.060730,-0.692545,0.214411,0.388042,-0.452899,-0.773520,-2.757919,106.991409,-13.371449,0.309364,0.455162,-0.360582,-0.753062,2.827733,123.771599,-5.511899,-0.139976,0.893893,0.188376,0.381938,-9.736366,115.128578,20.901497,0.324390,0.870123,0.148402,-0.340050,1.916620,116.980896,33.712708,-0.105169,0.225603,0.506508,-0.825526,15.864125,105.398903,16.522923,0.012325,0.028731,0.470082,-0.882069,8.138890,123.126686,11.188118,0.076161,0.869814,0.072356,0.482066,-10.519339,87.419579,5.610351,0.066155,0.875729,-0.099235,0.467841,-12.857561,50.968468,-1.818369,-0.041491,0.916990,0.042107,0.394506,-22.729486,5.016551,3.474544,-0.092808,0.864997,-0.079500,0.486669,-0.977401,86.913902,20.545868,-0.018075,0.858949,-0.088108,0.504100,2.122910,50.753357,29.039366,-0.038251,0.803734,0.050499,0.591607,-0.609880,4.221156,37.060257,-0.041491,0.916990,0.042107,0.394506,-12.524736,0.756635,-5.893340,-0.038251,0.803734,0.050499,0.591607,12.683572,0.186289,32.931702
83,0.691667,-0.006642,0.875861,0.041675,0.480714,-5.743457,87.167763,13.073555,-0.064612,0.860489,0.135912,0.486737,-6.119307,94.411415,13.557829,-0.024671,0.864696,0.113032,0.488791,-9.184787,106.430420,15.710646,0.020889,0.912260,-0.057664,0.404993,-11.481577,121.024559,18.280272,0.021816,0.946438,-0.046768,0.318733,-9.010188,134.445862,15.887441,-0.013713,0.789586,0.246859,0.561628,-13.429278,115.608559,14.864473,0.248463,-0.343206,0.199369,-0.883588,-19.852158,120.060875,-0.700673,0.214171,0.388776,-0.452295,-0.773572,-2.740525,106.997894,-13.378016,0.309349,0.455531,-0.360146,-0.753054,2.844153,123.763153,-5.486634,-0.140051,0.893798,0.188457,0.382093,-9.735358,115.127586,20.897896,0.324192,0.870242,0.148831,-0.339747,1.912773,116.979668,33.713554,-0.105004,0.225626,0.506267,-0.825688,15.877038,105.409393,16.529482,0.012460,0.028852,0.469766,-0.882231,8.142242,123.131546,11.187941,0.076181,0.869774,0.072333,0.482140,-10.510679,87.419823,5.603380,0.066190,0.875498,-0.099434,0.468226,-12.850364,50.968700,-1.824801,-0.041263,0.916936,0.042086,0.394657,-22.736153,5.020955,3.478419,-0.092786,0.864920,-0.079635,0.486789,-0.976234,86.915703,20.543730,-0.017940,0.858548,-0.087556,0.504883,2.116538,50.756454,29.045509,-0.038026,0.802943,0.050829,0.592666,-0.608121,4.214630,37.013142,-0.041263,0.916936,0.042086,0.394657,-12.530470,0.757993,-5.887061,-0.038026,0.802943,0.050829,0.592666,12.695907,0.183463,32.915150
84,0.700000,-0.006708,0.875780,0.041722,0.480858,-5.739395,87.166954,13.070202,-0.064700,0.860400,0.135885,0.486890,-6.116499,94.410530,13.554543,-0.024759,0.864596,0.113146,0.488937,-9.184076,106.429993,15.705233,0.020950,0.912162,-0.057572,0.405225,-11.485236,121.023239,18.276052,0.021957,0.946327,-0.046892,0.319035,-9.012411,134.444946,15.887110,-0.013811,0.789381,0.246966,0.561867,-13.430416,115.607246,14.858788,0.247748,-0.342930,0.199609,-0.883842,-19.843847,120.061096,-0.709812,0.214067,0.389427,-0.451677,-0.773634,-2.727525,107.000694,-13.383475,0.309214,0.455914,-0.359424,-0.753222,2.858904,123.751701,-5.465042,-0.140133,0.893728,0.188546,0.382183,-9.738587,115.126297,20.893492,0.323909,0.870410,0.149085,-0.339474,1.906346,116.978851,33.711987,-0.104934,0.225668,0.505957,-0.825875,15.888980,105.420425,16.534883,0.012612,0.028971,0.469173,-0.882541,8.142708,123.134842,11.187761,0.076148,0.869705,0.072336,0.482267,-10.504144,87.418495,5.598433,0.066290,0.875637,-0.099505,0.467936,-12.840541,50.967033,-1.829109,-0.041318,0.916928,0.042098,0.394670,-22.735968,5.021891,3.478697,-0.092815,0.864830,-0.079624,0.486944,-0.974645,86.915413,20.541971,-0.017972,0.858330,-0.087669,0.505234,2.118796,50.756435,29.044659,-0.037913,0.803096,0.050831,0.592466,-0.611931,4.216599,37.021790,-0.041318,0.916928,0.042098,0.394670,-12.529492,0.759866,-5.886345,-0.037913,0.803096,0.050831,0.592466,12.689306,0.183596,32.916553
85,0.708333,-0.006700,0.875721,0.041734,0.480965,-5.736411,87.164841,13.065587,-0.064726,0.860320,0.135874,0.487030,-6.113557,94.408409,13.550101,-0.024721,0.864517,0.113115,0.489085,-9.181802,106.427429,15.699656,0.020801,0.912073,-0.057644,0.405423,-11.481942,121.020950,18.269869,0.022048,0.946224,-0.046835,0.319345,-9.011261,134.442596,15.878325,-0.013771,0.789325,0.246977,0.561942,-13.426701,115.605232,14.851919,0.247282,-0.342736,0.199781,-0.884009,-19.837250,120.061096,-0.717297,0.214161,0.390089,-0.450969,-0.773687,-2.717719,107.001808,-13.387765,0.309340,0.456334,-0.358937,-0.753148,2.873142,123.738464,-5.444936,-0.140198,0.893619,0.188544,0.382415,-9.736896,115.123764,20.887821,0.323777,0.870475,0.149052,-0.339450,1.901224,116.976295,33.712509,-0.104974,0.225849,0.505925,-0.825841,15.888974,105.421829,16.536901,0.012748,0.029058,0.468773,-0.882748,8.144239,123.136627,11.184480,0.076101,0.869655,0.072323,0.482368,-10.499346,87.416710,5.592669,0.066324,0.875429,-0.099598,0.468301,-12.832355,50.964565,-1.832619,-0.041472,0.916923,0.041996,0.394676,-22.736797,5.021587,3.477137,-0.092858,0.864814,-0.079567,0.486974,-0.973476,86.912979,20.538506,-0.018071,0.858573,-0.088019,0.504756,2.124533,50.753929,29.039198,-0.037921,0.803555,0.050650,0.591858,-0.610515,4.220242,37.050655,-0.041472,0.916923,0.041996,0.394676,-12.529119,0.758750,-5.886229,-0.037921,0.803555,0.050650,0.591858,12.683823,0.183311,32.926956
86,0.716667,-0.006658,0.875675,0.041674,0.481054,-5.731872,87.163773,13.062379,-0.064846,0.860216,0.135940,0.487179,-6.108108,94.407417,13.546383,-0.024838,0.864410,0.113105,0.489270,-9.180202,106.425880,15.695349,0.020847,0.911989,-0.057524,0.405627,-11.483780,121.019295,18.263084,0.022187,0.946151,-0.046950,0.319535,-9.012469,134.441589,15.875859,-0.013839,0.789169,0.247084,0.562112,-13.426147,115.602943,14.844790,0.246304,-0.342417,0.200163,-0.884319,-19.829967,120.060539,-0.726694,0.213962,0.390580,-0.450470,-0.773786,-2.707145,107.001961,-13.393445,0.309279,0.456739,-0.358352,-0.753206,2.886231,123.726234,-5.426950,-0.140262,0.893538,0.188657,0.382525,-9.738996,115.122643,20.882402,0.323671,0.870547,0.148767,-0.339490,1.895555,116.974533,33.710419,-0.105190,0.226054,0.505888,-0.825780,15.885383,105.418991,16.537228,0.012739,0.029236,0.468356,-0.882964,8.143016,123.133835,11.182894,0.076094,0.869553,0.072299,0.482556,-10.493298,87.415848,5.588509,0.066321,0.875351,-0.099638,0.468439,-12.825057,50.963367,-1.835500,-0.041039,0.916946,0.042114,0.394654,-22.731878,5.021116,3.476085,-0.092749,0.864719,-0.079568,0.487163,-0.970447,86.911690,20.536249,-0.018044,0.858531,-0.087939,0.504842,2.118727,50.751137,29.033792,-0.037702,0.803338,0.050334,0.592194,-0.615433,4.216024,37.037277,-0.041039,0.916946,0.042114,0.394654,-12.528181,0.756308,-5.890718,-0.037702,0.803338,0.050334,0.592194,12.679184,0.168369,32.925022
87,0.725000,-0.006698,0.875623,0.041650,0.481149,-5.727745,87.162041,13.058662,-0.064930,0.860153,0.135944,0.487279,-6.104380,94.405708,13.542048,-0.024840,0.864349,0.113180,0.489361,-9.178725,106.424583,15.689817,0.020999,0.911936,-0.057285,0.405771,-11.483715,121.017479,18.259193,0.022208,0.946096,-0.047156,0.319666,-9.010685,134.440918,15.880116,-0.013935,0.789001,0.247193,0.562298,-13.425035,115.601517,14.839694,0.245856,-0.342255,0.200312,-0.884473,-19.821474,120.060287,-0.734495,0.213977,0.391129,-0.449882,-0.773847,-2.696090,107.003250,-13.399381,0.309098,0.457325,-0.357825,-0.753175,2.901005,123.715187,-5.411172,-0.140392,0.893482,0.188828,0.382524,-9.739139,115.120544,20.878023,0.323555,0.870614,0.148728,-0.339446,1.894180,116.973923,33.706944,-0.105238,0.226086,0.505839,-0.825795,15.889248,105.421341,16.536028,0.012974,0.029292,0.467840,-0.883232,8.144962,123.136711,11.180885,0.076124,0.869429,0.072224,0.482786,-10.487541,87.413376,5.583726,0.066316,0.875249,-0.099661,0.468624,-12.822072,50.960426,-1.837122,-0.041368,0.916931,0.042074,0.394658,-22.730532,5.018532,3.474450,-0.092769,0.864708,-0.079641,0.487167,-0.967949,86.910706,20.533598,-0.017978,0.858306,-0.087640,0.505278,2.119777,50.751305,29.036533,-0.038682,0.803057,0.049949,0.592544,-0.609493,4.210999,37.011429,-0.041368,0.916931,0.042074,0.394658,-12.523911,0.756485,-5.890429,-0.038682,0.803057,0.049949,0.592544,12.693795,0.170965,32.919765
88,0.733333,-0.006785,0.875568,0.041777,0.481238,-5.720958,87.162361,13.054277,-0.064910,0.860070,0.136009,0.487409,-6.099629,94.405853,13.538629,-0.024932,0.864250,0.113234,0.489519,-9.174679,106.424393,15.687558,0.020984,0.911861,-0.057172,0.405955,-11.483324,121.016777,18.256536,0.022366,0.946019,-0.047337,0.319855,-9.011175,134.440964,15.880839,-0.014121,0.788850,0.247374,0.562426,-13.422327,115.600586,14.836097,0.245324,-0.342078,0.200358,-0.884678,-19.813555,120.058990,-0.740333,0.213874,0.391757,-0.449401,-0.773837,-2.683058,107.009102,-13.405660,0.309182,0.457615,-0.357457,-0.753140,2.911766,123.710190,-5.392955,-0.140466,0.893398,0.188786,0.382713,-9.738695,115.120079,20.875843,0.323402,0.870701,0.149039,-0.339230,1.888853,116.974686,33.709816,-0.105118,0.226157,0.505591,-0.825942,15.896166,105.431007,16.542902,0.012903,0.029435,0.467526,-0.883395,8.143267,123.139938,11.180721,0.076077,0.869528,0.072256,0.482610,-10.479210,87.413498,5.578355,0.066397,0.875301,-0.099768,0.468494,-12.811080,50.960361,-1.842409,-0.041131,0.916954,0.042088,0.394628,-22.730158,5.021515,3.475761,-0.092825,0.864694,-0.079667,0.487176,-0.962706,86.911217,20.530201,-0.017921,0.858291,-0.087788,0.505281,2.127545,50.752892,29.036839,-0.039130,0.803212,0.049733,0.592323,-0.613442,4.214841,37.020927,-0.041131,0.916954,0.042088,0.394628,-12.526237,0.757081,-5.890967,-0.039130,0.803212,0.049733,0.592323,12.689803,0.177389,32.926590
89,0.741667,-0.006857,0.875443,0.041859,0.481457,-5.718529,87.164238,13.052633,-0.064856,0.859997,0.135889,0.487579,-6.098813,94.407616,13.537423,-0.025011,0.864151,0.113373,0.489658,-9.171525,106.426605,15.683788,0.020970,0.911832,-0.056847,0.406067,-11.484663,121.017929,18.254755,0.022591,0.945989,-0.047656,0.319879,-9.016008,134.444244,15.887345,-0.014169,0.788693,0.247494,0.562591,-13.421139,115.601921,14.832605,0.244939,-0.341880,0.200435,-0.884844,-19.805864,120.062851,-0.745763,0.213873,0.392341,-0.448918,-0.773822,-2.670144,107.016907,-13.408102,0.309260,0.457875,-0.357112,-0.753113,2.923695,123.707901,-5.374212,-0.140552,0.893366,0.188936,0.382683,-9.739491,115.121162,20.873541,0.323202,0.870792,0.149075,-0.339173,1.888019,116.976479,33.707443,-0.105250,0.226129,0.505429,-0.826033,15.903722,105.440201,16.542397,0.012873,0.029486,0.467253,-0.883538,8.143272,123.147728,11.182008,0.076040,0.869517,0.072239,0.482638,-10.473024,87.415138,5.574313,0.066472,0.875116,-0.099913,0.468798,-12.802831,50.961388,-1.844113,-0.041179,0.916911,0.042075,0.394725,-22.736221,5.026218,3.479047,-0.092889,0.864621,-0.079634,0.487300,-0.964034,86.913338,20.530954,-0.017904,0.858147,-0.087779,0.505527,2.130290,50.755493,29.038132,-0.038900,0.803135,0.049946,0.592424,-0.613956,4.217246,37.019890,-0.041179,0.916911,0.042075,0.394725,-12.529948,0.762060,-5.885243,-0.038900,0.803135,0.049946,0.592424,12.689665,0.180740,32.925835
90,0.750000,-0.007002,0.875450,0.041935,0.481436,-5.707649,87.165047,13.048950,-0.064981,0.859971,0.135885,0.487610,-6.090309,94.408302,13.533696,-0.025088,0.864112,0.113472,0.489698,-9.166214,106.428680,15.678629,0.020893,0.911792,-0.056847,0.406163,-11.482922,121.019218,18.250891,0.022805,0.945920,-0.047731,0.320059,-9.015780,134.445709,15.883018,-0.014287,0.788547,0.247668,0.562717,-13.417777,115.603134,14.827925,0.244553,-0.341724,0.200488,-0.884999,-19.797441,120.065399,-0.752138,0.213810,0.392848,-0.448488,-0.773831,-2.657430,107.024063,-13.413418,0.308980,0.458391,-0.356593,-0.753160,2.935975,123.705673,-5.359495,-0.140592,0.893279,0.189038,0.382819,-9.736746,115.122543,20.869251,0.323086,0.870848,0.149175,-0.339095,1.886757,116.976425,33.706993,-0.105330,0.226125,0.505363,-0.826064,15.908880,105.445396,16.543652,0.013006,0.029562,0.466570,-0.883895,8.145801,123.151817,11.184508,0.076085,0.869506,0.072188,0.482658,-10.462479,87.414322,5.570785,0.066508,0.874961,-0.100027,0.469057,-12.796849,50.960541,-1.846021,-0.041272,0.916878,0.042092,0.394792,-22.739733,5.027977,3.481903,-0.092774,0.864642,-0.079866,0.487247,-0.952819,86.915771,20.527115,-0.017834,0.858179,-0.087590,0.505508,2.126157,50.759113,29.044903,-0.039056,0.802828,0.050105,0.592817,-0.614516,4.217494,37.008221,-0.041272,0.916878,0.042092,0.394792,-12.531241,0.765349,-5.880670,-0.039056,0.802828,0.050105,0.592817,12.694907,0.187191,32.926922
91,0.758333,-0.006939,0.875342,0.041894,0.481636,-5.706891,87.163940,13.047748,-0.064948,0.859881,0.135849,0.487782,-6.088568,94.407257,13.532326,-0.025076,0.864022,0.113484,0.489856,-9.163615,106.427345,15.676180,0.020926,0.911732,-0.056934,0.406283,-11.480637,121.017822,18.248493,0.022909,0.945880,-0.047809,0.320157,-9.011260,134.443695,15.879360,-0.014422,0.788418,0.247748,0.562859,-13.414494,115.602028,14.824508,0.244209,-0.341592,0.200489,-0.885145,-19.788458,120.063438,-0.758132,0.213662,0.393297,-0.448179,-0.773823,-2.643973,107.028076,-13.419506,0.308862,0.458556,-0.356422,-0.753189,2.946507,123.701813,-5.347134,-0.140664,0.893241,0.189077,0.382864,-9.735643,115.120926,20.867121,0.322963,0.870906,0.149135,-0.339081,1.885960,116.976036,33.706402,-0.105382,0.226181,0.505316,-0.826071,15.912530,105.448677,16.544256,0.013084,0.029535,0.466369,-0.884000,8.148364,123.154816,11.183947,0.076074,0.869453,0.072185,0.482756,-10.458307,87.414001,5.567443,0.066545,0.875065,-0.100046,0.468853,-12.791246,50.960064,-1.849068,-0.041170,0.916907,0.042063,0.394737,-22.736763,5.028322,3.481024,-0.092868,0.864551,-0.079662,0.487424,-0.955474,86.913872,20.528051,-0.017918,0.858282,-0.087962,0.505266,2.135306,50.756084,29.036751,-0.039331,0.803264,0.049798,0.592233,-0.614153,4.220915,37.034672,-0.041170,0.916907,0.042063,0.394737,-12.530375,0.763776,-5.882963,-0.039331,0.803264,0.049798,0.592233,12.689933,0.188238,32.938358
92,0.766667,-0.006954,0.875351,0.041840,0.481624,-5.699865,87.161568,13.044158,-0.065064,0.859829,0.135953,0.487829,-6.081343,94.404953,13.527957,-0.025089,0.863980,0.113466,0.489933,-9.160321,106.424187,15.672434,0.020779,0.911716,-0.056749,0.406352,-11.477643,121.014763,18.243893,0.023162,0.945841,-0.048008,0.320225,-9.013670,134.442184,15.877935,-0.014468,0.788321,0.247798,0.562971,-13.410948,115.598885,14.819729,0.243742,-0.341356,0.200531,-0.885355,-19.780478,120.061028,-0.764509,0.213529,0.393597,-0.447918,-0.773858,-2.628770,107.032570,-13.423207,0.308768,0.458952,-0.356541,-0.752930,2.962183,123.701218,-5.336056,-0.140673,0.893171,0.189074,0.383024,-9.733178,115.117935,20.863008,0.322905,0.870925,0.149072,-0.339116,1.884051,116.971985,33.706398,-0.105422,0.226285,0.505340,-0.826022,15.911299,105.446030,16.543852,0.013131,0.029498,0.466156,-0.884113,8.149803,123.153259,11.181301,0.076095,0.869387,0.072114,0.482882,-10.451489,87.410934,5.563964,0.066537,0.875028,-0.100029,0.468928,-12.787334,50.956474,-1.849049,-0.041078,0.916916,0.042095,0.394723,-22.731876,5.024305,3.479215,-0.092821,0.864575,-0.079767,0.487372,-0.948240,86.912193,20.524351,-0.017829,0.858435,-0.087998,0.505002,2.136148,50.755005,29.037914,-0.038336,0.803199,0.050122,0.592360,-0.619826,4.220134,37.035336,-0.041078,0.916916,0.042095,0.394723,-12.526494,0.759500,-5.885753,-0.038336,0.803199,0.050122,0.592360,12.679974,0.178237,32.934189
93,0.775000,-0.006937,0.875350,0.041784,0.481632,-5.693414,87.159225,13.041308,-0.065126,0.859820,0.135920,0.487847,-6.074296,94.402687,13.524503,-0.025101,0.863969,0.113497,0.489944,-9.154484,106.422874,15.667593,0.020755,0.911715,-0.056671,0.406365,-11.472605,121.013222,18.239645,0.023273,0.945829,-0.048121,0.320236,-9.010037,134.441193,15.875381,-0.013887,0.789335,0.246724,0.562037,-13.405536,115.597404,14.815172,0.243818,-0.341124,0.199980,-0.885548,-19.812248,120.045914,-0.757726,0.213736,0.393522,-0.447308,-0.774192,-2.641624,107.041405,-13.415414,0.308677,0.459098,-0.356412,-0.752940,2.970618,123.693756,-5.327071,-0.140719,0.893097,0.189065,0.383184,-9.727932,115.116348,20.858547,0.322921,0.870930,0.149183,-0.339040,1.884589,116.970512,33.706184,-0.105295,0.226336,0.505363,-0.826010,15.913895,105.445114,16.544950,0.013253,0.029382,0.465861,-0.884271,8.154332,123.151779,11.178388,0.076103,0.869377,0.072093,0.482902,-10.444909,87.408379,5.561021,0.066555,0.875174,-0.099999,0.468659,-12.781850,50.953777,-1.850954,-0.041126,0.916961,0.042101,0.394613,-22.724937,5.021265,3.477067,-0.092760,0.864618,-0.079847,0.487295,-0.941919,86.910080,20.521597,-0.017727,0.858349,-0.087885,0.505173,2.136371,50.753002,29.037840,-0.038126,0.803009,0.050247,0.592620,-0.624003,4.215908,37.020786,-0.041126,0.916961,0.042101,0.394613,-12.521325,0.757099,-5.890120,-0.038126,0.803009,0.050247,0.592620,12.677500,0.173345,32.925816
94,0.783333,-0.006937,0.875317,0.041709,0.481698,-5.689574,87.160568,13.041663,-0.065183,0.859765,0.135888,0.487945,-6.069959,94.404121,13.523878,-0.025082,0.863913,0.113486,0.490048,-9.150473,106.421295,15.664691,0.020779,0.911666,-0.056801,0.406457,-11.468248,121.011749,18.236446,0.023331,0.945791,-0.048131,0.320342,-9.003308,134.438843,15.869654,-0.014737,0.788171,0.247833,0.563160,-13.400737,115.596100,14.811439,0.243194,-0.341066,0.200489,-0.885627,-19.762594,120.053246,-0.777368,0.213303,0.394420,-0.447481,-0.773754,-2.600175,107.036797,-13.433891,0.308735,0.459204,-0.356385,-0.752864,2.980303,123.692406,-5.316890,-0.140727,0.893059,0.189064,0.383271,-9.724560,115.114716,20.855656,0.322844,0.870958,0.149152,-0.339054,1.885556,116.968391,33.705532,-0.105324,0.226377,0.505352,-0.826002,15.916845,105.445442,16.544275,0.013343,0.029360,0.465635,-0.884389,8.157217,123.152832,11.176737,0.076124,0.869413,0.072033,0.482844,-10.439940,87.409134,5.560641,0.066546,0.875064,-0.099995,0.468866,-12.780912,50.954121,-1.848047,-0.041043,0.916967,0.042140,0.394603,-22.724417,5.021444,3.477756,-0.092771,0.864650,-0.079822,0.487240,-0.939208,86.912003,20.522686,-0.017698,0.858254,-0.087894,0.505334,2.141255,50.754780,29.037506,-0.038016,0.802990,0.050250,0.592652,-0.623441,4.217744,37.019272,-0.041043,0.916967,0.042140,0.394603,-12.521637,0.757316,-5.890353,-0.038016,0.802990,0.050250,0.592652,12.677606,0.173419,32.924564
95,0.791667,-0.006988,0.875245,0.041756,0.481824,-5.686351,87.161507,13.041030,-0.065135,0.859728,0.135783,0.488045,-6.067788,94.404984,13.523433,-0.025096,0.863858,0.113558,0.490126,-9.146137,106.422577,15.662193,0.020894,0.911639,-0.056782,0.406514,-11.465551,121.012520,18.235374,0.023405,0.945778,-0.048272,0.320354,-8.997726,134.439438,15.870565,-0.014698,0.787917,0.248104,0.563396,-13.396970,115.597168,14.809314,0.242987,-0.341010,0.200627,-0.885674,-19.749619,120.062874,-0.780801,0.213241,0.394737,-0.447278,-0.773727,-2.588041,107.044029,-13.436009,0.308724,0.459327,-0.356447,-0.752764,2.989491,123.693970,-5.307607,-0.140774,0.893043,0.189100,0.383273,-9.721886,115.115295,20.854156,0.322761,0.870994,0.149258,-0.338994,1.887714,116.969856,33.704376,-0.105309,0.226357,0.505311,-0.826035,15.923741,105.451286,16.544050,0.013436,0.029327,0.465490,-0.884465,8.161887,123.158119,11.176232,0.076128,0.869351,0.072044,0.482952,-10.434551,87.409782,5.558622,0.066594,0.875068,-0.100196,0.468808,-12.774446,50.954945,-1.851238,-0.040686,0.916979,0.042351,0.394590,-22.730284,5.026665,3.489424,-0.092830,0.864591,-0.079755,0.487345,-0.938151,86.913231,20.523438,-0.017702,0.858193,-0.087901,0.505435,2.147522,50.756012,29.036427,-0.039361,0.803033,0.049731,0.592550,-0.618071,4.219100,37.018620,-0.040686,0.916979,0.042351,0.394590,-12.530337,0.763797,-5.882349,-0.039361,0.803033,0.049731,0.592550,12.689075,0.185438,32.933216
96,0.800000,-0.006726,0.875219,0.041655,0.481884,-5.691324,87.168480,13.041260,-0.065029,0.859696,0.135634,0.488158,-6.068748,94.412140,13.524194,-0.025075,0.863791,0.113627,0.490230,-9.141600,106.424484,15.659559,0.021064,0.911599,-0.056796,0.406594,-11.461788,121.013985,18.234516,0.023397,0.945764,-0.048381,0.320378,-8.989299,134.440369,15.871591,-0.014768,0.787794,0.248150,0.563546,-13.392332,115.599152,14.807134,0.239142,-0.340093,0.202189,-0.886717,-19.738993,120.065201,-0.785321,0.211642,0.393942,-0.447975,-0.774168,-2.577633,107.043182,-13.437563,0.308680,0.459558,-0.356465,-0.752633,3.002887,123.699272,-5.300102,-0.140804,0.893026,0.189136,0.383285,-9.718679,115.116371,20.852774,0.322743,0.871006,0.149410,-0.338914,1.890314,116.971207,33.703499,-0.105253,0.226355,0.505297,-0.826051,15.929640,105.455193,16.544149,0.013532,0.029329,0.465183,-0.884625,8.167048,123.161652,11.174989,0.075971,0.869318,0.072067,0.483032,-10.438560,87.420013,5.558348,0.066711,0.875097,-0.100210,0.468735,-12.766868,50.963654,-1.847641,-0.040555,0.916971,0.042162,0.394642,-22.732479,5.037108,3.489716,-0.092962,0.864575,-0.079827,0.487336,-0.944089,86.916939,20.524172,-0.017627,0.858254,-0.087675,0.505373,2.147386,50.762413,29.046463,-0.039544,0.802877,0.049608,0.592760,-0.612906,4.221514,37.007187,-0.040555,0.916971,0.042162,0.394642,-12.533217,0.767996,-5.879960,-0.039544,0.802877,0.049608,0.592760,12.697051,0.188144,32.930668
97,0.808333,-0.006740,0.875228,0.041668,0.481866,-5.686671,87.167885,13.040289,-0.064974,0.859661,0.135551,0.488249,-6.064358,94.411522,13.523303,-0.025121,0.863715,0.113644,0.490357,-9.135782,106.426743,15.657658,0.021160,0.911554,-0.056758,0.406693,-11.457813,121.016052,18.232035,0.023451,0.945744,-0.048497,0.320416,-8.982966,134.442429,15.871540,-0.013998,0.788743,0.247139,0.562682,-13.386923,115.601112,14.804024,0.239394,-0.339906,0.201744,-0.886822,-19.768253,120.060555,-0.776163,0.211996,0.393704,-0.447466,-0.774486,-2.591577,107.055130,-13.424687,0.308815,0.459568,-0.356497,-0.752556,3.012270,123.700142,-5.293806,-0.140818,0.893009,0.189203,0.383285,-9.715067,115.118538,20.850771,0.322756,0.871049,0.149408,-0.338792,1.893786,116.972878,33.701694,-0.105479,0.226891,0.505391,-0.825818,15.936783,105.454674,16.546835,0.013527,0.029736,0.463337,-0.885580,8.187448,123.164513,11.166811,0.076029,0.869242,0.071956,0.483177,-10.434216,87.419304,5.557572,0.066708,0.875026,-0.100205,0.468869,-12.769043,50.962395,-1.843711,-0.040632,0.916950,0.042206,0.394677,-22.734997,5.035716,3.491844,-0.093052,0.864513,-0.079761,0.487439,-0.939126,86.916466,20.523006,-0.017565,0.858188,-0.087921,0.505446,2.159541,50.762402,29.044676,-0.039692,0.803071,0.049503,0.592496,-0.618246,4.225364,37.021900,-0.040632,0.916950,0.042206,0.394677,-12.534211,0.768611,-5.877084,-0.039692,0.803071,0.049503,0.592496,12.689633,0.192075,32.938526
98,0.816667,-0.006817,0.875242,0.041545,0.481849,-5.677849,87.168396,13.039094,-0.065107,0.859630,0.135661,0.488255,-6.055646,94.412163,13.520008,-0.025091,0.863708,0.113592,0.490383,-9.131021,106.425179,15.654818,0.021283,0.911527,-0.056752,0.406749,-11.451583,121.014893,18.228235,0.023471,0.945716,-0.048541,0.320491,-8.973536,134.440994,15.869514,-0.014028,0.788643,0.247072,0.562851,-13.381121,115.599968,14.800445,0.239094,-0.339751,0.201847,-0.886939,-19.755789,120.058762,-0.782658,0.211886,0.393937,-0.447431,-0.774418,-2.575933,107.054535,-13.428090,0.308962,0.459567,-0.356635,-0.752431,3.021973,123.697327,-5.289150,-0.140740,0.892967,0.189064,0.383480,-9.709605,115.117332,20.847399,0.322696,0.871084,0.149245,-0.338830,1.894814,116.969597,33.702629,-0.105391,0.227080,0.505433,-0.825751,15.938515,105.450974,16.548615,0.013753,0.029611,0.463168,-0.885669,8.193984,123.161636,11.161082,0.076006,0.869294,0.071953,0.483087,-10.425657,87.417549,5.556467,0.066781,0.875228,-0.100177,0.468489,-12.759869,50.960342,-1.843546,-0.040610,0.917018,0.042142,0.394529,-22.728321,5.034068,3.490815,-0.093004,0.864439,-0.079746,0.487582,-0.930041,86.919243,20.521721,-0.017579,0.858427,-0.088057,0.505016,2.164698,50.764347,29.041246,-0.039493,0.803237,0.049323,0.592299,-0.614461,4.229629,37.031517,-0.040610,0.917018,0.042142,0.394529,-12.530904,0.765005,-5.880888,-0.039493,0.803237,0.049323,0.592299,12.689178,0.189010,32.941578
99,0.825000,-0.006754,0.875200,0.041475,0.481933,-5.677010,87.164177,13.040498,-0.065100,0.859599,0.135528,0.488349,-6.053568,94.408043,13.520927,-0.025011,0.863676,0.113491,0.490468,-9.128041,106.424355,15.653104,0.021132,0.911538,-0.056612,0.406752,-11.445301,121.014877,18.224907,0.023679,0.945723,-0.048695,0.320431,-8.972531,134.442261,15.867922,-0.014048,0.788604,0.247036,0.562921,-13.375653,115.600159,14.797253,0.238954,-0.339685,0.201883,-0.886994,-19.747564,120.058319,-0.787158,0.211828,0.394046,-0.447265,-0.774475,-2.566209,107.055115,-13.431602,0.308976,0.459465,-0.356776,-0.752420,3.033651,123.692474,-5.286853,-0.140682,0.892967,0.189021,0.383523,-9.705267,115.117096,20.844856,0.322829,0.871057,0.149169,-0.338807,1.898554,116.967834,33.700844,-0.105172,0.227191,0.505530,-0.825689,15.938725,105.442406,16.548515,0.013900,0.029472,0.463300,-0.885602,8.199467,123.155067,11.153336,0.075965,0.869253,0.072010,0.483160,-10.423397,87.413765,5.556983,0.066800,0.875127,-0.100225,0.468663,-12.752329,50.956718,-1.845463,-0.040564,0.917026,0.042155,0.394514,-22.725534,5.031607,3.490003,-0.092996,0.864483,-0.079740,0.487506,-0.930622,86.914589,20.524014,-0.017517,0.858054,-0.087768,0.505701,2.164568,50.759495,29.042542,-0.039759,0.802762,0.049406,0.592918,-0.612135,4.219773,37.004467,-0.040564,0.917026,0.042155,0.394514,-12.528783,0.762364,-5.882345,-0.039759,0.802762,0.049406,0.592918,12.699960,0.185469,32.935863
100,0.833333,-0.006753,0.875262,0.041409,0.481826,-5.671368,87.163841,13.039362,-0.065109,0.859588,0.135562,0.488358,-6.047388,94.407791,13.519010,-0.025026,0.863650,0.113408,0.490532,-9.122387,106.423477,15.651679,0.021284,0.911515,-0.056635,0.406792,-11.439015,121.014534,18.221001,0.023699,0.945723,-0.048713,0.320426,-8.962070,134.441376,15.865320,-0.014043,0.788547,0.247001,0.563016,-13.369250,115.599442,14.793870,0.238833,-0.339599,0.201946,-0.887045,-19.737450,120.057892,-0.791979,0.211786,0.394114,-0.447170,-0.774506,-2.554436,107.054451,-13.433931,0.309032,0.459339,-0.356947,-0.752393,3.046506,123.689140,-5.285305,-0.140653,0.892949,0.188947,0.383613,-9.699757,115.117027,20.842066,0.322908,0.871047,0.149059,-0.338805,1.901957,116.967163,33.700043,-0.104689,0.226890,0.505521,-0.825839,15.939644,105.436562,16.549149,0.014377,0.028953,0.464260,-0.885109,8.194829,123.145653,11.152946,0.075930,0.869250,0.071985,0.483175,-10.419595,87.412804,5.556994,0.066817,0.875239,-0.100159,0.468466,-12.747025,50.955093,-1.842654,-0.040587,0.917074,0.042203,0.394395,-22.717505,5.028924,3.488851,-0.093032,0.864485,-0.079704,0.487502,-0.923140,86.914879,20.521730,-0.017485,0.858407,-0.088147,0.505037,2.175707,50.759865,29.039270,-0.038301,0.803227,0.049849,0.592346,-0.615579,4.226333,37.032215,-0.040587,0.917074,0.042203,0.394395,-12.522820,0.761081,-5.886381,-0.038301,0.803227,0.049849,0.592346,12.682526,0.177728,32.932175
101,0.841667,-0.006742,0.875182,0.041305,0.481980,-5.671805,87.165512,13.042472,-0.064914,0.859551,0.135351,0.488507,-6.047033,94.409584,13.520804,-0.025045,0.863569,0.113389,0.490677,-9.115125,106.425262,15.650587,0.021398,0.911453,-0.056741,0.406911,-11.432418,121.016434,18.218731,0.023689,0.945695,-0.048722,0.320509,-8.951005,134.442307,15.862224,-0.014083,0.788491,0.246999,0.563095,-13.361573,115.601265,14.791099,0.238633,-0.339565,0.202006,-0.887098,-19.726643,120.059296,-0.796148,0.211710,0.394250,-0.447031,-0.774538,-2.543682,107.056488,-13.438828,0.309155,0.459240,-0.357073,-0.752344,3.057896,123.687401,-5.283247,-0.140635,0.892930,0.188885,0.383694,-9.694122,115.118965,20.840544,0.323009,0.871014,0.149100,-0.338777,1.905604,116.968773,33.700363,-0.104449,0.226941,0.505616,-0.825797,15.940984,105.434837,16.549835,0.014589,0.028774,0.464251,-0.885116,8.200984,123.144241,11.147860,0.075958,0.869180,0.071998,0.483293,-10.417403,87.413879,5.558416,0.066798,0.875096,-0.100196,0.468729,-12.745184,50.956619,-1.843368,-0.040429,0.917067,0.042220,0.394426,-22.717312,5.030918,3.489055,-0.093118,0.864493,-0.079613,0.487486,-0.926207,86.917145,20.526527,-0.017391,0.858463,-0.088156,0.504943,2.181677,50.762241,29.041267,-0.038202,0.803169,0.049860,0.592431,-0.616860,4.228559,37.030785,-0.040429,0.917067,0.042220,0.394426,-12.523371,0.761716,-5.886368,-0.038202,0.803169,0.049860,0.592431,12.681437,0.178564,32.932743
102,0.850000,-0.006834,0.875165,0.041405,0.482000,-5.665435,87.167313,13.041920,-0.064803,0.859448,0.135511,0.488658,-6.042556,94.411247,13.520868,-0.025219,0.863440,0.113179,0.490944,-9.112325,106.433174,15.656093,0.021438,0.911426,-0.056649,0.406982,-11.431833,121.025505,18.215597,0.023941,0.945742,-0.048800,0.320338,-8.950180,134.451859,15.862092,-0.013959,0.788439,0.246765,0.563273,-13.358590,115.608582,14.789396,0.239018,-0.339583,0.201959,-0.886999,-19.716797,120.066978,-0.800541,0.211990,0.394466,-0.446767,-0.774504,-2.533474,107.060516,-13.438962,0.309417,0.459073,-0.357205,-0.752275,3.070384,123.688019,-5.280557,-0.140330,0.893030,0.188992,0.383519,-9.694972,115.129402,20.841408,0.323022,0.871047,0.149173,-0.338645,1.912416,116.969910,33.695641,-0.104625,0.227392,0.505678,-0.825613,15.951822,105.435089,16.549006,0.014468,0.029085,0.462894,-0.885818,8.221944,123.147675,11.137202,0.075973,0.869140,0.071925,0.483375,-10.410654,87.415115,5.557606,0.066864,0.875034,-0.100242,0.468825,-12.741375,50.957253,-1.840237,-0.040625,0.917044,0.042196,0.394461,-22.721533,5.033264,3.491876,-0.093120,0.864514,-0.079703,0.487435,-0.920217,86.919502,20.526234,-0.017294,0.858151,-0.087834,0.505532,2.184968,50.765705,29.046614,-0.039349,0.802814,0.049513,0.592865,-0.611470,4.226342,37.003716,-0.040625,0.917044,0.042196,0.394461,-12.525192,0.765717,-5.881686,-0.039349,0.802814,0.049513,0.592865,12.697689,0.187628,32.929886
103,0.858333,-0.006845,0.875126,0.041343,0.482078,-5.662370,87.170967,13.043530,-0.064732,0.859431,0.135364,0.488738,-6.039235,94.414978,13.521582,-0.025211,0.863400,0.113181,0.491013,-9.105833,106.437828,15.654273,0.021545,0.911393,-0.056651,0.407049,-11.425362,121.030151,18.213755,0.023974,0.945722,-0.048840,0.320389,-8.940756,134.456207,15.861696,-0.013985,0.788382,0.246749,0.563359,-13.351721,115.613365,14.787124,0.238847,-0.339516,0.202119,-0.887034,-19.706518,120.071503,-0.804277,0.212017,0.394486,-0.446637,-0.774561,-2.524188,107.061264,-13.440158,0.309610,0.458956,-0.357258,-0.752242,3.083650,123.686829,-5.279477,-0.140322,0.893035,0.188939,0.383538,-9.689070,115.133942,20.839701,0.323122,0.871037,0.149165,-0.338581,1.917889,116.974831,33.694267,-0.104486,0.227457,0.505710,-0.825593,15.956241,105.435204,16.549997,0.014443,0.028930,0.462929,-0.885806,8.228991,123.147186,11.133581,0.075967,0.869096,0.071896,0.483459,-10.406259,87.418137,5.558353,0.066941,0.874968,-0.100302,0.468924,-12.736925,50.959896,-1.837648,-0.040625,0.917032,0.042063,0.394504,-22.726629,5.038014,3.494749,-0.093175,0.864460,-0.079661,0.487526,-0.918481,86.923805,20.528708,-0.017200,0.858136,-0.087825,0.505562,2.190826,50.770260,29.048698,-0.039151,0.802697,0.049550,0.593034,-0.613069,4.230433,37.000484,-0.040625,0.917032,0.042063,0.394504,-12.529820,0.767127,-5.876781,-0.039151,0.802697,0.049550,0.593034,12.696530,0.189285,32.930515
104,0.866667,-0.006809,0.875120,0.041236,0.482098,-5.660453,87.169861,13.043928,-0.064703,0.859515,0.134977,0.488701,-6.036128,94.414009,13.520865,-0.024895,0.863472,0.113356,0.490864,-9.095428,106.431984,15.644526,0.021386,0.911459,-0.056525,0.406928,-11.408888,121.023605,18.213562,0.023987,0.945731,-0.048841,0.320364,-8.930096,134.450882,15.862309,-0.013865,0.788465,0.246664,0.563283,-13.338513,115.609489,14.784527,0.238627,-0.339545,0.202174,-0.887069,-19.696404,120.068573,-0.805345,0.212048,0.394652,-0.446489,-0.774553,-2.516158,107.058929,-13.444677,0.310143,0.458787,-0.357162,-0.752171,3.091127,123.679947,-5.279369,-0.140315,0.892952,0.188702,0.383848,-9.673552,115.125237,20.835321,0.323164,0.870962,0.149335,-0.338658,1.925170,116.966614,33.697254,-0.104155,0.227423,0.505759,-0.825614,15.959558,105.429825,16.547819,0.014533,0.028641,0.463349,-0.885594,8.233788,123.140480,11.125899,0.075916,0.869058,0.071883,0.483537,-10.404013,87.416687,5.558530,0.067001,0.874993,-0.100299,0.468868,-12.731178,50.957710,-1.834962,-0.040714,0.917036,0.042054,0.394487,-22.725340,5.036533,3.495153,-0.093203,0.864526,-0.079643,0.487406,-0.916893,86.923042,20.529327,-0.017149,0.858222,-0.087851,0.505414,2.196030,50.769676,29.048708,-0.039462,0.802790,0.049268,0.592911,-0.611879,4.230118,37.000633,-0.040714,0.917036,0.042054,0.394487,-12.528101,0.766424,-5.876266,-0.039462,0.802790,0.049268,0.592911,12.697373,0.187793,32.930687
105,0.875000,-0.006777,0.875160,0.041122,0.482035,-5.653893,87.169052,13.044580,-0.064795,0.859486,0.134975,0.488741,-6.028319,94.413338,13.520328,-0.024821,0.863446,0.113261,0.490935,-9.090057,106.432602,15.642931,0.021347,0.911439,-0.056564,0.406968,-11.400443,121.024963,18.210463,0.024033,0.945718,-0.048798,0.320404,-8.922030,134.452087,15.857964,-0.013831,0.788482,0.246588,0.563293,-13.330871,115.611038,14.781603,0.238519,-0.339536,0.202338,-0.887065,-19.688398,120.069626,-0.808559,0.212091,0.394618,-0.446258,-0.774692,-2.511150,107.054726,-13.446541,0.310256,0.458594,-0.357254,-0.752198,3.104913,123.670914,-5.279305,-0.140214,0.892950,0.188585,0.383947,-9.666849,115.126419,20.832937,0.323337,0.870896,0.149296,-0.338680,1.930223,116.965553,33.696674,-0.103729,0.227170,0.505820,-0.825700,15.958267,105.421814,16.546743,0.014682,0.028165,0.464795,-0.884849,8.230579,123.130783,11.124163,0.075921,0.869043,0.071881,0.483564,-10.398530,87.415359,5.559847,0.067036,0.875055,-0.100261,0.468757,-12.725889,50.956440,-1.833834,-0.040625,0.917062,0.042021,0.394437,-22.720633,5.034983,3.492786,-0.093193,0.864559,-0.079594,0.487358,-0.909257,86.922745,20.529312,-0.017175,0.858424,-0.088183,0.505012,2.205328,50.768654,29.045057,-0.038814,0.803162,0.049400,0.592439,-0.612659,4.234707,37.026184,-0.040625,0.917062,0.042021,0.394437,-12.525288,0.762988,-5.879831,-0.038814,0.803162,0.049400,0.592439,12.687885,0.184534,32.935635
106,0.883333,-0.006670,0.875125,0.040922,0.482118,-5.655181,87.167931,13.047244,-0.064593,0.859400,0.135104,0.488883,-6.026889,94.412476,13.521160,-0.025026,0.863344,0.112868,0.491195,-9.087724,106.437492,15.649560,0.021641,0.911333,-0.056868,0.407148,-11.398422,121.032211,18.203363,0.024028,0.945702,-0.048618,0.320478,-8.908677,134.456650,15.847474,-0.013762,0.788487,0.246358,0.563388,-13.327212,115.615555,14.777887,0.238368,-0.339482,0.202547,-0.887078,-19.681068,120.072350,-0.814286,0.212152,0.394584,-0.446009,-0.774836,-2.506207,107.051254,-13.449128,0.310417,0.458363,-0.357300,-0.752251,3.119375,123.662552,-5.280031,-0.139959,0.893006,0.188584,0.383912,-9.666949,115.135727,20.831879,0.323474,0.870907,0.149144,-0.338589,1.933562,116.967453,33.693577,-0.103770,0.227723,0.505933,-0.825473,15.960297,105.414330,16.548882,0.014473,0.028293,0.463942,-0.885296,8.247031,123.125710,11.111206,0.075897,0.869007,0.071911,0.483628,-10.398437,87.414246,5.561635,0.067040,0.875064,-0.100238,0.468743,-12.722607,50.955360,-1.833248,-0.040513,0.917100,0.042033,0.394360,-22.716591,5.033532,3.491538,-0.093237,0.864597,-0.079485,0.487300,-0.911926,86.921616,20.532852,-0.017153,0.858428,-0.088216,0.505000,2.210088,50.766842,29.042976,-0.039009,0.803215,0.049227,0.592369,-0.611120,4.233366,37.025745,-0.040513,0.917100,0.042033,0.394360,-12.523775,0.760513,-5.883369,-0.039009,0.803215,0.049227,0.592369,12.689299,0.182565,32.935402
107,0.891667,-0.006620,0.875133,0.040832,0.482111,-5.651285,87.167465,13.047336,-0.064582,0.859389,0.135100,0.488904,-6.021726,94.412132,13.520460,-0.024946,0.863342,0.112723,0.491235,-9.082767,106.438995,15.649170,0.021333,0.911321,-0.057118,0.407157,-11.389402,121.034828,18.200342,0.024262,0.945665,-0.048430,0.320597,-8.904515,134.458466,15.834877,-0.013732,0.788499,0.246305,0.563396,-13.319551,115.618134,14.775676,0.238232,-0.339483,0.202678,-0.887084,-19.673124,120.074783,-0.816646,0.212202,0.394583,-0.445749,-0.774973,-2.500950,107.050117,-13.451466,0.310649,0.458103,-0.357300,-0.752314,3.133433,123.656151,-5.279332,-0.139830,0.893012,0.188488,0.383991,-9.659791,115.138290,20.829967,0.323613,0.870855,0.149165,-0.338580,1.939855,116.966805,33.692890,-0.103517,0.227773,0.506088,-0.825396,15.962389,105.408768,16.548092,0.014560,0.027974,0.464554,-0.884983,8.256345,123.121681,11.104970,0.075889,0.868995,0.071894,0.483652,-10.394656,87.413773,5.561804,0.067064,0.875062,-0.100243,0.468744,-12.718727,50.954620,-1.831782,-0.040499,0.917119,0.042025,0.394317,-22.714924,5.033183,3.492264,-0.093243,0.864625,-0.079490,0.487248,-0.907914,86.921158,20.532867,-0.017033,0.858417,-0.088254,0.505017,2.214767,50.766529,29.043350,-0.037860,0.803094,0.049707,0.592568,-0.618212,4.233310,37.023407,-0.040499,0.917119,0.042025,0.394317,-12.523127,0.759791,-5.883569,-0.037860,0.803094,0.049707,0.592568,12.678260,0.174227,32.928452
108,0.900000,-0.006743,0.875191,0.040914,0.481998,-5.640059,87.171463,13.049915,-0.064727,0.859385,0.134990,0.488923,-6.012578,94.416008,13.523277,-0.024935,0.863317,0.112739,0.491276,-9.075575,106.443611,15.647846,0.021846,0.911294,-0.057155,0.407185,-11.382288,121.039345,18.199488,0.024036,0.945699,-0.048394,0.320520,-8.884166,134.461411,15.839010,-0.013732,0.788466,0.246277,0.563455,-13.312179,115.622841,14.774388,0.237939,-0.339444,0.202861,-0.887136,-19.663460,120.079437,-0.818887,0.212185,0.394643,-0.445532,-0.775072,-2.493682,107.051537,-13.453642,0.310823,0.458043,-0.357300,-0.752278,3.146546,123.653625,-5.275795,-0.139945,0.892994,0.188470,0.384001,-9.652985,115.142670,20.828997,0.323803,0.870818,0.149159,-0.338496,1.945266,116.974831,33.692665,-0.103304,0.227878,0.506202,-0.825324,15.964487,105.408409,16.550812,0.014538,0.027777,0.464923,-0.884796,8.264977,123.122147,11.101015,0.075962,0.869011,0.071865,0.483616,-10.385341,87.416496,5.565552,0.067128,0.874995,-0.100260,0.468855,-12.715487,50.957859,-1.828653,-0.040442,0.917098,0.041987,0.394376,-22.718311,5.037552,3.492698,-0.093143,0.864709,-0.079573,0.487104,-0.894778,86.926437,20.534281,-0.017041,0.858372,-0.088236,0.505096,2.219879,50.771404,29.045963,-0.039259,0.803181,0.049034,0.592414,-0.612323,4.237914,37.024727,-0.040442,0.917098,0.041987,0.394376,-12.525956,0.762564,-5.881808,-0.039259,0.803181,0.049034,0.592414,12.689402,0.186926,32.938828
109,0.908333,-0.006763,0.875146,0.040862,0.482083,-5.637162,87.174774,13.050747,-0.064605,0.859364,0.134923,0.488994,-6.009610,94.419373,13.523269,-0.024914,0.863281,0.112717,0.491345,-9.069284,106.447556,15.647653,0.022003,0.911253,-0.057365,0.407238,-11.375328,121.043465,18.198841,0.024007,0.945687,-0.048276,0.320577,-8.870790,134.463791,15.835205,-0.013682,0.788490,0.246210,0.563451,-13.305092,115.627083,14.773488,0.237990,-0.339495,0.202908,-0.887092,-19.656572,120.083702,-0.819699,0.212321,0.394729,-0.445224,-0.775167,-2.489479,107.052696,-13.454893,0.310956,0.457929,-0.357148,-0.752365,3.158845,123.650360,-5.272631,-0.139729,0.893023,0.188360,0.384066,-9.646850,115.146683,20.828651,0.323692,0.870839,0.149170,-0.338542,1.951764,116.973305,33.692783,-0.103152,0.227869,0.506137,-0.825385,15.973011,105.411873,16.549210,0.014474,0.027481,0.465691,-0.884402,8.270103,123.124634,11.095366,0.075962,0.868937,0.071790,0.483760,-10.380989,87.419113,5.565438,0.067193,0.875001,-0.100282,0.468831,-12.712640,50.959671,-1.824331,-0.040386,0.917075,0.041998,0.394434,-22.721624,5.040607,3.496186,-0.093176,0.864721,-0.079601,0.487072,-0.893335,86.930435,20.536057,-0.016947,0.858396,-0.088193,0.505065,2.222710,50.776196,29.050600,-0.039132,0.803069,0.049088,0.592570,-0.614799,4.241681,37.021542,-0.040386,0.917075,0.041998,0.394434,-12.528568,0.765291,-5.877407,-0.039132,0.803069,0.049088,0.592570,12.687831,0.189815,32.939457
110,0.916667,-0.006735,0.875138,0.040816,0.482102,-5.634169,87.176216,13.053480,-0.064556,0.859365,0.134767,0.489042,-6.005958,94.420876,13.525607,-0.024884,0.863262,0.112667,0.491392,-9.062881,106.450546,15.647188,0.022051,0.911243,-0.057361,0.407258,-11.367553,121.046844,18.197451,0.024116,0.945682,-0.048295,0.320579,-8.861792,134.467056,15.834527,-0.013589,0.788456,0.246096,0.563551,-13.297587,115.630508,14.772174,0.237660,-0.339450,0.203147,-0.887143,-19.645218,120.088318,-0.822248,0.212274,0.394660,-0.445043,-0.775319,-2.481426,107.052353,-13.456827,0.310953,0.457944,-0.357135,-0.752363,3.175582,123.646927,-5.271549,-0.139744,0.893085,0.188406,0.383894,-9.639980,115.150002,20.827717,0.323874,0.870785,0.149346,-0.338429,1.963099,116.977921,33.687637,-0.102973,0.227761,0.506214,-0.825390,15.982297,105.411575,16.545691,0.014477,0.027355,0.466011,-0.884238,8.280375,123.125267,11.091911,0.075990,0.868933,0.071792,0.483763,-10.377683,87.420609,5.567970,0.067211,0.874834,-0.100330,0.469129,-12.711040,50.961506,-1.822954,-0.040432,0.917047,0.041937,0.394502,-22.725464,5.043590,3.497221,-0.093170,0.864677,-0.079563,0.487158,-0.890655,86.931824,20.538988,-0.016863,0.858318,-0.088196,0.505200,2.225580,50.777054,29.051214,-0.039027,0.802838,0.049097,0.592890,-0.620134,4.242319,37.017925,-0.040432,0.917047,0.041937,0.394502,-12.530795,0.767301,-5.874179,-0.039027,0.802838,0.049097,0.592890,12.684974,0.188936,32.945415
111,0.925000,-0.006665,0.875128,0.040623,0.482137,-5.632464,87.177010,13.056154,-0.064537,0.859353,0.134700,0.489084,-6.002027,94.421913,13.526304,-0.024815,0.863252,0.112559,0.491438,-9.057650,106.451370,15.646432,0.022162,0.911240,-0.057378,0.407258,-11.359100,121.048500,18.194832,0.024190,0.945696,-0.048261,0.320540,-8.850412,134.468323,15.832732,-0.013456,0.788521,0.245936,0.563533,-13.290137,115.632210,14.770028,0.237544,-0.339451,0.203306,-0.887137,-19.638617,120.090340,-0.823951,0.212353,0.394675,-0.444759,-0.775453,-2.478114,107.049309,-13.457757,0.311032,0.457900,-0.357060,-0.752393,3.188011,123.638428,-5.269300,-0.139660,0.893093,0.188312,0.383951,-9.633114,115.151550,20.825911,0.323564,0.870969,0.148284,-0.338720,1.969244,116.977776,33.686722,-0.103311,0.228218,0.506123,-0.825277,15.988605,105.406151,16.548477,0.014477,0.027261,0.466209,-0.884136,8.290432,123.121689,11.086475,0.075916,0.868924,0.071807,0.483790,-10.375382,87.420860,5.570253,0.067323,0.874923,-0.100305,0.468952,-12.703213,50.961079,-1.819042,-0.040306,0.917046,0.041893,0.394522,-22.724655,5.044108,3.496097,-0.093137,0.864777,-0.079637,0.486975,-0.889546,86.933151,20.542055,-0.016825,0.858160,-0.087883,0.505525,2.223640,50.778805,29.057175,-0.039469,0.802731,0.048909,0.593020,-0.613119,4.238734,36.995819,-0.040306,0.917046,0.041893,0.394522,-12.530846,0.765289,-5.875082,-0.039469,0.802731,0.048909,0.593020,12.695536,0.188492,32.931805
112,0.933333,-0.006549,0.875139,0.040419,0.482135,-5.629436,87.175690,13.059102,-0.064604,0.859324,0.134697,0.489128,-5.996087,94.420853,13.527478,-0.024616,0.863252,0.112360,0.491493,-9.053807,106.452324,15.646940,0.022105,0.911239,-0.057595,0.407233,-11.347340,121.051094,18.193092,0.024309,0.945702,-0.048129,0.320531,-8.837780,134.469681,15.824919,-0.013411,0.788508,0.245760,0.563629,-13.281163,115.635384,14.768952,0.237364,-0.339450,0.203579,-0.887124,-19.625891,120.092140,-0.826944,0.212384,0.394793,-0.444585,-0.775484,-2.470881,107.042252,-13.459064,0.311490,0.457446,-0.357145,-0.752440,3.197076,123.626518,-5.266500,-0.139476,0.893150,0.188004,0.384037,-9.624776,115.153564,20.825127,0.323757,0.870888,0.148322,-0.338728,1.977083,116.977905,33.686653,-0.102876,0.227901,0.506258,-0.825337,15.989932,105.399910,16.547398,0.014851,0.026861,0.467544,-0.883437,8.291334,123.115967,11.087044,0.075918,0.868902,0.071798,0.483829,-10.372416,87.419601,5.573242,0.067327,0.874984,-0.100237,0.468852,-12.700361,50.959755,-1.815673,-0.040288,0.917088,0.041888,0.394426,-22.718599,5.041552,3.494814,-0.093112,0.864794,-0.079579,0.486958,-0.886456,86.931778,20.544962,-0.016872,0.858477,-0.088075,0.504951,2.227510,50.776386,29.055405,-0.038621,0.802993,0.049325,0.592688,-0.609342,4.239657,37.013634,-0.040288,0.917088,0.041888,0.394426,-12.526909,0.762349,-5.878492,-0.038621,0.802993,0.049325,0.592688,12.691942,0.184639,32.930286
113,0.941667,-0.006385,0.875129,0.040234,0.482171,-5.629763,87.174889,13.061431,-0.064633,0.859325,0.134582,0.489154,-5.993059,94.420303,13.528583,-0.024490,0.863269,0.112209,0.491504,-9.050137,106.452705,15.645194,0.021729,0.911250,-0.057739,0.407208,-11.338243,121.052673,18.189327,0.024630,0.945669,-0.048011,0.320621,-8.836528,134.471329,15.813297,-0.013360,0.788442,0.245742,0.563731,-13.274129,115.637192,14.765994,0.237339,-0.339445,0.203758,-0.887091,-19.614918,120.095894,-0.830950,0.212513,0.394937,-0.444318,-0.775529,-2.463400,107.038857,-13.460411,0.311687,0.457322,-0.357074,-0.752467,3.209151,123.618462,-5.263118,-0.139233,0.893172,0.187955,0.384098,-9.617795,115.154884,20.822161,0.323789,0.870878,0.148283,-0.338740,1.984793,116.972031,33.684055,-0.103150,0.228404,0.506433,-0.825056,15.996202,105.392204,16.544844,0.014666,0.027100,0.466211,-0.884137,8.313259,123.114586,11.076175,0.075845,0.868895,0.071842,0.483847,-10.372166,87.419769,5.575236,0.067374,0.875055,-0.100199,0.468722,-12.693678,50.959564,-1.813944,-0.040151,0.917136,0.041903,0.394326,-22.713289,5.041230,3.492866,-0.093136,0.864778,-0.079529,0.486991,-0.887360,86.930000,20.547625,-0.016873,0.858469,-0.088072,0.504964,2.229639,50.774353,29.055855,-0.039049,0.803085,0.049010,0.592561,-0.607084,4.237583,37.013878,-0.040151,0.917136,0.041903,0.394326,-12.524796,0.760788,-5.883352,-0.039049,0.803085,0.049010,0.592561,12.694489,0.182592,32.931438
114,0.950000,-0.006363,0.875127,0.040231,0.482176,-5.624460,87.176376,13.062641,-0.064636,0.859302,0.134565,0.489199,-5.987452,94.421799,13.529913,-0.024400,0.863253,0.112092,0.491563,-9.044221,106.453156,15.645764,0.021760,0.911208,-0.057847,0.407283,-11.328451,121.054054,18.188116,0.024669,0.945626,-0.047987,0.320749,-8.824478,134.471939,15.810101,-0.013255,0.788471,0.245646,0.563733,-13.265517,115.638756,14.765154,0.237129,-0.339401,0.203943,-0.887121,-19.606300,120.098450,-0.831509,0.212632,0.394987,-0.444058,-0.775619,-2.457066,107.036972,-13.459489,0.312002,0.457332,-0.356999,-0.752366,3.222567,123.611572,-5.259658,-0.138982,0.893213,0.187811,0.384164,-9.609950,115.156052,20.821753,0.323814,0.870839,0.148516,-0.338714,1.993302,116.967079,33.683907,-0.103080,0.228410,0.506520,-0.825010,16.004805,105.390549,16.542547,0.014706,0.026986,0.466000,-0.884251,8.325186,123.114967,11.072834,0.075892,0.868824,0.071775,0.483977,-10.366782,87.421593,5.576406,0.067407,0.874951,-0.100191,0.468913,-12.692597,50.961189,-1.810499,-0.040137,0.917120,0.041845,0.394372,-22.715715,5.043113,3.491925,-0.093106,0.864788,-0.079538,0.486977,-0.882138,86.931160,20.548878,-0.016806,0.858546,-0.088208,0.504813,2.232735,50.775208,29.056566,-0.038533,0.803189,0.049200,0.592438,-0.614555,4.240486,37.022816,-0.040137,0.917120,0.041845,0.394372,-12.526581,0.761071,-5.882865,-0.038533,0.803189,0.049200,0.592438,12.683004,0.181179,32.931602
115,0.958333,-0.006435,0.875126,0.040214,0.482178,-5.619358,87.179031,13.066266,-0.064629,0.859300,0.134440,0.489236,-5.983148,94.424454,13.532816,-0.024317,0.863239,0.112080,0.491595,-9.038169,106.456039,15.645890,0.022275,0.911186,-0.057803,0.407311,-11.320184,121.057129,18.189062,0.024471,0.945652,-0.048114,0.320669,-8.803818,134.473938,15.818018,-0.013402,0.788150,0.245799,0.564112,-13.257941,115.642372,14.765650,0.237016,-0.339411,0.204170,-0.887096,-19.583691,120.104446,-0.836430,0.212769,0.395337,-0.443795,-0.775554,-2.439417,107.034996,-13.462895,0.312501,0.457274,-0.357028,-0.752180,3.239746,123.609070,-5.252053,-0.139120,0.893216,0.187802,0.384110,-9.602771,115.158699,20.822409,0.323881,0.870848,0.148544,-0.338614,2.000578,116.974510,33.683796,-0.102869,0.228470,0.506545,-0.825004,16.013260,105.394653,16.545656,0.014902,0.026795,0.465666,-0.884429,8.335918,123.117760,11.069929,0.075889,0.868855,0.071833,0.483913,-10.361634,87.422981,5.579963,0.067513,0.874887,-0.100282,0.468998,-12.685689,50.963165,-1.810367,-0.040217,0.917091,0.041733,0.394443,-22.722063,5.048182,3.493777,-0.093084,0.864779,-0.079546,0.486996,-0.877083,86.935074,20.552570,-0.016778,0.858331,-0.088148,0.505190,2.235880,50.778900,29.060055,-0.038715,0.803086,0.049179,0.592566,-0.614287,4.243088,37.018864,-0.040217,0.917091,0.041733,0.394443,-12.531132,0.764253,-5.878191,-0.038715,0.803086,0.049179,0.592566,12.685757,0.186339,32.933212
116,0.966667,-0.006416,0.875094,0.040208,0.482238,-5.617909,87.180664,13.069069,-0.064520,0.859322,0.134185,0.489281,-5.981448,94.426102,13.535658,-0.024194,0.863239,0.112085,0.491600,-9.031840,106.462395,15.645008,0.022287,0.911148,-0.058115,0.407351,-11.310758,121.063637,18.190125,0.024570,0.945595,-0.048032,0.320841,-8.790504,134.478409,15.811750,-0.013441,0.788031,0.245849,0.564256,-13.249713,115.649727,14.766047,0.236795,-0.339392,0.204514,-0.887082,-19.569790,120.112976,-0.837995,0.212817,0.395381,-0.443633,-0.775611,-2.431911,107.032372,-13.461592,0.312614,0.457258,-0.356912,-0.752198,3.251445,123.603607,-5.248095,-0.138864,0.893229,0.187746,0.384202,-9.594523,115.164497,20.822672,0.323865,0.870829,0.148668,-0.338624,2.008846,116.972557,33.685131,-0.102625,0.228173,0.506502,-0.825143,16.021740,105.395874,16.545013,0.015174,0.026558,0.466105,-0.884200,8.337416,123.116409,11.072901,0.075923,0.868777,0.071819,0.484049,-10.359171,87.424911,5.582132,0.067522,0.874690,-0.100379,0.469343,-12.684796,50.965340,-1.808915,-0.040492,0.917062,0.041617,0.394495,-22.728195,5.052307,3.498793,-0.093097,0.864768,-0.079559,0.487010,-0.876648,86.936417,20.556005,-0.016741,0.858326,-0.088115,0.505204,2.236548,50.780582,29.064850,-0.038887,0.803040,0.049157,0.592619,-0.615172,4.244116,37.019291,-0.040492,0.917062,0.041617,0.394495,-12.534088,0.768595,-5.869822,-0.038887,0.803040,0.049157,0.592619,12.686528,0.189734,32.936676
117,0.975000,-0.006426,0.875102,0.040189,0.482223,-5.613642,87.181030,13.071743,-0.064432,0.859322,0.134105,0.489316,-5.977173,94.426491,13.538016,-0.024204,0.863215,0.112004,0.491659,-9.024446,106.462334,15.646449,0.022408,0.911106,-0.058214,0.407424,-11.302606,121.064102,18.189203,0.024579,0.945566,-0.048041,0.320926,-8.777986,134.477921,15.810047,-0.013337,0.788027,0.245775,0.564297,-13.241514,115.649857,14.765635,0.236736,-0.339372,0.204667,-0.887070,-19.560072,120.114861,-0.838527,0.212918,0.395425,-0.443420,-0.775683,-2.424648,107.028831,-13.459824,0.312738,0.457181,-0.356809,-0.752242,3.264618,123.596642,-5.243994,-0.138783,0.893256,0.187663,0.384207,-9.587159,115.165207,20.822807,0.323809,0.870850,0.148744,-0.338591,2.016864,116.971931,33.684875,-0.102687,0.228514,0.506568,-0.825000,16.032681,105.398415,16.545013,0.015375,0.026761,0.464575,-0.884996,8.357403,123.119965,11.064487,0.075855,0.868725,0.071870,0.484147,-10.355142,87.424942,5.584946,0.067657,0.874803,-0.100397,0.469109,-12.673691,50.965153,-1.807244,-0.040109,0.917078,0.041640,0.394494,-22.727549,5.054179,3.498460,-0.093100,0.864772,-0.079627,0.486991,-0.872141,86.937126,20.558538,-0.016685,0.858387,-0.088072,0.505111,2.238979,50.782139,29.071724,-0.038667,0.803069,0.049261,0.592586,-0.614376,4.244781,37.020351,-0.040109,0.917078,0.041640,0.394494,-12.536833,0.766704,-5.872123,-0.038667,0.803069,0.049261,0.592586,12.685905,0.189071,32.934444
118,0.983333,-0.006255,0.875106,0.040075,0.482230,-5.613707,87.179375,13.073585,-0.064350,0.859304,0.134075,0.489367,-5.974258,94.424995,13.539612,-0.024053,0.863202,0.111846,0.491725,-9.019272,106.460312,15.648076,0.022473,0.911082,-0.058315,0.407461,-11.291387,121.063362,18.188869,0.024573,0.945553,-0.048064,0.320960,-8.763907,134.476364,15.808135,-0.013335,0.787959,0.245815,0.564374,-13.232289,115.649544,14.765751,0.236553,-0.339339,0.204861,-0.887087,-19.547834,120.116081,-0.839186,0.212972,0.395430,-0.443217,-0.775781,-2.415276,107.024765,-13.458887,0.312932,0.457071,-0.356785,-0.752240,3.280852,123.589233,-5.240557,-0.138804,0.893266,0.187573,0.384221,-9.578748,115.164040,20.823345,0.323937,0.870801,0.148673,-0.338624,2.024698,116.972588,33.685665,-0.102204,0.228281,0.506547,-0.825138,16.035248,105.393288,16.545408,0.015657,0.026331,0.465359,-0.884592,8.355026,123.111046,11.061618,0.075835,0.868670,0.071886,0.484245,-10.355142,87.424973,5.586802,0.067667,0.874799,-0.100391,0.469116,-12.670976,50.965118,-1.805919,-0.040368,0.917106,0.041562,0.394412,-22.725424,5.054164,3.498803,-0.093112,0.864773,-0.079641,0.486986,-0.872273,86.933777,20.560366,-0.016646,0.858412,-0.088052,0.505073,2.239098,50.779110,29.074823,-0.038742,0.803083,0.049233,0.592565,-0.616154,4.241294,37.020096,-0.040368,0.917106,0.041562,0.394412,-12.534273,0.767601,-5.871719,-0.038742,0.803083,0.049233,0.592565,12.684323,0.186201,32.934212
119,0.991667,-0.006203,0.875101,0.039985,0.482246,-5.609391,87.178467,13.077291,-0.064333,0.859302,0.134003,0.489391,-5.968671,94.424210,13.542536,-0.024015,0.863204,0.111689,0.491759,-9.012315,106.459282,15.649467,0.022271,0.911050,-0.058596,0.407502,-11.281259,121.063446,18.186745,0.024738,0.945500,-0.047964,0.321119,-8.755532,134.475174,15.797017,-0.013243,0.787972,0.245752,0.564385,-13.223198,115.649269,14.764771,0.236718,-0.339342,0.204961,-0.887019,-19.538382,120.117203,-0.839917,0.213187,0.395390,-0.442996,-0.775869,-2.407932,107.019356,-13.455707,0.312965,0.457033,-0.356675,-0.752301,3.296794,123.581024,-5.239397,-0.138714,0.893259,0.187533,0.384290,-9.570107,115.164337,20.822685,0.324069,0.870731,0.148519,-0.338747,2.032360,116.970131,33.686287,-0.102105,0.228380,0.506668,-0.825048,16.034464,105.384567,16.543360,0.015720,0.026245,0.465137,-0.884710,8.360364,123.105515,11.055104,0.075849,0.868681,0.071911,0.484219,-10.350555,87.424110,5.590338,0.067691,0.874859,-0.100241,0.469032,-12.666615,50.964684,-1.804411,-0.040478,0.917151,0.041344,0.394318,-22.716040,5.051196,3.487931,-0.093112,0.864861,-0.079664,0.486826,-0.868226,86.932823,20.564247,-0.016566,0.858534,-0.088040,0.504870,2.243852,50.778435,29.079622,-0.038931,0.803149,0.049046,0.592479,-0.615439,4.240161,37.020767,-0.040478,0.917151,0.041344,0.394318,-12.526443,0.760328,-5.882321,-0.038931,0.803149,0.049046,0.592479,12.684640,0.183998,32.934635
120,1.000000,-0.006413,0.875059,0.040020,0.482317,-5.597618,87.171234,13.078436,-0.064332,0.859291,0.133954,0.489425,-5.959836,94.416893,13.542620,-0.023957,0.863204,0.111568,0.491791,-9.005232,106.461334,15.649968,0.022394,0.911014,-0.058747,0.407554,-11.270984,121.066391,18.184938,0.024745,0.945468,-0.047977,0.321210,-8.740340,134.476822,15.793100,-0.013206,0.787983,0.245647,0.564416,-13.213987,115.652130,14.763686,0.236536,-0.339210,0.205242,-0.887053,-19.527985,120.119247,-0.841717,0.213281,0.395341,-0.442880,-0.775935,-2.398834,107.013214,-13.450781,0.313074,0.457020,-0.356609,-0.752295,3.311219,123.573013,-5.235848,-0.138636,0.893257,0.187438,0.384368,-9.561296,115.167297,20.821850,0.324272,0.870638,0.148188,-0.338936,2.039830,116.971420,33.686893,-0.102099,0.228591,0.506844,-0.824883,16.028967,105.374321,16.541178,0.015588,0.026175,0.464972,-0.884801,8.365452,123.099541,11.047724,0.075952,0.868762,0.071884,0.484064,-10.337530,87.413979,5.590595,0.067767,0.874844,-0.100275,0.469042,-12.662514,50.955433,-1.805704,-0.040576,0.917118,0.041521,0.394365,-22.719728,5.043557,3.485845,-0.093018,0.864831,-0.079744,0.486885,-0.857705,86.928490,20.566277,-0.016533,0.858613,-0.088003,0.504744,2.244864,50.773750,29.083633,-0.037910,0.803077,0.050171,0.592548,-0.614097,4.234755,37.020645,-0.040576,0.917118,0.041521,0.394365,-12.527770,0.758296,-5.884403,-0.037910,0.803077,0.050171,0.592548,12.684777,0.186908,32.922359
121,1.008333,-0.006491,0.875075,0.040055,0.482284,-5.589966,87.172623,13.081709,-0.064378,0.859275,0.133880,0.489468,-5.953411,94.418221,13.545804,-0.023880,0.863182,0.111487,0.491851,-8.998979,106.462883,15.650850,0.022462,0.910991,-0.058810,0.407593,-11.261738,121.068596,18.184736,0.024872,0.945447,-0.048088,0.321245,-8.728581,134.478439,15.792298,-0.013960,0.786910,0.246629,0.565467,-13.205571,115.654587,14.763575,0.236244,-0.339258,0.205840,-0.886974,-19.477514,120.129883,-0.856440,0.213152,0.395926,-0.442998,-0.775604,-2.362288,107.002548,-13.462242,0.313256,0.457022,-0.356489,-0.752274,3.327541,123.568153,-5.231061,-0.138605,0.893267,0.187392,0.384380,-9.553671,115.169266,20.822174,0.324076,0.870755,0.148388,-0.338735,2.047445,116.973007,33.687283,-0.101781,0.228630,0.506398,-0.825185,16.049747,105.384422,16.546553,0.015433,0.026161,0.464813,-0.884888,8.369924,123.095665,11.041539,0.076023,0.868840,0.071936,0.483904,-10.330425,87.414429,5.594183,0.067802,0.874709,-0.100355,0.469272,-12.659414,50.957233,-1.807543,-0.040519,0.917087,0.041471,0.394448,-22.724337,5.047318,3.486349,-0.092906,0.864872,-0.079862,0.486812,-0.849507,86.930817,20.569233,-0.016528,0.858834,-0.087905,0.504385,2.242270,50.775940,29.089924,-0.038259,0.803201,0.049570,0.592408,-0.609126,4.235303,37.020023,-0.040519,0.917087,0.041471,0.394448,-12.531365,0.760200,-5.881946,-0.038259,0.803201,0.049570,0.592408,12.687954,0.179745,32.923553
122,1.016667,-0.006508,0.875046,0.040059,0.482336,-5.587307,87.175842,13.084507,-0.064228,0.859276,0.133722,0.489528,-5.951029,94.421432,13.548504,-0.023842,0.863155,0.111462,0.491907,-8.991603,106.467651,15.651867,0.022930,0.910987,-0.058727,0.407589,-11.253168,121.073578,18.185551,0.024832,0.945494,-0.048313,0.321078,-8.709335,134.482697,15.800388,-0.013985,0.786811,0.246628,0.565603,-13.197160,115.659782,14.764144,0.236108,-0.339156,0.206104,-0.886988,-19.463688,120.135605,-0.857890,0.213229,0.395920,-0.442908,-0.775638,-2.350423,106.999954,-13.457704,0.313121,0.457251,-0.356282,-0.752290,3.343080,123.565826,-5.226146,-0.138502,0.893272,0.187259,0.384470,-9.546002,115.174065,20.823162,0.324337,0.870617,0.148084,-0.338972,2.053705,116.975845,33.689816,-0.101858,0.228785,0.506676,-0.824962,16.039520,105.374779,16.544079,0.015305,0.026200,0.464888,-0.884849,8.372892,123.094238,11.037981,0.076063,0.868740,0.071908,0.484081,-10.326864,87.417450,5.596404,0.067856,0.874666,-0.100368,0.469341,-12.657923,50.960411,-1.805431,-0.040075,0.917024,0.041769,0.394610,-22.728357,5.051455,3.486287,-0.092919,0.864836,-0.079855,0.486876,-0.847751,86.934235,20.572611,-0.016392,0.858376,-0.087668,0.505210,2.244527,50.779438,29.093493,-0.038284,0.802769,0.049770,0.592976,-0.614142,4.234442,36.995384,-0.040075,0.917024,0.041769,0.394610,-12.535213,0.766932,-5.883010,-0.038284,0.802769,0.049770,0.592976,12.689739,0.183822,32.916134
123,1.025000,-0.006517,0.875038,0.040043,0.482352,-5.583134,87.178406,13.087108,-0.063909,0.859276,0.133545,0.489617,-5.946859,94.424019,13.550838,-0.023843,0.863092,0.111397,0.492031,-8.977199,106.466675,15.653171,0.022821,0.910969,-0.058755,0.407630,-11.238231,121.073029,18.184855,0.024926,0.945497,-0.048347,0.321054,-8.696622,134.482269,15.797954,-0.013985,0.786871,0.246687,0.565494,-13.181726,115.659081,14.763412,0.235987,-0.338982,0.206280,-0.887046,-19.452545,120.135078,-0.856845,0.213370,0.395964,-0.442842,-0.775614,-2.337007,106.995140,-13.449081,0.313555,0.457033,-0.356235,-0.752263,3.357204,123.560608,-5.218710,-0.138579,0.893202,0.187128,0.384667,-9.532304,115.173630,20.823496,0.324384,0.870613,0.148285,-0.338851,2.061376,116.977905,33.695221,-0.101536,0.228916,0.506523,-0.825059,16.049776,105.377342,16.551247,0.015204,0.026218,0.464619,-0.884992,8.380088,123.089668,11.033260,0.076061,0.868774,0.071952,0.484014,-10.322418,87.419762,5.598824,0.067966,0.874529,-0.100492,0.469554,-12.652342,50.963177,-1.805589,-0.040390,0.916996,0.041378,0.394684,-22.738478,5.057988,3.488877,-0.092983,0.864794,-0.079795,0.486947,-0.843850,86.937057,20.575390,-0.016429,0.858624,-0.087948,0.504738,2.253984,50.782440,29.094976,-0.037438,0.803158,0.050448,0.592445,-0.610769,4.242206,37.022633,-0.040390,0.916996,0.041378,0.394684,-12.542194,0.767183,-5.874124,-0.037438,0.803158,0.050448,0.592445,12.685019,0.192742,32.915951
124,1.033333,-0.006534,0.875040,0.039986,0.482352,-5.577276,87.179588,13.091800,-0.064005,0.859253,0.133484,0.489663,-5.940823,94.425262,13.554694,-0.023696,0.863085,0.111271,0.492079,-8.972898,106.469299,15.654591,0.022673,0.911020,-0.058666,0.407537,-11.228417,121.076706,18.185133,0.025277,0.945542,-0.048495,0.320872,-8.691825,134.486908,15.798348,-0.013691,0.786985,0.246390,0.565473,-13.173800,115.663269,14.763939,0.238517,-0.339407,0.205442,-0.886401,-19.445757,120.141235,-0.855301,0.214688,0.396609,-0.442049,-0.775373,-2.327380,106.997131,-13.439350,0.313752,0.457013,-0.356248,-0.752187,3.372198,123.554337,-5.212259,-0.138524,0.893206,0.187123,0.384681,-9.524948,115.176811,20.824286,0.324533,0.870563,0.148103,-0.338915,2.068874,116.979370,33.696129,-0.101432,0.228996,0.506596,-0.825005,16.050270,105.370522,16.552038,0.015226,0.026167,0.464503,-0.885054,8.384770,123.084084,11.029952,0.076131,0.868784,0.071953,0.483985,-10.316548,87.420197,5.603484,0.067952,0.874583,-0.100435,0.469468,-12.651183,50.964420,-1.803437,-0.040454,0.917050,0.041302,0.394560,-22.733192,5.057973,3.487978,-0.092909,0.864855,-0.079803,0.486853,-0.838004,86.938980,20.580116,-0.016423,0.858551,-0.087915,0.504868,2.255776,50.783432,29.097240,-0.037787,0.803146,0.050285,0.592453,-0.609088,4.242626,37.021523,-0.040454,0.917050,0.041302,0.394560,-12.539056,0.765906,-5.876783,-0.037787,0.803146,0.050285,0.592453,12.688499,0.195292,32.918560
125,1.041667,-0.006368,0.875056,0.039882,0.482334,-5.575408,87.178574,13.093175,-0.063921,0.859257,0.133457,0.489674,-5.936102,94.424400,13.555917,-0.023637,0.863087,0.111140,0.492108,-8.966191,106.469330,15.656339,0.022782,0.911071,-0.058343,0.407464,-11.218328,121.077705,18.184345,0.025368,0.945614,-0.048801,0.320609,-8.682859,134.489685,15.806415,-0.013722,0.786951,0.246357,0.565534,-13.164860,115.664162,14.763973,0.238569,-0.339401,0.205640,-0.886343,-19.434374,120.141182,-0.856522,0.214758,0.396483,-0.442030,-0.775429,-2.319844,106.988106,-13.436410,0.313392,0.457220,-0.356024,-0.752318,3.383575,123.543785,-5.214224,-0.138498,0.893168,0.186998,0.384839,-9.516377,115.177849,20.824554,0.324688,0.870520,0.147990,-0.338927,2.073471,116.980103,33.700020,-0.101149,0.229188,0.506720,-0.824910,16.049410,105.363380,16.556818,0.015381,0.025938,0.464431,-0.885096,8.392549,123.077072,11.024064,0.076078,0.868807,0.071889,0.483962,-10.315039,87.420845,5.605139,0.067977,0.874824,-0.100305,0.469043,-12.648791,50.963783,-1.795728,-0.040372,0.917130,0.041333,0.394380,-22.724566,5.055171,3.488805,-0.092894,0.864917,-0.079751,0.486754,-0.835778,86.936295,20.581211,-0.016347,0.858785,-0.087985,0.504460,2.259875,50.779926,29.094141,-0.039768,0.803209,0.048650,0.592374,-0.610718,4.240057,37.021828,-0.040372,0.917130,0.041333,0.394380,-12.534703,0.762858,-5.880494,-0.039768,0.803209,0.048650,0.592374,12.692412,0.188923,32.940651
126,1.050000,-0.006285,0.875052,0.039722,0.482355,-5.574347,87.176704,13.096674,-0.063785,0.859305,0.133299,0.489651,-5.932875,94.422737,13.557961,-0.023587,0.863121,0.111080,0.492063,-8.957820,106.468117,15.656653,0.022713,0.911131,-0.058196,0.407354,-11.207676,121.076950,18.183990,0.025629,0.945653,-0.049017,0.320438,-8.675967,134.490067,15.808428,-0.013702,0.786921,0.246331,0.565588,-13.155350,115.663460,14.764198,0.238554,-0.339300,0.205811,-0.886346,-19.422771,120.140984,-0.856988,0.214935,0.396567,-0.441885,-0.775419,-2.308351,106.981720,-13.430564,0.313687,0.457145,-0.355999,-0.752252,3.397526,123.536575,-5.207694,-0.138477,0.893105,0.186838,0.385070,-9.506210,115.177032,20.824375,0.324879,0.870451,0.147930,-0.338946,2.077647,116.978958,33.705273,-0.101223,0.229745,0.506963,-0.824597,16.046726,105.354164,16.561954,0.015250,0.026145,0.463195,-0.885740,8.409652,123.073349,11.015904,0.076049,0.868780,0.071965,0.484004,-10.313627,87.418922,5.608417,0.068034,0.874900,-0.100305,0.468893,-12.642367,50.962330,-1.796349,-0.040487,0.917149,0.041281,0.394327,-22.721952,5.054459,3.487351,-0.092874,0.864977,-0.079716,0.486656,-0.835067,86.934486,20.584932,-0.016307,0.858980,-0.088006,0.504126,2.261630,50.777428,29.094557,-0.037474,0.803201,0.050197,0.592406,-0.610183,4.237792,37.023159,-0.040487,0.917149,0.041281,0.394327,-12.532270,0.762103,-5.882121,-0.037474,0.803201,0.050197,0.592406,12.684266,0.183303,32.917110
127,1.058333,-0.006294,0.875071,0.039663,0.482326,-5.570707,87.177910,13.099647,-0.063726,0.859294,0.133159,0.489716,-5.928920,94.424004,13.560126,-0.023596,0.863073,0.111039,0.492157,-8.951011,106.470299,15.656336,0.022793,0.911111,-0.058326,0.407376,-11.200747,121.079399,18.182240,0.025812,0.945655,-0.049090,0.320407,-8.665545,134.491470,15.804477,-0.013710,0.786817,0.246357,0.565720,-13.147935,115.665771,14.762388,0.238518,-0.339217,0.206046,-0.886333,-19.410116,120.144798,-0.860466,0.215099,0.396723,-0.441718,-0.775389,-2.297710,106.976875,-13.427718,0.313897,0.456936,-0.355494,-0.752530,3.408897,123.529480,-5.202311,-0.138447,0.893084,0.186802,0.385148,-9.500109,115.179573,20.823372,0.324981,0.870440,0.147847,-0.338914,2.081920,116.980446,33.706059,-0.101183,0.229897,0.507007,-0.824532,16.048800,105.349777,16.564932,0.015122,0.026162,0.463369,-0.885650,8.416337,123.069275,11.013810,0.076079,0.868846,0.071973,0.483879,-10.310476,87.419441,5.611678,0.068045,0.874863,-0.100284,0.468965,-12.641935,50.963284,-1.794328,-0.040433,0.917147,0.041310,0.394335,-22.721924,5.055153,3.486309,-0.092828,0.864950,-0.079715,0.486714,-0.830937,86.936371,20.587614,-0.016214,0.858996,-0.088062,0.504092,2.262267,50.778652,29.095718,-0.037008,0.803157,0.049867,0.592522,-0.619436,4.239643,37.024437,-0.040433,0.917147,0.041310,0.394335,-12.532478,0.762915,-5.883475,-0.037008,0.803157,0.049867,0.592522,12.671232,0.170022,32.921116
128,1.066667,-0.006655,0.875056,0.039786,0.482337,-5.558281,87.185791,13.105098,-0.063821,0.859256,0.133083,0.489791,-5.921957,94.431671,13.564603,-0.023548,0.863026,0.111013,0.492247,-8.944422,106.474480,15.657107,0.023292,0.911112,-0.058185,0.407365,-11.192803,121.083817,18.182827,0.025776,0.945723,-0.049354,0.320169,-8.646831,134.495438,15.814061,-0.013618,0.786846,0.246234,0.565736,-13.140019,115.670486,14.762508,0.238568,-0.339056,0.206165,-0.886354,-19.401678,120.149734,-0.860502,0.215359,0.396906,-0.441515,-0.775339,-2.286272,106.977402,-13.419041,0.314160,0.457192,-0.355644,-0.752194,3.421984,123.529526,-5.191173,-0.138404,0.893051,0.186741,0.385270,-9.493414,115.183746,20.824186,0.324987,0.870473,0.147799,-0.338843,2.085795,116.983124,33.709629,-0.100931,0.229710,0.506879,-0.824694,16.054873,105.350304,16.571756,0.015082,0.025967,0.464955,-0.884825,8.413191,123.067116,11.019254,0.076175,0.868815,0.071920,0.483926,-10.297784,87.422791,5.616811,0.068148,0.874926,-0.100268,0.468836,-12.636921,50.967155,-1.789396,-0.040508,0.917138,0.041205,0.394359,-22.723909,5.060050,3.486804,-0.092713,0.864910,-0.079674,0.486813,-0.818777,86.948792,20.593384,-0.016253,0.858822,-0.087996,0.504397,2.267648,50.788998,29.095119,-0.037396,0.803138,0.050010,0.592511,-0.610567,4.249024,37.019394,-0.040508,0.917138,0.041205,0.394359,-12.533620,0.766036,-5.881258,-0.037396,0.803138,0.050010,0.592511,12.683478,0.189050,32.917439
129,1.075000,-0.006711,0.875051,0.039809,0.482345,-5.553700,87.188148,13.106543,-0.063720,0.859230,0.133006,0.489870,-5.918250,94.433990,13.565953,-0.023484,0.862975,0.110968,0.492350,-8.937726,106.477341,15.657774,0.023767,0.911078,-0.058069,0.407432,-11.184098,121.087074,18.183035,0.025734,0.945737,-0.049626,0.320089,-8.627350,134.498138,15.822753,-0.013600,0.786794,0.246176,0.565833,-13.131521,115.674088,14.762288,0.238333,-0.338915,0.206403,-0.886415,-19.389347,120.153534,-0.862192,0.215299,0.396885,-0.441573,-0.775334,-2.274086,106.975677,-13.415125,0.313898,0.457357,-0.355329,-0.752352,3.432930,123.528503,-5.187367,-0.138394,0.893020,0.186695,0.385366,-9.486312,115.186691,20.824749,0.325089,0.870449,0.147984,-0.338727,2.090388,116.985619,33.712494,-0.100939,0.229814,0.506912,-0.824643,16.060110,105.351044,16.576344,0.014768,0.026021,0.465142,-0.884730,8.421438,123.069092,11.020978,0.076164,0.868806,0.071875,0.483951,-10.293060,87.424492,5.618150,0.068179,0.874866,-0.100291,0.468939,-12.632923,50.968243,-1.784784,-0.040374,0.917141,0.041235,0.394363,-22.724066,5.061963,3.490694,-0.092749,0.864925,-0.079724,0.486771,-0.814341,86.951805,20.594936,-0.016170,0.858752,-0.087965,0.504526,2.272969,50.793106,29.101023,-0.038842,0.803196,0.048790,0.592442,-0.611706,4.252357,37.018448,-0.040374,0.917141,0.041235,0.394363,-12.534815,0.767189,-5.878138,-0.038842,0.803196,0.048790,0.592442,12.686131,0.188980,32.932205
130,1.083333,-0.006742,0.875022,0.039789,0.482398,-5.549472,87.190559,13.109005,-0.063614,0.859199,0.132917,0.489963,-5.914315,94.436417,13.567917,-0.023404,0.862925,0.110915,0.492454,-8.929948,106.477859,15.658365,0.023921,0.911000,-0.058513,0.407533,-11.173764,121.088051,18.183203,0.025745,0.945683,-0.049506,0.320265,-8.607945,134.495850,15.814200,-0.013629,0.786709,0.246205,0.565939,-13.121602,115.675499,14.762018,0.238277,-0.338832,0.206534,-0.886431,-19.375244,120.155655,-0.863934,0.215484,0.397096,-0.441357,-0.775297,-2.259864,106.973770,-13.412474,0.314274,0.457390,-0.355269,-0.752204,3.448813,123.526428,-5.179112,-0.138417,0.892975,0.186693,0.385463,-9.477792,115.187302,20.825258,0.325260,0.870382,0.148418,-0.338546,2.096080,116.986122,33.715561,-0.100800,0.229803,0.506962,-0.824633,16.066360,105.351212,16.580082,0.014483,0.025978,0.465261,-0.884674,8.430014,123.068062,11.022949,0.076183,0.868765,0.071855,0.484024,-10.287918,87.426277,5.620011,0.068210,0.874835,-0.100316,0.468986,-12.629129,50.970036,-1.782549,-0.040389,0.917142,0.041207,0.394363,-22.724230,5.064642,3.493055,-0.092753,0.864946,-0.079766,0.486726,-0.811026,86.954842,20.597998,-0.016056,0.858560,-0.087622,0.504916,2.275380,50.796692,29.106775,-0.039091,0.802671,0.049267,0.593098,-0.605669,4.249888,36.989845,-0.040389,0.917142,0.041207,0.394363,-12.534931,0.769322,-5.875477,-0.039091,0.802671,0.049267,0.593098,12.702775,0.201386,32.923405
131,1.091667,-0.006644,0.874992,0.039681,0.482464,-5.548884,87.189819,13.112111,-0.063555,0.859166,0.132718,0.490083,-5.911751,94.435822,13.570311,-0.023327,0.862873,0.110776,0.492580,-8.924064,106.478973,15.656922,0.023557,0.910988,-0.058591,0.407569,-11.164248,121.090195,18.179041,0.026165,0.945649,-0.049390,0.320350,-8.606442,134.498489,15.804182,-0.013656,0.786779,0.246091,0.565890,-13.112789,115.677711,14.758147,0.238096,-0.338659,0.206671,-0.886514,-19.368322,120.154442,-0.868030,0.215602,0.397251,-0.441142,-0.775307,-2.249920,106.970749,-13.410552,0.314483,0.457455,-0.355098,-0.752158,3.461350,123.520317,-5.172559,-0.138396,0.892916,0.186705,0.385602,-9.470688,115.189339,20.822397,0.325255,0.870434,0.148143,-0.338537,2.099668,116.986130,33.716137,-0.101070,0.230081,0.506956,-0.824526,16.070402,105.345871,16.584667,0.014140,0.026213,0.465412,-0.884593,8.438699,123.064659,11.024573,0.076154,0.868748,0.071873,0.484058,-10.286227,87.426186,5.622442,0.068238,0.874843,-0.100291,0.468971,-12.624593,50.969803,-1.780313,-0.040201,0.917158,0.041240,0.394340,-22.720791,5.064294,3.492151,-0.092747,0.864914,-0.079683,0.486799,-0.811541,86.953445,20.601780,-0.016034,0.858443,-0.087671,0.505107,2.276839,50.794231,29.105251,-0.038873,0.802760,0.048957,0.593016,-0.610076,4.248187,36.990608,-0.040201,0.917158,0.041240,0.394340,-12.533547,0.767645,-5.878005,-0.038873,0.802760,0.048957,0.593016,12.694507,0.189115,32.922070
132,1.100000,-0.006599,0.875009,0.039589,0.482440,-5.545791,87.188881,13.114740,-0.063583,0.859146,0.132656,0.490131,-5.907432,94.434998,13.572088,-0.023258,0.862849,0.110663,0.492650,-8.919641,106.478264,15.656829,0.023770,0.911017,-0.058374,0.407524,-11.156564,121.090332,18.176920,0.026356,0.945707,-0.049647,0.320124,-8.596044,134.499435,15.809573,-0.013565,0.786789,0.246005,0.565915,-13.105983,115.677933,14.756405,0.238202,-0.338641,0.206766,-0.886471,-19.360615,120.155670,-0.869846,0.215834,0.397322,-0.440920,-0.775332,-2.243557,106.966652,-13.408611,0.314632,0.457477,-0.354805,-0.752220,3.472909,123.513725,-5.170453,-0.138308,0.892884,0.186638,0.385739,-9.464810,115.189362,20.821201,0.325337,0.870432,0.148020,-0.338517,2.102696,116.983284,33.717903,-0.101418,0.230658,0.507118,-0.824222,16.071466,105.337227,16.588766,0.013681,0.026448,0.464362,-0.885145,8.456440,123.062149,11.019675,0.076129,0.868765,0.071899,0.484026,-10.283540,87.425133,5.625322,0.068271,0.875000,-0.100201,0.468694,-12.619671,50.968754,-1.778162,-0.040272,0.917201,0.041217,0.394235,-22.713024,5.061975,3.488701,-0.092697,0.864955,-0.079657,0.486739,-0.808042,86.952629,20.604156,-0.016002,0.858520,-0.087709,0.504969,2.278723,50.792419,29.103979,-0.039196,0.802727,0.048739,0.593059,-0.611377,4.246905,36.991322,-0.040272,0.917201,0.041217,0.394235,-12.527317,0.765510,-5.883211,-0.039196,0.802727,0.048739,0.593059,12.694895,0.188324,32.927822
133,1.108333,-0.006562,0.874988,0.039519,0.482485,-5.541547,87.187843,13.116757,-0.063484,0.859109,0.132445,0.490265,-5.902246,94.434052,13.573474,-0.023229,0.862768,0.110655,0.492796,-8.910190,106.479355,15.654591,0.023873,0.910993,-0.058338,0.407578,-11.146676,121.091522,18.174515,0.026474,0.945718,-0.049736,0.320068,-8.583797,134.500580,15.809443,-0.013582,0.786870,0.245740,0.565919,-13.095445,115.679420,14.753156,0.238643,-0.338595,0.206587,-0.886411,-19.349936,120.151436,-0.874788,0.216161,0.397626,-0.440667,-0.775230,-2.227619,106.964066,-13.408097,0.314775,0.457530,-0.354590,-0.752230,3.488024,123.508942,-5.166052,-0.138231,0.892802,0.186568,0.385992,-9.456293,115.190315,20.819118,0.325379,0.870418,0.148167,-0.338449,2.105176,116.980743,33.721718,-0.101067,0.230394,0.507052,-0.824380,16.074886,105.335106,16.593063,0.013702,0.026153,0.465932,-0.884328,8.452270,123.056725,11.023840,0.076160,0.868702,0.071851,0.484143,-10.278543,87.424126,5.626864,0.068289,0.875066,-0.100128,0.468583,-12.617423,50.967587,-1.774953,-0.040272,0.917232,0.041267,0.394158,-22.708366,5.059636,3.486342,-0.092691,0.864947,-0.079626,0.486760,-0.804551,86.951569,20.606651,-0.015970,0.858513,-0.087751,0.504975,2.282812,50.790905,29.104361,-0.038220,0.802830,0.049201,0.592945,-0.611922,4.245999,36.993576,-0.040272,0.917232,0.041267,0.394158,-12.524069,0.764381,-5.887657,-0.038220,0.802830,0.049201,0.592945,12.688448,0.181558,32.916634
134,1.116667,-0.006579,0.874981,0.039566,0.482493,-5.536594,87.187584,13.119263,-0.062805,0.859041,0.132160,0.490548,-5.897842,94.433739,13.576445,-0.023722,0.862502,0.110642,0.493239,-8.886133,106.473900,15.657505,0.023958,0.910868,-0.058301,0.407856,-11.136469,121.085449,18.168629,0.026582,0.945714,-0.049729,0.320072,-8.570799,134.494507,15.806609,-0.013274,0.786915,0.246020,0.565741,-13.077275,115.670418,14.747374,0.238456,-0.338580,0.206767,-0.886425,-19.339048,120.154846,-0.874096,0.216242,0.397706,-0.440434,-0.775298,-2.219968,106.962677,-13.406773,0.314870,0.457603,-0.354231,-0.752314,3.500997,123.503181,-5.160964,-0.138366,0.892695,0.186485,0.386229,-9.444660,115.186646,20.817680,0.325428,0.870403,0.148268,-0.338396,2.109107,116.980339,33.726723,-0.100991,0.230489,0.507114,-0.824325,16.079012,105.334114,16.598623,0.013624,0.026036,0.466059,-0.884266,8.460932,123.055756,11.025645,0.076142,0.868730,0.071848,0.484096,-10.273443,87.423996,5.629282,0.068381,0.875042,-0.100151,0.468610,-12.611675,50.967216,-1.771557,-0.040309,0.917207,0.041280,0.394210,-22.711355,5.060899,3.487210,-0.092714,0.864907,-0.079558,0.486837,-0.799745,86.951164,20.609243,-0.015988,0.858689,-0.088026,0.504627,2.290804,50.790005,29.103699,-0.038377,0.803167,0.049038,0.592491,-0.612435,4.249713,37.017052,-0.040309,0.917207,0.041280,0.394210,-12.525627,0.766425,-5.885591,-0.038377,0.803167,0.049038,0.592491,12.683755,0.184198,32.927559
135,1.125000,-0.006655,0.874954,0.039537,0.482544,-5.531909,87.189659,13.123965,-0.062732,0.859007,0.131895,0.490688,-5.893948,94.435837,13.580233,-0.023851,0.862402,0.110675,0.493401,-8.876983,106.474663,15.655565,0.024253,0.910808,-0.058276,0.407977,-11.131599,121.085808,18.165184,0.026707,0.945699,-0.049827,0.320090,-8.558440,134.494202,15.807624,-0.013187,0.786776,0.246134,0.565887,-13.069815,115.670204,14.743367,0.238112,-0.338426,0.207111,-0.886496,-19.325920,120.160606,-0.878656,0.216260,0.397797,-0.440305,-0.775320,-2.208753,106.960106,-13.405169,0.314972,0.457643,-0.354032,-0.752341,3.514226,123.499275,-5.154916,-0.138351,0.892635,0.186499,0.386368,-9.439540,115.187492,20.815159,0.325226,0.870538,0.148133,-0.338302,2.110643,116.979340,33.727665,-0.101069,0.230639,0.506961,-0.824367,16.090265,105.336723,16.605053,0.013560,0.025980,0.466192,-0.884198,8.468794,123.055435,11.027733,0.076169,0.868649,0.071842,0.484237,-10.267875,87.424698,5.633383,0.068418,0.874897,-0.100206,0.468864,-12.606862,50.968151,-1.768385,-0.040282,0.917189,0.041246,0.394260,-22.713560,5.063364,3.490248,-0.092673,0.864830,-0.079562,0.486982,-0.795942,86.954628,20.614546,-0.015920,0.858396,-0.087729,0.505180,2.290410,50.792946,29.108290,-0.039263,0.802714,0.048708,0.593073,-0.609221,4.247519,36.992676,-0.040282,0.917189,0.041246,0.394260,-12.527168,0.767740,-5.881305,-0.039263,0.802714,0.048708,0.593073,12.697528,0.189365,32.930313
136,1.133333,-0.006674,0.874932,0.039521,0.482584,-5.527503,87.191429,13.127401,-0.062671,0.858932,0.131813,0.490850,-5.889689,94.437614,13.583311,-0.023822,0.862285,0.110744,0.493591,-8.870931,106.477654,15.657219,0.024402,0.910886,-0.057509,0.407902,-11.126383,121.088387,18.168516,0.026832,0.945852,-0.050365,0.319544,-8.558237,134.501282,15.831105,-0.013125,0.786769,0.245997,0.565957,-13.063204,115.673431,14.744873,0.238134,-0.338420,0.207170,-0.886479,-19.316593,120.163437,-0.878355,0.216401,0.397892,-0.440074,-0.775363,-2.200416,106.960228,-13.403360,0.315117,0.457611,-0.353854,-0.752384,3.527377,123.495842,-5.150241,-0.138616,0.892819,0.187327,0.385447,-9.435577,115.189552,20.818153,0.325545,0.870433,0.148149,-0.338258,2.136827,116.985382,33.710194,-0.101123,0.230017,0.507040,-0.824486,16.107569,105.330566,16.588638,0.013608,0.025928,0.466349,-0.884116,8.476528,123.055145,11.031309,0.076196,0.868535,0.071850,0.484436,-10.262780,87.426064,5.636369,0.068427,0.874828,-0.100258,0.468979,-12.601503,50.969921,-1.767461,-0.040309,0.917199,0.041196,0.394238,-22.711927,5.066246,3.493713,-0.092775,0.864915,-0.079555,0.486812,-0.792226,86.956802,20.618435,-0.015862,0.858530,-0.087954,0.504915,2.302562,50.796463,29.114815,-0.038383,0.803102,0.049093,0.592574,-0.610123,4.254603,37.015430,-0.040309,0.917199,0.041196,0.394238,-12.525887,0.769657,-5.877780,-0.038383,0.803102,0.049093,0.592574,12.687201,0.190420,32.928307
137,1.141667,-0.006692,0.874898,0.039497,0.482648,-5.523524,87.190941,13.130686,-0.062617,0.858904,0.131601,0.490962,-5.885804,94.437149,13.586137,-0.023748,0.862233,0.110673,0.493701,-8.864422,106.482208,15.656439,0.024856,0.910758,-0.058298,0.408048,-11.117223,121.093521,18.166754,0.026811,0.945771,-0.049983,0.319844,-8.528599,134.500092,15.815724,-0.013056,0.786766,0.245893,0.566008,-13.054459,115.678879,14.742841,0.237984,-0.338379,0.207434,-0.886473,-19.305914,120.169174,-0.881080,0.216524,0.397982,-0.439791,-0.775443,-2.193810,106.957352,-13.402578,0.315239,0.457593,-0.353595,-0.752465,3.540759,123.488327,-5.145375,-0.138540,0.892763,0.187295,0.385618,-9.428325,115.194405,20.816965,0.325706,0.870398,0.148318,-0.338120,2.140199,116.986931,33.712948,-0.100904,0.230048,0.507123,-0.824453,16.110369,105.327484,16.594069,0.013694,0.025858,0.466422,-0.884078,8.483431,123.051895,11.031969,0.076225,0.868525,0.071829,0.484453,-10.257702,87.425133,5.638946,0.068439,0.874771,-0.100243,0.469087,-12.598904,50.969090,-1.764581,-0.040420,0.917204,0.041166,0.394218,-22.710207,5.065256,3.493536,-0.092766,0.864888,-0.079616,0.486851,-0.789346,86.956749,20.622427,-0.015700,0.858390,-0.087622,0.505215,2.302232,50.796997,29.122475,-0.038590,0.802662,0.049132,0.593153,-0.610465,4.249146,36.987682,-0.040420,0.917204,0.041166,0.394218,-12.523660,0.769162,-5.877631,-0.038590,0.802662,0.049132,0.593153,12.694293,0.189304,32.920490
138,1.150000,-0.006596,0.874896,0.039370,0.482663,-5.520158,87.189423,13.134092,-0.062623,0.858851,0.131451,0.491094,-5.880341,94.435799,13.588598,-0.023772,0.862152,0.110529,0.493874,-8.856985,106.479347,15.654794,0.024795,0.910761,-0.058229,0.408055,-11.108795,121.091583,18.160616,0.027131,0.945809,-0.050039,0.319696,-8.522431,134.498779,15.810628,-0.012914,0.786825,0.245848,0.565948,-13.045424,115.676369,14.737288,0.237740,-0.338241,0.207626,-0.886546,-19.299356,120.169128,-0.884932,0.216625,0.398028,-0.439571,-0.775516,-2.186573,106.953789,-13.401797,0.315338,0.457678,-0.353211,-0.752552,3.553931,123.480865,-5.142163,-0.138493,0.892689,0.187182,0.385863,-9.421726,115.192886,20.812944,0.325798,0.870401,0.148235,-0.338059,2.140685,116.983521,33.714672,-0.100898,0.230294,0.507238,-0.824314,16.109922,105.318199,16.599039,0.013637,0.025796,0.466290,-0.884151,8.492318,123.044273,11.030496,0.076157,0.868589,0.071840,0.484347,-10.254099,87.424026,5.642214,0.068520,0.874896,-0.100152,0.468861,-12.591420,50.967323,-1.759291,-0.040236,0.917242,0.041251,0.394140,-22.704096,5.062830,3.490429,-0.092715,0.864764,-0.079621,0.487081,-0.786217,86.954819,20.625969,-0.015711,0.858353,-0.087608,0.505280,2.299668,50.794430,29.125357,-0.037630,0.802640,0.049662,0.593201,-0.612048,4.246378,36.989723,-0.040236,0.917242,0.041251,0.394140,-12.520531,0.766754,-5.883992,-0.037630,0.802640,0.049662,0.593201,12.688859,0.182492,32.913979
139,1.158333,-0.006275,0.874867,0.039093,0.482742,-5.525309,87.183846,13.136014,-0.062422,0.858822,0.131344,0.491200,-5.879506,94.430595,13.589223,-0.023725,0.862104,0.110358,0.494000,-8.851054,106.476555,15.655494,0.024824,0.910737,-0.058157,0.408118,-11.099496,121.089996,18.157347,0.027350,0.945795,-0.050124,0.319704,-8.512960,134.497574,15.809730,-0.012688,0.786819,0.245714,0.566021,-13.036719,115.674522,14.734760,0.237486,-0.338172,0.207881,-0.886581,-19.287998,120.171440,-0.887327,0.216696,0.398085,-0.439334,-0.775601,-2.178167,106.949570,-13.401329,0.315469,0.457690,-0.352949,-0.752613,3.568347,123.471764,-5.138316,-0.138472,0.892652,0.187107,0.385992,-9.414747,115.191444,20.811483,0.325964,0.870350,0.148280,-0.338012,2.144399,116.981415,33.716232,-0.100777,0.230378,0.507364,-0.824228,16.109823,105.310104,16.601555,0.013616,0.025737,0.466454,-0.884066,8.498738,123.038124,11.028963,0.076067,0.868519,0.071922,0.484475,-10.257977,87.421112,5.643415,0.068557,0.875034,-0.100134,0.468603,-12.585441,50.964283,-1.760561,-0.040273,0.917262,0.041243,0.394090,-22.698822,5.059928,3.489000,-0.092863,0.864724,-0.079488,0.487146,-0.792641,86.946579,20.628613,-0.015663,0.858450,-0.087651,0.505109,2.306921,50.786655,29.125038,-0.038418,0.802793,0.049357,0.592968,-0.609145,4.239166,36.991138,-0.040273,0.917262,0.041243,0.394090,-12.515953,0.764033,-5.886262,-0.038418,0.802793,0.049357,0.592968,12.693628,0.181496,32.915283
140,1.166667,-0.006240,0.874834,0.039024,0.482807,-5.521853,87.183159,13.139465,-0.062385,0.858783,0.131145,0.491325,-5.875151,94.429993,13.592018,-0.023684,0.862036,0.110324,0.494128,-8.843993,106.478226,15.654278,0.025092,0.910726,-0.057984,0.408149,-11.091243,121.091934,18.155565,0.027401,0.945835,-0.050258,0.319562,-8.499836,134.499863,15.815349,-0.012661,0.786778,0.245718,0.566076,-13.028208,115.676735,14.732413,0.237606,-0.338159,0.207977,-0.886531,-19.277325,120.174965,-0.890154,0.216935,0.398202,-0.438980,-0.775674,-2.169049,106.947502,-13.400361,0.315782,0.457473,-0.352945,-0.752615,3.585773,123.464729,-5.133907,-0.138230,0.892623,0.186989,0.386201,-9.408006,115.193161,20.810146,0.326070,0.870319,0.148351,-0.337956,2.147835,116.975693,33.718880,-0.100740,0.230542,0.507479,-0.824116,16.111673,105.301048,16.605200,0.013577,0.025717,0.466191,-0.884206,8.508766,123.029900,11.028275,0.076106,0.868432,0.071893,0.484629,-10.253407,87.420433,5.646165,0.068570,0.874909,-0.100156,0.468830,-12.583115,50.963722,-1.757704,-0.040249,0.917261,0.041245,0.394096,-22.699923,5.059948,3.490352,-0.092845,0.864679,-0.079457,0.487234,-0.790299,86.945885,20.632765,-0.015721,0.858503,-0.087900,0.504974,2.308422,50.785358,29.126907,-0.038177,0.803021,0.049314,0.592679,-0.613666,4.242170,37.016209,-0.040249,0.917261,0.041245,0.394096,-12.517151,0.763845,-5.884912,-0.038177,0.803021,0.049314,0.592679,12.684295,0.179539,32.929623
141,1.175000,-0.006259,0.874823,0.038951,0.482834,-5.516963,87.183830,13.142676,-0.062372,0.858732,0.131023,0.491450,-5.870001,94.430748,13.594159,-0.023680,0.861950,0.110337,0.494274,-8.837530,106.480392,15.653671,0.025266,0.910697,-0.058081,0.408190,-11.085297,121.094040,18.154940,0.027521,0.945854,-0.050231,0.319499,-8.488364,134.500854,15.814464,-0.011907,0.787658,0.244801,0.565266,-13.021234,115.679039,14.730865,0.234962,-0.337378,0.208944,-0.887306,-19.302923,120.172562,-0.879997,0.216203,0.397075,-0.439042,-0.776421,-2.188446,106.947998,-13.384788,0.316098,0.457425,-0.352703,-0.752625,3.599446,123.460403,-5.128094,-0.138326,0.892589,0.186969,0.386257,-9.403077,115.195099,20.809790,0.326247,0.870307,0.148302,-0.337838,2.150351,116.980324,33.720310,-0.100862,0.231035,0.507685,-0.823835,16.112419,105.296516,16.611446,0.013492,0.025972,0.465210,-0.884716,8.527127,123.029495,11.024181,0.076116,0.868368,0.071887,0.484743,-10.248051,87.420204,5.649052,0.068631,0.874882,-0.100174,0.468868,-12.577669,50.963558,-1.755134,-0.040316,0.917265,0.041195,0.394083,-22.700504,5.060917,3.491212,-0.092866,0.864590,-0.079511,0.487379,-0.785876,86.947456,20.636303,-0.015598,0.858390,-0.087599,0.505222,2.310754,50.787842,29.135096,-0.039681,0.802764,0.048923,0.592961,-0.609204,4.239297,36.993530,-0.040316,0.917265,0.041195,0.394083,-12.517522,0.764299,-5.883595,-0.039681,0.802764,0.048923,0.592961,12.700454,0.192885,32.928978
142,1.183333,-0.006319,0.874788,0.038990,0.482893,-5.510659,87.186546,13.146242,-0.062282,0.858687,0.130833,0.491590,-5.864762,94.433403,13.597776,-0.023763,0.861851,0.110398,0.494430,-8.827588,106.481407,15.653388,0.024683,0.910742,-0.057563,0.408198,-11.078840,121.094528,18.154575,0.028051,0.945867,-0.050437,0.319381,-8.501992,134.506287,15.820276,-0.011834,0.787664,0.244777,0.565269,-13.012530,115.679382,14.729473,0.234922,-0.337330,0.208939,-0.887336,-19.294161,120.174477,-0.880954,0.216323,0.397320,-0.438759,-0.776423,-2.177946,106.951073,-13.384592,0.316353,0.457404,-0.352549,-0.752603,3.612332,123.459709,-5.119789,-0.138290,0.892568,0.186822,0.386387,-9.396615,115.195724,20.809753,0.326394,0.870265,0.148595,-0.337678,2.153642,116.980896,33.723114,-0.100679,0.231019,0.507776,-0.823807,16.116337,105.295143,16.616079,0.013602,0.026032,0.465344,-0.884642,8.534825,123.027802,11.026562,0.076172,0.868327,0.071851,0.484814,-10.240722,87.422371,5.651956,0.068639,0.874772,-0.100216,0.469062,-12.574644,50.965954,-1.752044,-0.040304,0.917264,0.041162,0.394093,-22.701101,5.064207,3.495116,-0.092863,0.864638,-0.079570,0.487284,-0.780595,86.950722,20.640528,-0.015509,0.858292,-0.087506,0.505407,2.314575,50.791763,29.142677,-0.038499,0.802676,0.049484,0.593111,-0.609827,4.241425,36.988811,-0.040304,0.917264,0.041162,0.394093,-12.518141,0.766610,-5.879262,-0.038499,0.802676,0.049484,0.593111,12.695557,0.187970,32.917290
143,1.191667,-0.006348,0.874752,0.038941,0.482963,-5.505428,87.186264,13.148668,-0.062223,0.858610,0.130765,0.491749,-5.859600,94.433174,13.599346,-0.023696,0.861755,0.110292,0.494624,-8.821369,106.484390,15.654159,0.025097,0.910566,-0.058519,0.408431,-11.069901,121.098305,18.153147,0.027919,0.945756,-0.049939,0.319799,-8.471398,134.502777,15.801064,-0.011667,0.787754,0.244579,0.565233,-13.003551,115.683350,14.727698,0.234276,-0.336919,0.209609,-0.887505,-19.286734,120.178780,-0.882010,0.216299,0.396946,-0.438997,-0.776486,-2.170710,106.939606,-13.369205,0.316376,0.457498,-0.352372,-0.752620,3.623338,123.454056,-5.115688,-0.138237,0.892528,0.186765,0.386527,-9.390310,115.199303,20.809536,0.326530,0.870243,0.148584,-0.337607,2.156684,116.982475,33.726097,-0.100656,0.231177,0.507878,-0.823703,16.117302,105.290428,16.621675,0.013526,0.026111,0.465489,-0.884565,8.543177,123.024055,11.028063,0.076191,0.868263,0.071807,0.484930,-10.234300,87.421265,5.653603,0.068677,0.874757,-0.100240,0.469079,-12.570073,50.964600,-1.748595,-0.040354,0.917266,0.041197,0.394078,-22.700790,5.063802,3.498653,-0.092886,0.864632,-0.079542,0.487295,-0.776557,86.951271,20.643734,-0.015478,0.858490,-0.087809,0.505019,2.321012,50.792301,29.144945,-0.038246,0.802854,0.049486,0.592887,-0.616905,4.246888,37.015217,-0.040354,0.917266,0.041197,0.394078,-12.517584,0.767656,-5.876123,-0.038246,0.802854,0.049486,0.592887,12.684446,0.189260,32.934692
144,1.200000,-0.006294,0.874753,0.038808,0.482971,-5.501048,87.186363,13.152369,-0.062383,0.858565,0.130654,0.491837,-5.853604,94.433426,13.601741,-0.023587,0.861713,0.110261,0.494710,-8.817556,106.484459,15.651822,0.025167,0.910584,-0.058644,0.408368,-11.063071,121.098732,18.151436,0.028116,0.945809,-0.049902,0.319632,-8.461717,134.502213,15.796825,-0.011656,0.787679,0.244587,0.565335,-12.997420,115.684471,14.725292,0.234483,-0.336956,0.209753,-0.887402,-19.276587,120.181252,-0.885646,0.216538,0.397072,-0.438748,-0.776495,-2.164805,106.932854,-13.368884,0.316468,0.457404,-0.352081,-0.752775,3.633181,123.443016,-5.114268,-0.137947,0.892537,0.186696,0.386644,-9.385313,115.199150,20.807701,0.326525,0.870208,0.148662,-0.337668,2.161329,116.973511,33.725788,-0.100455,0.230747,0.507863,-0.823856,16.120070,105.284027,16.618073,0.013549,0.025770,0.467434,-0.883548,8.537145,123.017357,11.032878,0.076148,0.868248,0.071834,0.484961,-10.229783,87.421074,5.657209,0.068731,0.874809,-0.100206,0.468982,-12.561582,50.964211,-1.745246,-0.040287,0.917317,0.041192,0.393966,-22.694687,5.063480,3.497950,-0.092905,0.864772,-0.079660,0.487024,-0.772313,86.951653,20.647532,-0.015411,0.858776,-0.087626,0.504567,2.324781,50.794350,29.156002,-0.038445,0.802981,0.049363,0.592712,-0.605633,4.245710,37.009968,-0.040287,0.917317,0.041192,0.393966,-12.514335,0.766387,-5.879497,-0.038445,0.802981,0.049363,0.592712,12.694812,0.188607,32.925968
145,1.208333,-0.006241,0.874695,0.038680,0.483088,-5.498263,87.185654,13.153974,-0.062420,0.858526,0.130566,0.491924,-5.849308,94.432869,13.602037,-0.023511,0.861683,0.110230,0.494772,-8.813542,106.485771,15.649748,0.024992,0.910708,-0.057753,0.408229,-11.056818,121.100357,18.149523,0.028478,0.945932,-0.050344,0.319166,-8.470124,134.510040,15.814183,-0.011618,0.787706,0.244383,0.565386,-12.991693,115.686539,14.722982,0.234373,-0.336836,0.209832,-0.887458,-19.268877,120.180771,-0.889480,0.216553,0.397073,-0.438623,-0.776562,-2.154748,106.931519,-13.368580,0.316393,0.457500,-0.352196,-0.752693,3.648127,123.441040,-5.111235,-0.137722,0.892511,0.186597,0.386831,-9.380411,115.200409,20.805819,0.326623,0.870179,0.148739,-0.337612,2.163354,116.967789,33.727432,-0.100486,0.230932,0.507947,-0.823749,16.120792,105.275391,16.620630,0.013322,0.025907,0.467673,-0.883421,8.544999,123.009697,11.031485,0.076203,0.868064,0.071764,0.485291,-10.225005,87.420166,5.657548,0.068738,0.874903,-0.100140,0.468819,-12.560053,50.963188,-1.743310,-0.039698,0.917322,0.041548,0.393977,-22.689898,5.061296,3.496043,-0.092838,0.864774,-0.079655,0.487035,-0.771522,86.951134,20.650398,-0.015274,0.858575,-0.087482,0.504938,2.321428,50.792850,29.156202,-0.037994,0.802526,0.049625,0.593334,-0.616591,4.241425,36.990807,-0.039698,0.917322,0.041548,0.393977,-12.513564,0.766534,-5.886830,-0.037994,0.802526,0.049625,0.593334,12.688080,0.182752,32.922153
146,1.216667,-0.005792,0.874693,0.038333,0.483124,-5.509259,87.189468,13.158926,-0.062265,0.858550,0.130251,0.491985,-5.852172,94.437157,13.605727,-0.023489,0.861669,0.110136,0.494817,-8.807701,106.485657,15.647331,0.025369,0.910586,-0.058745,0.408336,-11.049160,121.100891,18.144928,0.028437,0.945847,-0.049816,0.319506,-8.441810,134.503143,15.789977,-0.011622,0.787658,0.244426,0.565434,-12.984480,115.686882,14.718946,0.234346,-0.336820,0.209983,-0.887435,-19.259783,120.182289,-0.893940,0.216663,0.397238,-0.438409,-0.776567,-2.148271,106.927216,-13.370463,0.316574,0.457357,-0.351979,-0.752805,3.656170,123.431778,-5.109024,-0.137636,0.892449,0.186549,0.387027,-9.373816,115.201065,20.802174,0.326743,0.870160,0.148739,-0.337546,2.165477,116.964844,33.728271,-0.100675,0.231395,0.508214,-0.823431,16.121214,105.267044,16.623781,0.013275,0.026098,0.466805,-0.883876,8.565056,123.007027,11.027318,0.075976,0.868038,0.071850,0.485361,-10.235483,87.427994,5.662302,0.068839,0.875028,-0.100006,0.468601,-12.552212,50.969357,-1.736111,-0.039687,0.917369,0.041374,0.393887,-22.683208,5.066240,3.490253,-0.092947,0.864806,-0.079521,0.486979,-0.783034,86.950935,20.655550,-0.015363,0.858884,-0.087660,0.504378,2.322346,50.792564,29.156462,-0.037681,0.802931,0.049580,0.592810,-0.611875,4.244337,37.011467,-0.039687,0.917369,0.041374,0.393887,-12.509310,0.766889,-5.893157,-0.037681,0.802931,0.049580,0.592810,12.685119,0.179444,32.923973
147,1.225000,-0.005815,0.874665,0.038243,0.483181,-5.505359,87.189133,13.161668,-0.062215,0.858482,0.130190,0.492126,-5.847962,94.436920,13.607152,-0.023471,0.861574,0.110123,0.494987,-8.802382,106.487511,15.647890,0.025473,0.910568,-0.058865,0.408353,-11.043676,121.102859,18.144989,0.028633,0.945882,-0.049724,0.319399,-8.432366,134.504044,15.788345,-0.011564,0.787623,0.244385,0.565502,-12.978098,115.689087,14.718129,0.234273,-0.336781,0.210196,-0.887419,-19.250784,120.185867,-0.895415,0.216831,0.397178,-0.438222,-0.776657,-2.142407,106.923225,-13.368191,0.316816,0.457303,-0.351917,-0.752766,3.669993,123.425102,-5.108774,-0.137573,0.892429,0.186492,0.387125,-9.369806,115.202843,20.802731,0.326870,0.870126,0.148837,-0.337468,2.167457,116.964684,33.730907,-0.100759,0.231566,0.508368,-0.823278,16.121691,105.263016,16.627842,0.013008,0.026204,0.467367,-0.883579,8.575500,123.005226,11.029877,0.075947,0.867964,0.071940,0.485485,-10.230597,87.426590,5.664388,0.068942,0.874947,-0.100237,0.468687,-12.541121,50.968586,-1.739112,-0.039457,0.917374,0.041310,0.393905,-22.691166,5.071190,3.500517,-0.092993,0.864770,-0.079489,0.487039,-0.780121,86.951675,20.658949,-0.015268,0.858847,-0.087736,0.504432,2.328722,50.793552,29.159679,-0.037640,0.803004,0.049525,0.592719,-0.617339,4.246309,37.016087,-0.039457,0.917374,0.041310,0.393905,-12.519163,0.767617,-5.883012,-0.037640,0.803004,0.049525,0.592719,12.678183,0.179488,32.925724
148,1.233333,-0.005836,0.874622,0.038230,0.483260,-5.499701,87.190720,13.164595,-0.062186,0.858451,0.130016,0.492231,-5.842518,94.438515,13.609733,-0.023466,0.861516,0.110149,0.495082,-8.794442,106.490265,15.646778,0.025603,0.910506,-0.059090,0.408451,-11.036261,121.105446,18.144375,0.028728,0.945835,-0.049598,0.319547,-8.418892,134.504807,15.784104,-0.011535,0.787632,0.244345,0.565508,-12.969941,115.691910,14.716725,0.234213,-0.336920,0.210066,-0.887413,-19.242409,120.188751,-0.896890,0.216827,0.397449,-0.437770,-0.776774,-2.136001,106.931305,-13.377892,0.316990,0.457215,-0.351977,-0.752718,3.683025,123.422729,-5.105159,-0.137511,0.892396,0.186458,0.387238,-9.362982,115.205254,20.802084,0.327040,0.870063,0.149115,-0.337343,2.171835,116.964760,33.732761,-0.100815,0.231585,0.508481,-0.823196,16.124712,105.260452,16.630402,0.012713,0.026405,0.467843,-0.883326,8.583469,123.005333,11.034170,0.076010,0.867954,0.071737,0.485524,-10.223584,87.427795,5.666448,0.068964,0.874892,-0.100155,0.468803,-12.545254,50.968327,-1.726346,-0.039525,0.917337,0.041350,0.393980,-22.694279,5.069664,3.504176,-0.092956,0.864802,-0.079586,0.486974,-0.775820,86.953644,20.662743,-0.015274,0.858984,-0.087544,0.504231,2.327747,50.796173,29.168152,-0.039006,0.802982,0.048929,0.592710,-0.606752,4.245773,37.010128,-0.039525,0.917337,0.041350,0.393980,-12.520042,0.767916,-5.877770,-0.039006,0.802982,0.048929,0.592710,12.695604,0.188262,32.932751
149,1.241667,-0.005972,0.874609,0.038233,0.483282,-5.491589,87.192467,13.167630,-0.062227,0.858410,0.129925,0.492321,-5.836171,94.440231,13.611846,-0.023453,0.861454,0.110185,0.495183,-8.788347,106.493530,15.646334,0.025749,0.910469,-0.059186,0.408510,-11.030643,121.108498,18.144781,0.028818,0.945825,-0.049552,0.319578,-8.408369,134.506821,15.784065,-0.011527,0.787594,0.244348,0.565558,-12.963570,115.695282,14.716178,0.234152,-0.336636,0.210488,-0.887437,-19.234055,120.192848,-0.898024,0.217051,0.397202,-0.437951,-0.776736,-2.126957,106.920792,-13.362532,0.317221,0.457160,-0.351997,-0.752644,3.693997,123.419724,-5.102440,-0.137674,0.892355,0.186514,0.387249,-9.358019,115.208031,20.802324,0.327179,0.870052,0.149158,-0.337218,2.174948,116.971565,33.734108,-0.100937,0.231692,0.508599,-0.823078,16.127506,105.261208,16.635626,0.012532,0.026602,0.468227,-0.883119,8.593479,123.008240,11.040197,0.076040,0.867896,0.071710,0.485625,-10.215065,87.427475,5.669162,0.068996,0.874740,-0.100221,0.469068,-12.538801,50.968052,-1.723240,-0.039795,0.917350,0.041246,0.393935,-22.694859,5.071050,3.508214,-0.092937,0.864704,-0.079610,0.487146,-0.768112,86.957458,20.666100,-0.015113,0.858678,-0.087331,0.504794,2.331681,50.800003,29.172955,-0.039955,0.802573,0.048531,0.593232,-0.610919,4.245615,36.988239,-0.039795,0.917350,0.041246,0.393935,-12.519419,0.769699,-5.872612,-0.039955,0.802573,0.048531,0.593232,12.701509,0.195022,32.936947
150,1.250000,-0.005920,0.874551,0.038195,0.483391,-5.491479,87.192551,13.168605,-0.061987,0.858383,0.129794,0.492433,-5.835191,94.440376,13.612655,-0.023484,0.861385,0.110193,0.495301,-8.780271,106.492783,15.646603,0.025773,0.910449,-0.059098,0.408566,-11.023821,121.107651,18.144464,0.028959,0.945825,-0.049575,0.319561,-8.401691,134.506470,15.786421,-0.011514,0.787613,0.244264,0.565569,-12.955585,115.694382,14.715311,0.234017,-0.336535,0.210507,-0.887506,-19.225672,120.190720,-0.899398,0.217026,0.397148,-0.437929,-0.776783,-2.115577,106.920517,-13.361770,0.317372,0.457082,-0.352283,-0.752495,3.708086,123.419678,-5.101583,-0.137680,0.892309,0.186474,0.387371,-9.351708,115.207253,20.802454,0.327206,0.870025,0.149350,-0.337174,2.177886,116.970490,33.737278,-0.100755,0.231304,0.508582,-0.823220,16.131029,105.262283,16.637812,0.012523,0.026421,0.470078,-0.882140,8.589494,123.007370,11.050423,0.076030,0.867795,0.071658,0.485815,-10.213108,87.428116,5.668994,0.069018,0.874655,-0.100242,0.469219,-12.536487,50.968040,-1.720235,-0.039761,0.917367,0.041230,0.393899,-22.696198,5.071726,3.510164,-0.093001,0.864738,-0.079643,0.487068,-0.769850,86.956993,20.668215,-0.015024,0.858759,-0.087303,0.504664,2.333602,50.800819,29.179165,-0.039444,0.802536,0.048734,0.593300,-0.613668,4.245710,36.988373,-0.039761,0.917367,0.041230,0.393899,-12.521834,0.769585,-5.871461,-0.039444,0.802536,0.048734,0.593300,12.696752,0.191167,32.934441
151,1.258333,-0.005985,0.874588,0.038157,0.483325,-5.480777,87.194199,13.171071,-0.062240,0.858341,0.129829,0.492464,-5.825013,94.442055,13.614214,-0.023387,0.861368,0.110096,0.495356,-8.775855,106.492760,15.645482,0.025766,0.910438,-0.058944,0.408612,-11.015628,121.108398,18.142185,0.029111,0.945803,-0.049580,0.319611,-8.395192,134.508240,15.788028,-0.011527,0.787626,0.244332,0.565521,-12.948555,115.695442,14.713200,0.233926,-0.336505,0.210660,-0.887505,-19.220522,120.192360,-0.900589,0.217094,0.397173,-0.437823,-0.776811,-2.112649,106.917282,-13.360808,0.317678,0.456834,-0.352278,-0.752519,3.713274,123.413399,-5.100478,-0.137558,0.892264,0.186448,0.387530,-9.345387,115.207718,20.800716,0.327261,0.869997,0.149529,-0.337116,2.181101,116.966286,33.738945,-0.100914,0.231356,0.508676,-0.823128,16.134443,105.258774,16.639156,0.012315,0.026663,0.470427,-0.881950,8.597682,123.006866,11.054501,0.076033,0.867822,0.071634,0.485770,-10.203512,87.428383,5.672112,0.069143,0.874986,-0.100128,0.468608,-12.528363,50.968075,-1.715554,-0.039643,0.917402,0.041243,0.393829,-22.689730,5.071238,3.507026,-0.092832,0.864751,-0.079732,0.487064,-0.758041,86.960014,20.670029,-0.014972,0.858794,-0.087302,0.504606,2.331357,50.802559,29.180645,-0.037843,0.802509,0.049357,0.593390,-0.619589,4.247296,36.987522,-0.039643,0.917402,0.041243,0.393829,-12.517792,0.768043,-5.876746,-0.037843,0.802509,0.049357,0.593390,12.683253,0.180115,32.921391
152,1.266667,-0.005857,0.874542,0.038018,0.483422,-5.481522,87.191772,13.174068,-0.062158,0.858319,0.129708,0.492546,-5.823208,94.439796,13.616298,-0.023443,0.861326,0.110065,0.495433,-8.771288,106.492592,15.645957,0.025798,0.910415,-0.058902,0.408668,-11.012280,121.108368,18.140837,0.029304,0.945784,-0.049596,0.319648,-8.391298,134.508377,15.788301,-0.011537,0.787587,0.244291,0.565593,-12.944284,115.694977,14.712008,0.233898,-0.336463,0.210739,-0.887509,-19.213398,120.191429,-0.903061,0.217166,0.397145,-0.437740,-0.776852,-2.105784,106.913742,-13.360863,0.317829,0.456801,-0.352450,-0.752394,3.723858,123.409058,-5.101187,-0.137522,0.892247,0.186421,0.387595,-9.342237,115.208015,20.800247,0.327381,0.869965,0.149686,-0.337011,2.182824,116.965317,33.739918,-0.101057,0.231455,0.508828,-0.822988,16.135757,105.254959,16.641750,0.012244,0.027022,0.470636,-0.881829,8.606995,123.007095,11.058628,0.076015,0.867803,0.071639,0.485806,-10.202633,87.426811,5.674115,0.069160,0.874859,-0.100126,0.468842,-12.525788,50.966347,-1.713294,-0.039638,0.917413,0.041245,0.393803,-22.689861,5.069694,3.505631,-0.092837,0.864771,-0.079678,0.487035,-0.760412,86.956734,20.674023,-0.015042,0.859153,-0.087467,0.503964,2.331560,50.798695,29.181231,-0.038239,0.802777,0.049064,0.593026,-0.615696,4.246351,37.006878,-0.039638,0.917413,0.041245,0.393803,-12.518494,0.766477,-5.878748,-0.038239,0.802777,0.049064,0.593026,12.684959,0.179160,32.933617
153,1.275000,-0.005843,0.874526,0.037896,0.483460,-5.477695,87.192093,13.176913,-0.062155,0.858289,0.129632,0.492618,-5.818357,94.440254,13.617682,-0.023415,0.861285,0.110032,0.495512,-8.765340,106.492493,15.645334,0.025751,0.910417,-0.058762,0.408686,-11.005365,121.108521,18.139603,0.029561,0.945784,-0.049629,0.319619,-8.387008,134.509583,15.790057,-0.011534,0.787623,0.244275,0.565550,-12.937297,115.695259,14.710525,0.234026,-0.336474,0.210694,-0.887482,-19.208096,120.191109,-0.904043,0.217197,0.397182,-0.437767,-0.776809,-2.099893,106.913437,-13.361056,0.317695,0.456807,-0.352203,-0.752563,3.727721,123.409676,-5.101628,-0.137531,0.892191,0.186416,0.387724,-9.336344,115.208054,20.799393,0.327421,0.869964,0.149769,-0.336939,2.185154,116.964600,33.742340,-0.101242,0.231563,0.508897,-0.822893,16.139198,105.253365,16.645679,0.012136,0.027435,0.470893,-0.881680,8.615288,123.007835,11.063971,0.076014,0.867796,0.071656,0.485816,-10.198153,87.426338,5.676523,0.069281,0.875076,-0.100083,0.468428,-12.520557,50.966053,-1.712008,-0.039670,0.917416,0.041180,0.393800,-22.690262,5.070177,3.502761,-0.092775,0.864828,-0.079695,0.486944,-0.757236,86.957848,20.677303,-0.015024,0.859198,-0.087463,0.503889,2.331055,50.799168,29.183102,-0.037601,0.802904,0.049311,0.592874,-0.616803,4.246706,37.007843,-0.039670,0.917416,0.041180,0.393800,-12.518856,0.765659,-5.880981,-0.037601,0.802904,0.049311,0.592874,12.678946,0.174451,32.923637
154,1.283333,-0.005807,0.874451,0.037838,0.483601,-5.476002,87.191246,13.179543,-0.062031,0.858256,0.129531,0.492717,-5.815866,94.439484,13.619772,-0.023478,0.861231,0.110049,0.495600,-8.759474,106.493843,15.646718,0.025795,0.910364,-0.058884,0.408785,-11.001634,121.109665,18.140236,0.029716,0.945734,-0.049529,0.319767,-8.380469,134.509796,15.788606,-0.011539,0.787611,0.244270,0.565569,-12.932226,115.696144,14.710830,0.233977,-0.336474,0.210708,-0.887492,-19.202290,120.191917,-0.904053,0.217178,0.397207,-0.437729,-0.776823,-2.094393,106.914345,-13.361586,0.317839,0.456671,-0.352356,-0.752512,3.733686,123.409424,-5.100650,-0.137573,0.892162,0.186443,0.387764,-9.332553,115.209435,20.800495,0.327493,0.869971,0.150002,-0.336747,2.187478,116.966522,33.744675,-0.101578,0.231990,0.509092,-0.822610,16.145615,105.254532,16.651878,0.012208,0.028225,0.469633,-0.882326,8.637601,123.014687,11.066309,0.076036,0.867653,0.071634,0.486071,-10.194040,87.425659,5.677636,0.069309,0.874863,-0.100172,0.468803,-12.516477,50.965382,-1.710915,-0.039543,0.917396,0.041177,0.393860,-22.694576,5.071545,3.505449,-0.092842,0.864768,-0.079661,0.487043,-0.757965,86.956833,20.681452,-0.014979,0.859163,-0.087422,0.503956,2.334925,50.798679,29.187796,-0.038259,0.802899,0.049095,0.592857,-0.615240,4.245421,37.006916,-0.039543,0.917396,0.041177,0.393860,-12.523116,0.765546,-5.877556,-0.038259,0.802899,0.049095,0.592857,12.684031,0.179253,32.928108
155,1.291667,-0.005962,0.874446,0.037874,0.483606,-5.465413,87.196335,13.183541,-0.062146,0.858195,0.129528,0.492809,-5.807513,94.444504,13.623132,-0.023452,0.861160,0.110105,0.495711,-8.753168,106.496071,15.647822,0.026023,0.910381,-0.058529,0.408783,-10.995801,121.111557,18.142866,0.029816,0.945794,-0.049721,0.319552,-8.372890,134.513336,15.802515,-0.011599,0.787564,0.244305,0.565619,-12.925586,115.698555,14.712196,0.233977,-0.336489,0.210717,-0.887484,-19.193638,120.193825,-0.903642,0.217117,0.397176,-0.437790,-0.776822,-2.086404,106.915787,-13.361597,0.317816,0.456526,-0.352425,-0.752578,3.740647,123.411667,-5.101003,-0.137754,0.892117,0.186452,0.387798,-9.327456,115.210930,20.802704,0.327610,0.869951,0.150296,-0.336553,2.189900,116.973068,33.748581,-0.101291,0.231518,0.509101,-0.822773,16.150740,105.259811,16.658836,0.012704,0.028345,0.470823,-0.881681,8.634739,123.017967,11.081844,0.076051,0.867690,0.071582,0.486010,-10.183343,87.428642,5.681500,0.069366,0.874722,-0.100203,0.469052,-12.509145,50.967979,-1.704135,-0.040355,0.917400,0.040896,0.393797,-22.694803,5.075488,3.509295,-0.092757,0.864856,-0.079739,0.486891,-0.747483,86.964020,20.685583,-0.014962,0.859177,-0.087373,0.503942,2.338585,50.805611,29.193329,-0.039025,0.802970,0.048618,0.592751,-0.610509,4.251495,37.007740,-0.040355,0.917400,0.040896,0.393797,-12.518138,0.771567,-5.869020,-0.039025,0.802970,0.048618,0.592751,12.690893,0.187324,32.933891
156,1.300000,-0.005996,0.874432,0.037844,0.483633,-5.458970,87.197983,13.186810,-0.062197,0.858136,0.129491,0.492916,-5.801299,94.446182,13.625784,-0.023506,0.861080,0.110136,0.495841,-8.747795,106.497574,15.648651,0.025989,0.910333,-0.058812,0.408852,-10.992654,121.112785,18.143335,0.030029,0.945766,-0.049522,0.319645,-8.367227,134.512848,15.795967,-0.011574,0.787624,0.244262,0.565554,-12.920825,115.699661,14.711934,0.233691,-0.336394,0.210773,-0.887582,-19.191433,120.194183,-0.903083,0.217066,0.397041,-0.437713,-0.776948,-2.082181,106.918549,-13.360824,0.318024,0.456420,-0.352611,-0.752467,3.751383,123.411736,-5.101161,-0.137801,0.892087,0.186462,0.387844,-9.324562,115.212250,20.803556,0.327678,0.869975,0.150569,-0.336302,2.191094,116.975273,33.750813,-0.101344,0.231556,0.509215,-0.822685,16.158142,105.261337,16.666630,0.013154,0.028893,0.470370,-0.881898,8.647482,123.022148,11.090766,0.076072,0.867635,0.071576,0.486107,-10.176423,87.429550,5.684450,0.069447,0.874855,-0.100174,0.468797,-12.503020,50.969063,-1.701789,-0.040224,0.917406,0.040914,0.393795,-22.692549,5.077085,3.508630,-0.092728,0.864770,-0.079746,0.487046,-0.741516,86.966415,20.689171,-0.014850,0.859128,-0.087348,0.504032,2.340918,50.807690,29.196918,-0.037879,0.802808,0.049102,0.593004,-0.616872,4.252830,37.003601,-0.040224,0.917406,0.040914,0.393795,-12.517056,0.772128,-5.870473,-0.037879,0.802808,0.049102,0.593004,12.681159,0.180513,32.926895
157,1.308333,-0.006001,0.874422,0.037829,0.483653,-5.453990,87.198433,13.189390,-0.062244,0.858109,0.129482,0.492960,-5.796296,94.446648,13.628122,-0.023533,0.861051,0.110109,0.495896,-8.744178,106.499519,15.650307,0.025920,0.910309,-0.058821,0.408907,-10.989491,121.114876,18.143761,0.030196,0.945732,-0.049470,0.319738,-8.365442,134.515076,15.795626,-0.011647,0.787521,0.244300,0.565679,-12.917169,115.701508,14.712456,0.233818,-0.336456,0.210754,-0.887530,-19.182814,120.195892,-0.904605,0.217060,0.397080,-0.437755,-0.776906,-2.075246,106.918785,-13.363101,0.318011,0.456315,-0.352694,-0.752497,3.756103,123.413849,-5.102606,-0.137780,0.892066,0.186434,0.387914,-9.321692,115.214516,20.804579,0.327655,0.870031,0.150745,-0.336101,2.192284,116.976692,33.753456,-0.101352,0.231570,0.509231,-0.822671,16.166847,105.264320,16.674337,0.013505,0.029204,0.470116,-0.882018,8.657467,123.024666,11.098626,0.076057,0.867610,0.071587,0.486151,-10.171111,87.429794,5.686810,0.069510,0.874760,-0.100222,0.468955,-12.495918,50.969254,-1.699743,-0.039794,0.917419,0.040996,0.393800,-22.693630,5.079019,3.509949,-0.092723,0.864754,-0.079743,0.487076,-0.736870,86.967079,20.691971,-0.014813,0.859272,-0.087327,0.503791,2.345034,50.808250,29.199467,-0.039060,0.802906,0.048594,0.592836,-0.612607,4.252949,37.003605,-0.039794,0.917419,0.040996,0.393800,-12.521667,0.771271,-5.871706,-0.039060,0.802906,0.048594,0.592836,12.689781,0.188843,32.932915
158,1.316667,-0.005964,0.874426,0.037770,0.483649,-5.449315,87.199532,13.192794,-0.062297,0.858084,0.129468,0.493000,-5.790725,94.447815,13.631044,-0.023566,0.861021,0.110097,0.495951,-8.739179,106.498650,15.651812,0.025965,0.910321,-0.058552,0.408917,-10.985312,121.114037,18.144320,0.030283,0.945756,-0.049566,0.319643,-8.363082,134.515839,15.803329,-0.011671,0.787521,0.244339,0.565662,-12.912354,115.700447,14.712999,0.233912,-0.336538,0.210634,-0.887502,-19.178633,120.194778,-0.903814,0.217032,0.397100,-0.437776,-0.776892,-2.071311,106.920746,-13.365897,0.318125,0.456173,-0.352904,-0.752437,3.758226,123.414612,-5.105397,-0.137864,0.892021,0.186469,0.387971,-9.317667,115.213860,20.805618,0.327705,0.870030,0.150654,-0.336097,2.193962,116.977600,33.756363,-0.101599,0.231708,0.509258,-0.822585,16.167038,105.261520,16.678574,0.013304,0.029674,0.470230,-0.881945,8.661751,123.022888,11.104579,0.076083,0.867580,0.071608,0.486198,-10.166496,87.430969,5.690258,0.069559,0.874699,-0.100244,0.469057,-12.491789,50.970947,-1.698688,-0.039212,0.917419,0.041060,0.393852,-22.695053,5.081752,3.509337,-0.092691,0.864777,-0.079702,0.487050,-0.732134,86.968102,20.695328,-0.014733,0.859291,-0.087473,0.503737,2.349506,50.808327,29.198912,-0.038519,0.802997,0.048745,0.592735,-0.621089,4.255214,37.011181,-0.039212,0.917419,0.041060,0.393852,-12.527079,0.769055,-5.874367,-0.038519,0.802997,0.048745,0.592735,12.677147,0.185513,32.932537
159,1.325000,-0.005902,0.874397,0.037656,0.483713,-5.447974,87.198395,13.196906,-0.062293,0.858092,0.129327,0.493024,-5.787831,94.446815,13.634111,-0.023604,0.861021,0.110074,0.495954,-8.734274,106.497482,15.651697,0.025863,0.910294,-0.058710,0.408961,-10.981066,121.112968,18.143030,0.030458,0.945703,-0.049397,0.319810,-8.359450,134.514038,15.797204,-0.011625,0.787559,0.244307,0.565623,-12.907827,115.699028,14.712104,0.233778,-0.336506,0.210651,-0.887546,-19.175686,120.193649,-0.904000,0.216923,0.397015,-0.437841,-0.776929,-2.067631,106.921005,-13.366589,0.317936,0.456195,-0.352780,-0.752561,3.762386,123.415222,-5.106637,-0.137767,0.891982,0.186369,0.388142,-9.313209,115.213074,20.804817,0.327683,0.870050,0.150671,-0.336058,2.194729,116.973877,33.759247,-0.101835,0.231863,0.509226,-0.822531,16.169796,105.258385,16.682676,0.013157,0.030364,0.470504,-0.881777,8.665915,123.020828,11.108583,0.076065,0.867537,0.071671,0.486269,-10.164085,87.429848,5.693694,0.069634,0.874680,-0.100271,0.469075,-12.485322,50.970291,-1.698803,-0.039287,0.917445,0.040951,0.393795,-22.696129,5.082619,3.507802,-0.092631,0.864744,-0.079667,0.487125,-0.731863,86.966942,20.700119,-0.014755,0.859321,-0.087396,0.503698,2.346547,50.805943,29.199636,-0.037740,0.802887,0.049167,0.592901,-0.618248,4.251611,37.006821,-0.039287,0.917445,0.040951,0.393795,-12.528955,0.767976,-5.875878,-0.037740,0.802887,0.049167,0.592901,12.678081,0.178460,32.925388
160,1.333333,-0.005892,0.874370,0.037637,0.483762,-5.445482,87.198517,13.200230,-0.062312,0.858083,0.129217,0.493066,-5.785096,94.446960,13.637248,-0.023655,0.860997,0.110130,0.495980,-8.730476,106.497322,15.651946,0.025820,0.910305,-0.058514,0.408968,-10.979487,121.112373,18.143879,0.030626,0.945704,-0.049489,0.319776,-8.361075,134.514832,15.802404,-0.011676,0.787479,0.244427,0.565682,-12.905234,115.698349,14.712520,0.233880,-0.336587,0.210593,-0.887502,-19.170738,120.194473,-0.904095,0.216918,0.397035,-0.437852,-0.776914,-2.064189,106.922211,-13.369134,0.317934,0.456148,-0.352838,-0.752564,3.764924,123.416840,-5.108712,-0.137734,0.891962,0.186396,0.388187,-9.311017,115.212563,20.805481,0.327599,0.870095,0.150638,-0.336037,2.196028,116.971588,33.760944,-0.102027,0.231879,0.509170,-0.822538,16.174561,105.258286,16.685715,0.013230,0.030925,0.470885,-0.881553,8.668411,123.021484,11.114544,0.076036,0.867482,0.071691,0.486369,-10.160754,87.430008,5.696491,0.069701,0.874682,-0.100286,0.469058,-12.478582,50.970341,-1.696539,-0.040036,0.917432,0.040756,0.393769,-22.695446,5.083838,3.508539,-0.092684,0.864685,-0.079607,0.487230,-0.730209,86.967033,20.703968,-0.014656,0.859401,-0.087409,0.503562,2.352772,50.806046,29.201889,-0.037776,0.802898,0.049068,0.592892,-0.619458,4.251650,37.005882,-0.040036,0.917432,0.040756,0.393769,-12.522642,0.772730,-5.870665,-0.037776,0.802898,0.049068,0.592892,12.676555,0.176854,32.925064
161,1.341667,-0.005994,0.874335,0.037703,0.483819,-5.441091,87.200249,13.204193,-0.062265,0.858051,0.129145,0.493147,-5.782508,94.448601,13.641313,-0.023700,0.860941,0.110159,0.496069,-8.725982,106.498695,15.654677,0.025995,0.910268,-0.058497,0.409042,-10.976824,121.113480,18.146448,0.030611,0.945698,-0.049463,0.319800,-8.353960,134.515533,15.807682,-0.011726,0.787465,0.244432,0.565698,-12.901348,115.699371,14.714549,0.233907,-0.336616,0.210512,-0.887503,-19.166168,120.194366,-0.902666,0.216850,0.397040,-0.437931,-0.776886,-2.058902,106.924889,-13.369703,0.317894,0.456105,-0.352896,-0.752580,3.767372,123.420334,-5.109093,-0.137952,0.891925,0.186406,0.388192,-9.308411,115.213760,20.808281,0.327660,0.870126,0.150801,-0.335826,2.196415,116.979202,33.764847,-0.101929,0.231816,0.509238,-0.822526,16.180035,105.263916,16.695145,0.013734,0.031140,0.470629,-0.881675,8.676553,123.025475,11.125216,0.076008,0.867469,0.071692,0.486396,-10.155365,87.430748,5.699798,0.069795,0.874590,-0.100319,0.469209,-12.471115,50.970795,-1.692414,-0.039712,0.917416,0.040809,0.393834,-22.698036,5.086148,3.509269,-0.092704,0.864787,-0.079653,0.487036,-0.726816,86.969742,20.708588,-0.014581,0.859481,-0.087360,0.503436,2.357604,50.809574,29.209480,-0.038489,0.802945,0.048717,0.592811,-0.617242,4.254159,37.006390,-0.039712,0.917416,0.040809,0.393834,-12.526677,0.772752,-5.870451,-0.038489,0.802945,0.048717,0.592811,12.681391,0.183326,32.930153
162,1.350000,-0.006098,0.874326,0.037750,0.483830,-5.434298,87.201012,13.208053,-0.062942,0.858251,0.128703,0.492827,-5.777366,94.449295,13.645023,-0.023027,0.861271,0.110614,0.495426,-8.729939,106.503036,15.642103,0.025955,0.910438,-0.058556,0.408657,-10.968275,121.115753,18.157185,0.030627,0.945680,-0.049452,0.319854,-8.347247,134.517548,15.814853,-0.011850,0.787429,0.244338,0.565787,-12.901452,115.707382,14.721084,0.233757,-0.336638,0.210578,-0.887519,-19.162676,120.197906,-0.898857,0.216750,0.396925,-0.437965,-0.776954,-2.057540,106.927612,-13.367930,0.317864,0.456060,-0.353031,-0.752556,3.771035,123.422493,-5.108418,-0.138027,0.891843,0.186294,0.388407,-9.299027,115.211487,20.808380,0.327673,0.870121,0.151159,-0.335664,2.199253,116.978966,33.770473,-0.101849,0.231703,0.509290,-0.822535,16.187897,105.267952,16.701944,0.014081,0.031300,0.470314,-0.881831,8.684880,123.029266,11.134568,0.075983,0.867483,0.071733,0.486368,-10.148354,87.430313,5.703484,0.069895,0.874543,-0.100384,0.469269,-12.461242,50.970501,-1.690371,-0.039804,0.917422,0.040800,0.393811,-22.699533,5.088407,3.511432,-0.092769,0.864812,-0.079631,0.486984,-0.720242,86.971710,20.712620,-0.014433,0.859538,-0.087366,0.503343,2.369681,50.812195,29.214275,-0.038598,0.802908,0.048706,0.592854,-0.616665,4.256490,37.005032,-0.039804,0.917422,0.040800,0.393811,-12.527839,0.775812,-5.868284,-0.038598,0.802908,0.048706,0.592854,12.683131,0.187227,32.931034
163,1.358333,-0.006194,0.874330,0.037834,0.483815,-5.426751,87.201447,13.211006,-0.062370,0.857995,0.129086,0.493245,-5.771623,94.449615,13.648386,-0.023799,0.860854,0.110280,0.496189,-8.717470,106.502220,15.659264,0.026268,0.910218,-0.058506,0.409134,-10.973009,121.116066,18.152306,0.030571,0.945699,-0.049404,0.319810,-8.342960,134.517288,15.816800,-0.011744,0.787456,0.244472,0.565692,-12.895015,115.701904,14.719084,0.233682,-0.336658,0.210561,-0.887535,-19.160036,120.197151,-0.897969,0.216650,0.396887,-0.438022,-0.776969,-2.055204,106.928459,-13.369167,0.317743,0.456065,-0.353008,-0.752615,3.772583,123.423431,-5.109354,-0.137780,0.891939,0.186291,0.388274,-9.303835,115.216446,20.813858,0.327696,0.870139,0.151391,-0.335492,2.200411,116.977646,33.771507,-0.101981,0.231683,0.509348,-0.822489,16.194090,105.267952,16.706209,0.014200,0.031574,0.469926,-0.882027,8.692622,123.032364,11.142551,0.076006,0.867467,0.071728,0.486393,-10.141047,87.429985,5.706566,0.069957,0.874532,-0.100400,0.469277,-12.455382,50.970375,-1.687851,-0.039345,0.917429,0.040860,0.393836,-22.699497,5.089399,3.512406,-0.092799,0.864823,-0.079597,0.486964,-0.712454,86.972908,20.715445,-0.014312,0.859524,-0.087498,0.503346,2.380839,50.813400,29.215899,-0.039056,0.803018,0.048388,0.592702,-0.621602,4.259536,37.011478,-0.039345,0.917429,0.040860,0.393836,-12.531249,0.773140,-5.869365,-0.039056,0.803018,0.048388,0.592702,12.678432,0.190718,32.937805
164,1.366667,-0.006154,0.874318,0.037790,0.483841,-5.426872,87.201431,13.215278,-0.062915,0.858005,0.129180,0.493134,-5.770932,94.449654,13.652361,-0.023319,0.861002,0.110251,0.495960,-8.731391,106.508255,15.660095,0.026293,0.910286,-0.058662,0.408959,-10.973455,121.122971,18.160192,0.030660,0.945693,-0.049400,0.319818,-8.341719,134.523102,15.820384,-0.011950,0.787309,0.244376,0.565934,-12.902074,115.711685,14.726138,0.233446,-0.336726,0.210704,-0.887537,-19.157387,120.201515,-0.896373,0.216512,0.396762,-0.438049,-0.777056,-2.057862,106.929634,-13.371470,0.317653,0.456062,-0.352999,-0.752659,3.772970,123.424164,-5.111757,-0.137792,0.891953,0.186415,0.388179,-9.307352,115.220978,20.818407,0.327973,0.870077,0.151581,-0.335295,2.199342,116.981544,33.773975,-0.101975,0.231767,0.509562,-0.822333,16.190540,105.262520,16.713049,0.014313,0.031886,0.469664,-0.882153,8.698444,123.033379,11.148078,0.075926,0.867421,0.071821,0.486475,-10.140724,87.430222,5.710565,0.070070,0.874629,-0.100408,0.469077,-12.445786,50.970711,-1.687207,-0.039478,0.917433,0.040775,0.393822,-22.698372,5.091390,3.510959,-0.092841,0.864793,-0.079537,0.487020,-0.713019,86.972633,20.719990,-0.014276,0.859595,-0.087412,0.503241,2.384572,50.812984,29.218275,-0.039064,0.802952,0.048414,0.592789,-0.615787,4.257617,37.005653,-0.039478,0.917433,0.040775,0.393822,-12.529469,0.774473,-5.869803,-0.039064,0.802952,0.048414,0.592789,12.685293,0.189537,32.934650
165,1.375000,-0.006155,0.874317,0.037699,0.483849,-5.424911,87.200783,13.219556,-0.062974,0.858005,0.129101,0.493147,-5.768351,94.449112,13.655474,-0.023302,0.861000,0.110265,0.495961,-8.728997,106.507454,15.660657,0.026228,0.910305,-0.058611,0.408929,-10.970829,121.122108,18.161360,0.030725,0.945710,-0.049334,0.319773,-8.341394,134.522766,15.821942,-0.011973,0.787289,0.244383,0.565959,-12.899537,115.710983,14.727084,0.233816,-0.336897,0.210499,-0.887423,-19.153885,120.200523,-0.895900,0.216590,0.396827,-0.437972,-0.777044,-2.055794,106.930717,-13.375175,0.317552,0.455992,-0.352963,-0.752761,3.775273,123.423340,-5.114921,-0.137609,0.891938,0.186253,0.388357,-9.304814,115.219963,20.819330,0.328003,0.870042,0.151744,-0.335283,2.198839,116.975807,33.778244,-0.102199,0.231793,0.509760,-0.822175,16.189455,105.258682,16.715540,0.014577,0.032266,0.469074,-0.882449,8.705349,123.036400,11.156166,0.075888,0.867480,0.071900,0.486363,-10.138625,87.428787,5.714731,0.070145,0.874550,-0.100449,0.469204,-12.439287,50.969673,-1.686392,-0.039057,0.917437,0.040829,0.393849,-22.700584,5.092117,3.510175,-0.092780,0.864810,-0.079443,0.487016,-0.711196,86.972786,20.724382,-0.014176,0.859528,-0.087471,0.503349,2.386034,50.811172,29.214460,-0.037316,0.802771,0.049300,0.593073,-0.626241,4.256493,37.001389,-0.039057,0.917437,0.040829,0.393849,-12.534780,0.771809,-5.872389,-0.037316,0.802771,0.049300,0.593073,12.669398,0.179292,32.921745
166,1.383333,-0.006109,0.874330,0.037750,0.483824,-5.423244,87.201782,13.224432,-0.063033,0.857991,0.129022,0.493185,-5.766439,94.450066,13.661334,-0.023289,0.860977,0.110245,0.496006,-8.726754,106.505791,15.663488,0.026245,0.910299,-0.058631,0.408937,-10.968098,121.120583,18.163759,0.030719,0.945722,-0.049265,0.319750,-8.337992,134.521072,15.824077,-0.011951,0.787354,0.244333,0.565890,-12.896740,115.709518,14.729375,0.233477,-0.336874,0.210560,-0.887507,-19.153805,120.198074,-0.892805,0.216369,0.396697,-0.438081,-0.777111,-2.056231,106.930649,-13.375317,0.317501,0.455922,-0.353000,-0.752807,3.775407,123.423920,-5.114771,-0.137761,0.891899,0.186327,0.388356,-9.302640,115.218399,20.821980,0.328231,0.869973,0.151965,-0.335138,2.199557,116.977783,33.781700,-0.102228,0.231826,0.509978,-0.822027,16.187553,105.254456,16.721096,0.014748,0.032468,0.468330,-0.882834,8.712914,123.036888,11.163453,0.075805,0.867439,0.071992,0.486436,-10.137410,87.430923,5.719925,0.070243,0.874629,-0.100438,0.469043,-12.428786,50.971870,-1.684379,-0.038890,0.917455,0.040762,0.393831,-22.696764,5.095425,3.508806,-0.092804,0.864781,-0.079335,0.487080,-0.709077,86.972649,20.728939,-0.014161,0.859595,-0.087553,0.503220,2.393072,50.810093,29.213215,-0.037780,0.802911,0.048972,0.592881,-0.623154,4.256731,37.006481,-0.038890,0.917455,0.040762,0.393831,-12.533027,0.771520,-5.874342,-0.037780,0.802911,0.048972,0.592881,12.672318,0.179856,32.925968
167,1.391667,-0.006205,0.874305,0.037818,0.483861,-5.416917,87.203094,13.229296,-0.063138,0.857993,0.128907,0.493198,-5.761841,94.451286,13.666363,-0.023367,0.860974,0.110305,0.495995,-8.722592,106.505623,15.664405,0.026416,0.910296,-0.058564,0.408942,-10.966809,121.119919,18.165058,0.030644,0.945736,-0.049229,0.319719,-8.333193,134.520340,15.828970,-0.012075,0.787348,0.244504,0.565822,-12.894392,115.708557,14.730534,0.233569,-0.336907,0.210468,-0.887493,-19.154024,120.196495,-0.890787,0.216368,0.396693,-0.438109,-0.777098,-2.055591,106.931396,-13.374597,0.317337,0.456085,-0.352962,-0.752795,3.775457,123.425842,-5.114295,-0.137732,0.891857,0.186384,0.388435,-9.300187,115.217987,20.823120,0.328220,0.869981,0.152105,-0.335064,2.200164,116.974976,33.784805,-0.102350,0.231785,0.510043,-0.821983,16.190971,105.253807,16.725033,0.014944,0.032603,0.467670,-0.883175,8.718162,123.038651,11.171847,0.075703,0.867479,0.072104,0.486365,-10.130419,87.431343,5.724347,0.070429,0.874634,-0.100527,0.468988,-12.411718,50.972343,-1.683293,-0.038782,0.917448,0.040686,0.393864,-22.698456,5.100054,3.509391,-0.092857,0.864839,-0.079308,0.486972,-0.703415,86.974854,20.734245,-0.013963,0.859414,-0.087346,0.503571,2.404139,50.812710,29.218304,-0.037854,0.802581,0.049483,0.593281,-0.621485,4.255405,36.984348,-0.038782,0.917448,0.040686,0.393864,-12.535254,0.773027,-5.872889,-0.037854,0.802581,0.049483,0.593281,12.680962,0.191221,32.913918
168,1.400000,-0.006388,0.874316,0.037771,0.483844,-5.408908,87.202332,13.234702,-0.063150,0.857947,0.128964,0.493262,-5.755812,94.450539,13.669898,-0.023413,0.860906,0.110363,0.496098,-8.717983,106.505775,15.668983,0.026451,0.910269,-0.058589,0.408997,-10.964539,121.119621,18.170153,0.030566,0.945746,-0.049178,0.319706,-8.329561,134.519775,15.834096,-0.011999,0.787370,0.244455,0.565814,-12.890616,115.708290,14.734736,0.233414,-0.336960,0.210540,-0.887496,-19.150639,120.197281,-0.886124,0.216238,0.396632,-0.438192,-0.777118,-2.055539,106.930923,-13.373134,0.317388,0.455859,-0.352913,-0.752934,3.774434,123.425446,-5.112936,-0.137602,0.891873,0.186224,0.388522,-9.297905,115.217682,20.828199,0.328237,0.869950,0.152487,-0.334954,2.201328,116.972313,33.791191,-0.102285,0.231682,0.510060,-0.822010,16.195261,105.256462,16.730339,0.015073,0.032780,0.467458,-0.883278,8.721471,123.040710,11.179286,0.075725,0.867511,0.072099,0.486304,-10.122663,87.427345,5.729816,0.070508,0.874708,-0.100516,0.468840,-12.406059,50.968529,-1.678126,-0.038709,0.917446,0.040862,0.393859,-22.697941,5.097088,3.511884,-0.092889,0.864837,-0.079244,0.486980,-0.695153,86.977325,20.739588,-0.013960,0.859618,-0.087539,0.503189,2.416708,50.814880,29.220736,-0.037581,0.802860,0.049617,0.592910,-0.614918,4.260752,37.003445,-0.038709,0.917446,0.040862,0.393859,-12.534982,0.773678,-5.872321,-0.037581,0.802860,0.049617,0.592910,12.682533,0.195041,32.918255
169,1.408333,-0.006473,0.874317,0.037845,0.483834,-5.403383,87.202721,13.239665,-0.063169,0.857921,0.128940,0.493311,-5.751895,94.450829,13.675211,-0.023480,0.860860,0.110393,0.496167,-8.714022,106.505081,15.673229,0.026531,0.910256,-0.058575,0.409023,-10.962948,121.118629,18.173985,0.030496,0.945769,-0.049111,0.319656,-8.326042,134.518646,15.839288,-0.011964,0.787465,0.244457,0.565683,-12.887706,115.707054,14.738236,0.233379,-0.337236,0.210235,-0.887472,-19.152927,120.195877,-0.880595,0.216060,0.396771,-0.437908,-0.777256,-2.060720,106.940651,-13.383402,0.317273,0.455808,-0.352878,-0.753030,3.774449,123.427010,-5.111750,-0.137625,0.891846,0.186207,0.388583,-9.296003,115.216934,20.832335,0.328243,0.869945,0.152513,-0.334951,2.201368,116.971970,33.796928,-0.102345,0.231703,0.510038,-0.822010,16.195213,105.256340,16.735830,0.015007,0.033021,0.467579,-0.883207,8.721233,123.039833,11.185448,0.075695,0.867483,0.072141,0.486353,-10.117287,87.427032,5.734847,0.070579,0.874625,-0.100562,0.468974,-12.396776,50.968338,-1.674862,-0.038709,0.917439,0.040893,0.393873,-22.697281,5.098712,3.514095,-0.093003,0.864737,-0.079091,0.487160,-0.689479,86.978409,20.744484,-0.013822,0.859478,-0.087712,0.503402,2.433571,50.815739,29.220577,-0.038680,0.802897,0.049020,0.592838,-0.619396,4.264116,37.009956,-0.038709,0.917439,0.040893,0.393873,-12.533929,0.776106,-5.870067,-0.038680,0.802897,0.049020,0.592838,12.682343,0.203238,32.933910
170,1.416667,-0.006561,0.874336,0.037955,0.483791,-5.396956,87.203003,13.243072,-0.063296,0.857906,0.129055,0.493290,-5.747337,94.450974,13.679411,-0.023486,0.860864,0.110402,0.496158,-8.713333,106.503212,15.678172,0.026488,0.910267,-0.058578,0.409000,-10.962519,121.116699,18.179073,0.030487,0.945782,-0.049065,0.319625,-8.326740,134.516815,15.843694,-0.012931,0.786320,0.245583,0.566765,-12.887229,115.705093,14.743323,0.233151,-0.337478,0.210578,-0.887359,-19.108919,120.199371,-0.891328,0.215655,0.397398,-0.438284,-0.776836,-2.032053,106.931175,-13.401333,0.317104,0.455945,-0.352931,-0.752994,3.773392,123.427177,-5.110275,-0.137751,0.891832,0.186202,0.388574,-9.295400,115.215012,20.837349,0.328364,0.869905,0.152503,-0.334941,2.201002,116.974045,33.802258,-0.102329,0.231762,0.510077,-0.821971,16.191248,105.253578,16.741531,0.014977,0.033310,0.467763,-0.883099,8.720288,123.036812,11.189625,0.075650,0.867555,0.072150,0.486231,-10.111581,87.426865,5.738694,0.070675,0.874660,-0.100543,0.468899,-12.388898,50.967758,-1.669662,-0.038756,0.917444,0.040875,0.393859,-22.696041,5.099055,3.514238,-0.092945,0.864737,-0.079141,0.487163,-0.682332,86.979141,20.747450,-0.013658,0.859200,-0.087443,0.503927,2.435187,50.816250,29.224655,-0.038574,0.802574,0.048766,0.593304,-0.623065,4.259762,36.982780,-0.038756,0.917444,0.040875,0.393859,-12.532616,0.776509,-5.869867,-0.038574,0.802574,0.048766,0.593304,12.681313,0.191472,32.922779
171,1.425000,-0.006559,0.874348,0.037946,0.483769,-5.396296,87.201782,13.249251,-0.063361,0.857923,0.128994,0.493269,-5.746570,94.449768,13.685497,-0.023569,0.860878,0.110363,0.496138,-8.712944,106.501320,15.682076,0.026515,0.910280,-0.058618,0.408963,-10.963633,121.114944,18.180820,0.030461,0.945809,-0.048932,0.319567,-8.326878,134.514740,15.844628,-0.012902,0.786339,0.245582,0.566741,-12.887854,115.702606,14.745943,0.233388,-0.337567,0.210461,-0.887291,-19.110540,120.197418,-0.888161,0.215711,0.397409,-0.438256,-0.776831,-2.034225,106.930077,-13.399823,0.316984,0.455969,-0.352922,-0.753033,3.771488,123.425041,-5.109766,-0.137765,0.891839,0.186220,0.388543,-9.295806,115.213837,20.839947,0.328229,0.870003,0.152519,-0.334812,2.201312,116.973282,33.804165,-0.102257,0.231772,0.509792,-0.822154,16.200277,105.256393,16.748146,0.014957,0.033543,0.467692,-0.883128,8.718731,123.031250,11.192232,0.075467,0.867596,0.072401,0.486148,-10.111293,87.425591,5.745106,0.070855,0.874697,-0.100628,0.468785,-12.368387,50.967121,-1.672594,-0.038675,0.917492,0.040717,0.393770,-22.693352,5.102453,3.511504,-0.093017,0.864724,-0.078957,0.487202,-0.681299,86.977982,20.753395,-0.013681,0.859537,-0.087691,0.503308,2.447196,50.813927,29.221552,-0.038427,0.802791,0.049185,0.592985,-0.615440,4.261604,37.002914,-0.038675,0.917492,0.040717,0.393770,-12.532928,0.774935,-5.873563,-0.038427,0.802791,0.049185,0.592985,12.686734,0.200234,32.928787
172,1.433333,-0.006882,0.874355,0.038168,0.483735,-5.383892,87.193123,13.253424,-0.063552,0.857931,0.129077,0.493208,-5.739821,94.440796,13.690230,-0.023617,0.860919,0.110270,0.496086,-8.712770,106.497726,15.687436,0.026457,0.910318,-0.058543,0.408894,-10.963183,121.111893,18.183222,0.030477,0.945844,-0.048864,0.319474,-8.328962,134.512329,15.847906,-0.012114,0.787444,0.244620,0.565638,-12.887796,115.698814,14.749758,0.234089,-0.337593,0.209835,-0.887244,-19.154675,120.186363,-0.868770,0.216181,0.396873,-0.437852,-0.777202,-2.066092,106.935135,-13.380742,0.316924,0.455984,-0.352914,-0.753053,3.767494,123.420525,-5.108929,-0.137699,0.891846,0.186136,0.388590,-9.295046,115.211380,20.843454,0.328307,0.869950,0.152325,-0.334960,2.201421,116.969643,33.808411,-0.102270,0.231793,0.509905,-0.822076,16.192860,105.248093,16.749418,0.015124,0.033642,0.467660,-0.883139,8.716465,123.025002,11.194340,0.075622,0.867649,0.072425,0.486026,-10.099396,87.413803,5.749506,0.070874,0.874619,-0.100687,0.468915,-12.366568,50.957333,-1.674963,-0.039265,0.917487,0.040592,0.393735,-22.696468,5.094039,3.511525,-0.092932,0.864640,-0.078915,0.487374,-0.668387,86.972450,20.757341,-0.013684,0.859507,-0.087739,0.503351,2.454514,50.806713,29.220423,-0.037785,0.803011,0.049703,0.592685,-0.610548,4.255194,37.005623,-0.039265,0.917487,0.040592,0.393735,-12.531783,0.770035,-5.870546,-0.037785,0.803011,0.049703,0.592685,12.686542,0.194775,32.913990
173,1.441667,-0.006966,0.874376,0.038236,0.483689,-5.378702,87.192574,13.258569,-0.063611,0.857961,0.129032,0.493160,-5.736149,94.440155,13.695662,-0.023596,0.860944,0.110407,0.496014,-8.709608,106.496788,15.691273,0.027091,0.910343,-0.058215,0.408843,-10.961277,121.110085,18.191038,0.030012,0.945933,-0.049036,0.319227,-8.315185,134.510773,15.870690,-0.013289,0.786331,0.245876,0.566615,-12.885824,115.697632,14.756542,0.233720,-0.337756,0.210264,-0.887178,-19.113102,120.186569,-0.877416,0.215759,0.397435,-0.438318,-0.776769,-2.039042,106.921341,-13.394388,0.316973,0.455891,-0.352856,-0.753117,3.763727,123.418007,-5.105882,-0.137886,0.891820,0.186163,0.388572,-9.292047,115.209106,20.849543,0.328527,0.869867,0.152421,-0.334916,2.203100,116.972801,33.814926,-0.102126,0.231857,0.510034,-0.821997,16.188797,105.244316,16.755993,0.015234,0.033815,0.467412,-0.883262,8.719360,123.021507,11.197525,0.075542,0.867637,0.072532,0.486044,-10.094972,87.412491,5.755111,0.070979,0.874496,-0.100661,0.469134,-12.352966,50.956284,-1.673389,-0.039174,0.917481,0.040556,0.393763,-22.691635,5.093908,3.503726,-0.092939,0.864682,-0.078896,0.487301,-0.662433,86.972656,20.762026,-0.013467,0.859396,-0.087648,0.503562,2.462337,50.806797,29.223883,-0.036985,0.802748,0.050092,0.593058,-0.617943,4.253200,36.990665,-0.039174,0.917481,0.040556,0.393763,-12.527315,0.767983,-5.877852,-0.036985,0.802748,0.050092,0.593058,12.679002,0.188247,32.903072
174,1.450000,-0.007362,0.874403,0.038533,0.483612,-5.364791,87.196991,13.265120,-0.063903,0.857949,0.129049,0.493139,-5.729323,94.444153,13.703230,-0.023684,0.860946,0.110383,0.496011,-8.708502,106.496849,15.695103,0.026528,0.910331,-0.058627,0.408849,-10.962086,121.110168,18.192972,0.030349,0.945864,-0.048666,0.319457,-8.325355,134.509857,15.856210,-0.013083,0.786494,0.245723,0.566460,-12.885889,115.697029,14.759141,0.233742,-0.337714,0.210341,-0.887170,-19.119473,120.187210,-0.871944,0.215864,0.397346,-0.438300,-0.776796,-2.045606,106.918800,-13.385797,0.317404,0.455510,-0.353082,-0.753059,3.760258,123.415588,-5.101528,-0.137872,0.891828,0.186157,0.388560,-9.292132,115.209732,20.852253,0.328564,0.869876,0.152393,-0.334869,2.203487,116.973198,33.817249,-0.102152,0.231899,0.510057,-0.821967,16.189550,105.242111,16.760406,0.015387,0.034059,0.467249,-0.883335,8.721885,123.019814,11.201469,0.075572,0.867714,0.072563,0.485896,-10.082288,87.413269,5.762328,0.071061,0.874517,-0.100669,0.469080,-12.342321,50.957741,-1.668894,-0.039188,0.917509,0.040495,0.393704,-22.687775,5.096617,3.505748,-0.092868,0.864708,-0.078879,0.487272,-0.647295,86.980721,20.767912,-0.013361,0.859258,-0.087644,0.503801,2.473913,50.813675,29.226017,-0.038866,0.802536,0.049036,0.593314,-0.616935,4.259748,36.986576,-0.039188,0.917509,0.040495,0.393704,-12.524727,0.769262,-5.876545,-0.038866,0.802536,0.049036,0.593314,12.690934,0.202358,32.927124
175,1.458333,-0.007522,0.874422,0.038660,0.483565,-5.357974,87.198975,13.270485,-0.063931,0.857936,0.129116,0.493141,-5.725406,94.445961,13.709097,-0.023755,0.860918,0.110479,0.496035,-8.705577,106.496384,15.701726,0.027077,0.910346,-0.058266,0.408831,-10.962484,121.108971,18.200895,0.029981,0.945961,-0.048858,0.319174,-8.316200,134.509369,15.879074,-0.013193,0.786591,0.245748,0.566311,-12.884858,115.695763,14.766364,0.233913,-0.337755,0.210167,-0.887151,-19.124224,120.182106,-0.863524,0.215851,0.397135,-0.438373,-0.776866,-2.048080,106.918243,-13.379095,0.316886,0.455895,-0.353009,-0.753079,3.762190,123.417572,-5.099954,-0.137799,0.891886,0.185992,0.388533,-9.291480,115.208626,20.859713,0.328563,0.869865,0.152619,-0.334796,2.205572,116.972504,33.823383,-0.102269,0.231945,0.510049,-0.821944,16.194117,105.244873,16.766199,0.015454,0.034540,0.466550,-0.883685,8.727284,123.022461,11.208512,0.075487,0.867738,0.072597,0.485863,-10.076235,87.413818,5.768131,0.071198,0.874559,-0.100671,0.468981,-12.329894,50.957703,-1.662147,-0.039205,0.917514,0.040502,0.393690,-22.686131,5.098465,3.507664,-0.092884,0.864750,-0.078853,0.487198,-0.639713,86.984131,20.772840,-0.013362,0.859447,-0.087802,0.503452,2.484135,50.817001,29.229624,-0.038258,0.802988,0.048677,0.592770,-0.611056,4.265705,37.004227,-0.039205,0.917514,0.040502,0.393690,-12.523180,0.771483,-5.874911,-0.038258,0.802988,0.048677,0.592770,12.685325,0.190140,32.925369
176,1.466667,-0.007651,0.874472,0.038830,0.483459,-5.351522,87.200554,13.277141,-0.064077,0.857979,0.129051,0.493064,-5.721734,94.447319,13.717040,-0.023867,0.860954,0.110518,0.495957,-8.703749,106.496475,15.706532,0.027153,0.910355,-0.058303,0.408800,-10.963911,121.108650,18.205206,0.029927,0.945968,-0.048762,0.319173,-8.315482,134.508591,15.883213,-0.013323,0.786661,0.245851,0.566166,-12.885446,115.694771,14.771260,0.236508,-0.338322,0.209073,-0.886505,-19.130405,120.178291,-0.857201,0.216934,0.397727,-0.437867,-0.776547,-2.050483,106.919167,-13.372641,0.316869,0.455828,-0.353089,-0.753089,3.756848,123.414063,-5.097473,-0.137992,0.891861,0.186068,0.388486,-9.291058,115.208862,20.864111,0.328709,0.869845,0.152684,-0.334676,2.205414,116.977898,33.827599,-0.102282,0.232152,0.510130,-0.821834,16.193188,105.244446,16.773773,0.015600,0.034980,0.465730,-0.884098,8.733939,123.022415,11.211197,0.075428,0.867824,0.072708,0.485702,-10.071569,87.414772,5.775890,0.071291,0.874567,-0.100678,0.468950,-12.318708,50.959194,-1.658994,-0.039272,0.917532,0.040407,0.393649,-22.682646,5.101326,3.507560,-0.092914,0.864643,-0.078756,0.487399,-0.631476,86.986336,20.778391,-0.013187,0.859135,-0.087664,0.504013,2.495955,50.818489,29.230764,-0.037499,0.802600,0.049582,0.593270,-0.611926,4.264453,36.983879,-0.039272,0.917532,0.040407,0.393649,-12.520199,0.772676,-5.874792,-0.037499,0.802600,0.049582,0.593270,12.688351,0.196613,32.910011
177,1.475000,-0.007651,0.874534,0.038773,0.483352,-5.349328,87.199303,13.283896,-0.064260,0.858011,0.129076,0.492978,-5.719087,94.446136,13.723126,-0.023886,0.861003,0.110514,0.495872,-8.704964,106.493797,15.711011,0.026907,0.910405,-0.058314,0.408704,-10.965291,121.105972,18.209536,0.030078,0.945983,-0.048638,0.319132,-8.323199,134.506577,15.884074,-0.013410,0.786753,0.245888,0.566020,-12.887244,115.691879,14.776174,0.236705,-0.338407,0.208977,-0.886443,-19.137882,120.172478,-0.850856,0.216972,0.397635,-0.437904,-0.776563,-2.058838,106.913933,-13.368114,0.316755,0.455830,-0.353075,-0.753142,3.749925,123.409561,-5.096666,-0.138101,0.891902,0.186169,0.388303,-9.291668,115.206360,20.868355,0.328810,0.869807,0.152660,-0.334684,2.208705,116.978775,33.827915,-0.102272,0.232132,0.510155,-0.821826,16.192854,105.241188,16.773966,0.015719,0.035242,0.465441,-0.884237,8.733745,123.020844,11.211644,0.075369,0.867906,0.072795,0.485550,-10.071202,87.412956,5.783782,0.071369,0.874696,-0.100614,0.468711,-12.312648,50.957657,-1.654208,-0.039166,0.917556,0.040495,0.393596,-22.678848,5.099642,3.506462,-0.092919,0.864572,-0.078616,0.487547,-0.627453,86.985649,20.784012,-0.013178,0.859402,-0.087920,0.503513,2.503992,50.816216,29.228115,-0.038166,0.802963,0.048723,0.592807,-0.612322,4.266399,37.003181,-0.039166,0.917556,0.040495,0.393596,-12.518175,0.771974,-5.878260,-0.038166,0.802963,0.048723,0.592807,12.683982,0.190347,32.924561
178,1.483333,-0.007664,0.874590,0.038856,0.483243,-5.346150,87.194931,13.290569,-0.064473,0.858054,0.129014,0.492892,-5.716598,94.441673,13.730807,-0.024006,0.861057,0.110445,0.495789,-8.706199,106.489540,15.715066,0.026194,0.910420,-0.058653,0.408667,-10.968370,121.101997,18.210258,0.030523,0.945904,-0.048265,0.319380,-8.340314,134.502487,15.868293,-0.013485,0.786830,0.245927,0.565895,-12.890056,115.686729,14.778588,0.237004,-0.338418,0.208981,-0.886357,-19.145557,120.164917,-0.847186,0.217148,0.397611,-0.437966,-0.776491,-2.066977,106.901871,-13.360312,0.316903,0.455699,-0.353139,-0.753129,3.740063,123.399689,-5.094645,-0.138136,0.891920,0.186153,0.388258,-9.293394,115.203331,20.870296,0.328841,0.869814,0.152613,-0.334659,2.207863,116.977455,33.828842,-0.102327,0.232218,0.510138,-0.821805,16.191868,105.237434,16.776451,0.015827,0.035577,0.464914,-0.884499,8.733703,123.016884,11.212596,0.075318,0.868025,0.072944,0.485323,-10.069881,87.409019,5.791636,0.071422,0.874706,-0.100601,0.468687,-12.304574,50.954765,-1.653496,-0.039127,0.917586,0.040495,0.393529,-22.674397,5.097204,3.503961,-0.092897,0.864492,-0.078411,0.487725,-0.622419,86.980843,20.789501,-0.012994,0.859301,-0.087950,0.503684,2.513496,50.808723,29.220402,-0.037551,0.802686,0.049085,0.593192,-0.620694,4.258955,36.988564,-0.039127,0.917586,0.040495,0.393529,-12.515426,0.769071,-5.882390,-0.037551,0.802686,0.049085,0.593192,12.676769,0.180820,32.915806
179,1.491667,-0.007710,0.874600,0.038761,0.483231,-5.343908,87.190857,13.296681,-0.064445,0.858108,0.129067,0.492786,-5.714271,94.437691,13.735398,-0.024064,0.861125,0.110435,0.495670,-8.703697,106.485344,15.721515,0.026633,0.910481,-0.058124,0.408578,-10.966857,121.097778,18.215893,0.030194,0.946000,-0.048474,0.319097,-8.334112,134.500397,15.891438,-0.013555,0.787046,0.245917,0.565596,-12.888824,115.681984,14.785239,0.236924,-0.338246,0.209192,-0.886395,-19.156044,120.155396,-0.837208,0.217164,0.397174,-0.438355,-0.776490,-2.076054,106.886032,-13.341698,0.317227,0.455257,-0.353423,-0.753127,3.731514,123.393013,-5.092272,-0.138086,0.891927,0.186012,0.388328,-9.290533,115.199570,20.876064,0.328867,0.869767,0.152706,-0.334712,2.209312,116.973587,33.835873,-0.102238,0.232240,0.510134,-0.821812,16.190668,105.235199,16.780203,0.016008,0.035884,0.464561,-0.884669,8.732821,123.013756,11.213763,0.075340,0.868077,0.073016,0.485217,-10.067837,87.403404,5.797830,0.071432,0.874669,-0.100618,0.468750,-12.302234,50.950176,-1.652426,-0.039200,0.917597,0.040547,0.393492,-22.673967,5.093068,3.505212,-0.092956,0.864559,-0.078331,0.487609,-0.619980,86.978302,20.795532,-0.012920,0.859406,-0.087969,0.503504,2.523793,50.806057,29.222992,-0.038805,0.802710,0.048482,0.593127,-0.615727,4.256430,36.989868,-0.039200,0.917597,0.040547,0.393492,-12.514916,0.767039,-5.882024,-0.038805,0.802710,0.048482,0.593127,12.687188,0.185603,32.927616
180,1.500000,-0.007893,0.874630,0.038914,0.483162,-5.334724,87.189384,13.303322,-0.064703,0.858115,0.129089,0.492736,-5.708451,94.436005,13.742727,-0.024191,0.861145,0.110457,0.495624,-8.703813,106.483635,15.726378,0.026030,0.910480,-0.058605,0.408551,-10.970469,121.095749,18.219542,0.030519,0.945936,-0.048039,0.319320,-8.347475,134.497025,15.876394,-0.013658,0.787233,0.245661,0.565445,-12.891321,115.679131,14.789538,0.237155,-0.338473,0.208760,-0.886348,-19.164413,120.143295,-0.833197,0.217116,0.397399,-0.438147,-0.776506,-2.083090,106.886909,-13.349630,0.317131,0.455293,-0.353355,-0.753178,3.724321,123.388245,-5.091074,-0.138167,0.891933,0.186080,0.388252,-9.292469,115.198196,20.880148,0.328773,0.869821,0.152558,-0.334733,2.208661,116.974350,33.838524,-0.102279,0.232302,0.510037,-0.821849,16.192400,105.236832,16.784195,0.016144,0.036087,0.464286,-0.884803,8.731771,123.013557,11.215809,0.075365,0.868142,0.073037,0.485092,-10.059792,87.400360,5.805144,0.071459,0.874558,-0.100622,0.468954,-12.296065,50.947643,-1.647020,-0.039173,0.917596,0.040604,0.393491,-22.671427,5.090994,3.507339,-0.092932,0.864633,-0.078322,0.487483,-0.609657,86.978409,20.801500,-0.012788,0.859417,-0.087958,0.503491,2.534109,50.805717,29.227051,-0.038813,0.802669,0.048591,0.593174,-0.615520,4.255581,36.986725,-0.039173,0.917596,0.040604,0.393491,-12.512478,0.766116,-5.880530,-0.038813,0.802669,0.048591,0.593174,12.688437,0.187330,32.925327
181,1.508333,-0.008058,0.874706,0.039081,0.483008,-5.328196,87.191322,13.310224,-0.064811,0.858168,0.129089,0.492628,-5.705110,94.437721,13.750644,-0.024317,0.861194,0.110416,0.495542,-8.701986,106.482819,15.732934,0.025905,0.910500,-0.058360,0.408549,-10.971024,121.095016,18.223385,0.030539,0.945922,-0.047936,0.319376,-8.353810,134.498215,15.884827,-0.013687,0.787312,0.245948,0.565210,-12.891396,115.677307,14.794829,0.237027,-0.338206,0.209156,-0.886391,-19.173685,120.144287,-0.823402,0.217163,0.396754,-0.438629,-0.776551,-2.091615,106.875244,-13.325394,0.317156,0.455133,-0.353616,-0.753141,3.719850,123.388824,-5.089516,-0.138457,0.891930,0.186085,0.388153,-9.291473,115.198349,20.884960,0.328863,0.869813,0.152532,-0.334677,2.209530,116.984108,33.842125,-0.102144,0.232313,0.509977,-0.821901,16.192188,105.241966,16.790096,0.016264,0.036290,0.464036,-0.884923,8.729575,123.015854,11.218076,0.075355,0.868157,0.073107,0.485057,-10.055849,87.401047,5.813641,0.071514,0.874474,-0.100658,0.469094,-12.289193,50.948978,-1.642591,-0.039249,0.917595,0.040533,0.393491,-22.671446,5.093756,3.510610,-0.092977,0.864614,-0.078223,0.487523,-0.600542,86.981598,20.806807,-0.012785,0.859493,-0.088187,0.503320,2.549366,50.808388,29.227808,-0.039115,0.802945,0.048317,0.592803,-0.609823,4.262057,37.006432,-0.039249,0.917595,0.040533,0.393491,-12.512013,0.767921,-5.876300,-0.039115,0.802945,0.048317,0.592803,12.691298,0.192663,32.936893
182,1.516667,-0.007887,0.874756,0.038968,0.482929,-5.328791,87.189110,13.313757,-0.064739,0.858391,0.128854,0.492311,-5.702710,94.435669,13.753971,-0.024292,0.861410,0.110883,0.495064,-8.692697,106.475433,15.732156,0.025991,0.910808,-0.056606,0.408105,-10.966619,121.084572,18.236103,0.030385,0.946153,-0.048850,0.318566,-8.368251,134.498703,15.939593,-0.013805,0.787568,0.245670,0.564971,-12.887848,115.668472,14.805486,0.236872,-0.338298,0.208870,-0.886465,-19.179470,120.124565,-0.812104,0.216854,0.396654,-0.438944,-0.776510,-2.094498,106.868996,-13.324407,0.317139,0.455046,-0.353744,-0.753141,3.709857,123.387230,-5.088831,-0.139072,0.891819,0.186082,0.388191,-9.281193,115.186752,20.891417,0.328928,0.869751,0.152617,-0.334735,2.212847,116.990868,33.852226,-0.101948,0.232304,0.509929,-0.821958,16.191467,105.248772,16.796841,0.016382,0.036467,0.463636,-0.885123,8.727436,123.018631,11.220913,0.075258,0.868141,0.073164,0.485092,-10.057844,87.400436,5.818102,0.071562,0.874411,-0.100676,0.469201,-12.282574,50.947899,-1.638412,-0.039245,0.917596,0.040612,0.393483,-22.670235,5.093670,3.512769,-0.093174,0.864714,-0.078247,0.487304,-0.599738,86.977783,20.809412,-0.012496,0.859364,-0.088039,0.503573,2.563969,50.807583,29.238194,-0.038497,0.802737,0.048801,0.593085,-0.613985,4.258105,36.990295,-0.039245,0.917596,0.040612,0.393483,-12.510771,0.769805,-5.875016,-0.038497,0.802737,0.048801,0.593085,12.687832,0.189302,32.922432
183,1.525000,-0.007963,0.874825,0.038941,0.482806,-5.324297,87.188011,13.321206,-0.064970,0.858450,0.128860,0.492176,-5.698932,94.434586,13.760604,-0.024426,0.861488,0.110855,0.494927,-8.693633,106.473526,15.736474,0.025549,0.910716,-0.058111,0.408126,-10.970185,121.082649,18.238064,0.030654,0.945986,-0.047844,0.319189,-8.366160,134.488464,15.899770,-0.013900,0.787574,0.246092,0.564776,-12.891144,115.665421,14.809102,0.237000,-0.338398,0.208962,-0.886371,-19.190308,120.125534,-0.804295,0.216874,0.396465,-0.439009,-0.776564,-2.110645,106.863525,-13.317023,0.317131,0.454784,-0.353822,-0.753266,3.696378,123.380707,-5.088506,-0.139154,0.891822,0.186104,0.388143,-9.282665,115.185760,20.894114,0.328980,0.869711,0.152385,-0.334894,2.211881,116.992439,33.854111,-0.102149,0.232350,0.510019,-0.821864,16.183462,105.246063,16.795919,0.016422,0.036774,0.463436,-0.885215,8.722927,123.021568,11.223062,0.075274,0.868172,0.073242,0.485022,-10.055433,87.397842,5.826824,0.071568,0.874501,-0.100608,0.469046,-12.278960,50.946339,-1.635076,-0.039219,0.917622,0.040694,0.393416,-22.663179,5.090889,3.512137,-0.093201,0.864734,-0.078087,0.487290,-0.593162,86.978180,20.815586,-0.012481,0.859583,-0.088389,0.503138,2.578298,50.806488,29.235029,-0.038271,0.803123,0.048799,0.592577,-0.613683,4.262817,37.016140,-0.039219,0.917622,0.040694,0.393416,-12.505057,0.768753,-5.877894,-0.038271,0.803123,0.048799,0.592577,12.681445,0.190182,32.930286
184,1.533333,-0.007964,0.874878,0.038877,0.482715,-5.322332,87.186295,13.327805,-0.065122,0.858498,0.128943,0.492052,-5.696478,94.432938,13.766430,-0.024521,0.861559,0.110822,0.494806,-8.695041,106.470345,15.742487,0.025332,0.910781,-0.058000,0.408010,-10.973205,121.079552,18.242146,0.030775,0.946017,-0.047736,0.319102,-8.376211,134.486694,15.903632,-0.013949,0.787763,0.246047,0.564532,-12.894210,115.661430,14.814610,0.237374,-0.338752,0.208504,-0.886243,-19.202948,120.117126,-0.796182,0.216845,0.396524,-0.438795,-0.776664,-2.125731,106.866180,-13.323967,0.317095,0.454572,-0.353958,-0.753345,3.686211,123.377083,-5.090643,-0.139273,0.891859,0.186184,0.387978,-9.284088,115.183388,20.898775,0.328928,0.869697,0.152306,-0.335016,2.213766,116.993942,33.855301,-0.102109,0.232172,0.509902,-0.821991,16.182962,105.249664,16.793705,0.016473,0.036823,0.463516,-0.885170,8.714041,123.023483,11.224029,0.075250,0.868249,0.073332,0.484874,-10.055038,87.395508,5.834394,0.071611,0.874569,-0.100544,0.468927,-12.274972,50.944710,-1.632061,-0.039217,0.917646,0.040693,0.393361,-22.659300,5.088636,3.509369,-0.093149,0.864774,-0.078098,0.487226,-0.589626,86.977081,20.821213,-0.012298,0.859533,-0.088165,0.503268,2.578751,50.804794,29.239243,-0.036833,0.802719,0.049529,0.593155,-0.618535,4.256946,36.993183,-0.039217,0.917646,0.040693,0.393361,-12.502310,0.766416,-5.881845,-0.036833,0.802719,0.049529,0.593155,12.675555,0.176864,32.911388
185,1.541667,-0.008381,0.874913,0.039031,0.482633,-5.309631,87.177780,13.332884,-0.065566,0.858588,0.129062,0.491803,-5.690127,94.424149,13.770569,-0.024477,0.861754,0.110626,0.494513,-8.699187,106.459785,15.744477,0.024868,0.911003,-0.056603,0.407738,-10.972482,121.070358,18.240591,0.031037,0.946128,-0.048112,0.318691,-8.403373,134.487701,15.929943,-0.013914,0.787854,0.246190,0.564343,-12.897036,115.651443,14.816300,0.237580,-0.338836,0.208444,-0.886170,-19.213238,120.109268,-0.790866,0.216825,0.396325,-0.439002,-0.776653,-2.137607,106.857277,-13.319705,0.316954,0.454452,-0.354021,-0.753448,3.673404,123.372284,-5.093880,-0.139323,0.891832,0.186142,0.388041,-9.282775,115.174759,20.898115,0.328642,0.869772,0.152199,-0.335153,2.212887,116.986908,33.856365,-0.102232,0.232104,0.509683,-0.822131,16.186899,105.253113,16.791504,0.016490,0.036857,0.463170,-0.885349,8.707454,123.024078,11.224164,0.075402,0.868350,0.073344,0.484668,-10.043623,87.381775,5.840141,0.071582,0.874470,-0.100567,0.469111,-12.274694,50.932823,-1.632010,-0.039245,0.917655,0.040976,0.393306,-22.658676,5.076790,3.510465,-0.093107,0.864950,-0.078154,0.486913,-0.575640,86.973793,20.825628,-0.012214,0.859738,-0.088156,0.502921,2.591015,50.801571,29.244602,-0.038527,0.802896,0.048721,0.592874,-0.609606,4.253382,36.995113,-0.039245,0.917655,0.040976,0.393306,-12.501675,0.762028,-5.884175,-0.038527,0.802896,0.048721,0.592874,12.689951,0.183291,32.921150
186,1.550000,-0.008045,0.874978,0.038852,0.482534,-5.317134,87.182610,13.340942,-0.065121,0.858619,0.129040,0.491815,-5.692050,94.429268,13.778752,-0.025002,0.861669,0.110648,0.494630,-8.687596,106.451561,15.755312,0.024761,0.910981,-0.056757,0.407773,-10.975123,121.061203,18.243820,0.031021,0.946172,-0.047870,0.318599,-8.406844,134.477875,15.928346,-0.013793,0.788201,0.246122,0.563891,-12.893393,115.638985,14.821240,0.237672,-0.338936,0.208156,-0.886175,-19.227468,120.094742,-0.779271,0.216699,0.396120,-0.439200,-0.776681,-2.149244,106.852676,-13.315071,0.317051,0.454196,-0.354328,-0.753416,3.661223,123.370255,-5.094625,-0.139584,0.891848,0.186101,0.387929,-9.281148,115.168358,20.904722,0.328554,0.869757,0.152146,-0.335303,2.214984,116.989944,33.861225,-0.102175,0.231967,0.509599,-0.822229,16.186872,105.260445,16.791668,0.016697,0.036875,0.462786,-0.885545,8.701594,123.029152,11.226569,0.075165,0.868411,0.073426,0.484583,-10.052909,87.390205,5.849426,0.071716,0.874718,-0.100384,0.468667,-12.266504,50.939495,-1.619312,-0.039166,0.917694,0.040785,0.393243,-22.650917,5.081797,3.507417,-0.093204,0.864941,-0.077995,0.486937,-0.581359,86.975021,20.832458,-0.012092,0.859782,-0.088223,0.502837,2.597190,50.802303,29.244808,-0.037123,0.802774,0.049320,0.593080,-0.615734,4.254952,36.995232,-0.039166,0.917694,0.040785,0.393243,-12.496497,0.761255,-5.887353,-0.037123,0.802774,0.049320,0.593080,12.678676,0.174996,32.914345
187,1.558333,-0.008225,0.875014,0.038915,0.482462,-5.310847,87.181976,13.347109,-0.065190,0.858670,0.129111,0.491698,-5.688465,94.428513,13.784491,-0.025183,0.861725,0.110628,0.494527,-8.686050,106.449959,15.762069,0.025038,0.910864,-0.057515,0.407912,-10.977649,121.059464,18.247654,0.030783,0.946045,-0.047232,0.319094,-8.393653,134.470535,15.917301,-0.013832,0.788375,0.246149,0.563635,-12.894890,115.635857,14.826693,0.237800,-0.339017,0.208055,-0.886133,-19.238997,120.088806,-0.770545,0.216658,0.395936,-0.439369,-0.776691,-2.161386,106.848541,-13.309081,0.316858,0.454208,-0.354269,-0.753518,3.648932,123.368942,-5.094839,-0.139680,0.891850,0.186150,0.387868,-9.281323,115.167763,20.909586,0.328138,0.869908,0.151432,-0.335640,2.215538,116.992081,33.865063,-0.102473,0.232033,0.509388,-0.822304,16.189770,105.268776,16.793163,0.016932,0.036835,0.462308,-0.885792,8.696033,123.037651,11.229626,0.075208,0.868419,0.073462,0.484558,-10.047806,87.387260,5.856278,0.071731,0.874643,-0.100420,0.468797,-12.263004,50.937416,-1.616231,-0.039009,0.917709,0.040913,0.393212,-22.651024,5.080614,3.511236,-0.093200,0.865055,-0.078003,0.486733,-0.573889,86.976692,20.837938,-0.012030,0.859735,-0.088207,0.502922,2.606046,50.804001,29.249907,-0.038024,0.802834,0.048945,0.592972,-0.611900,4.256237,36.995808,-0.039009,0.917709,0.040913,0.393212,-12.498262,0.761520,-5.885988,-0.038024,0.802834,0.048945,0.592972,12.686098,0.182799,32.920101
188,1.566667,-0.008769,0.875055,0.039215,0.482353,-5.293072,87.177956,13.352192,-0.065477,0.858689,0.129292,0.491578,-5.679655,94.424019,13.789609,-0.025296,0.861772,0.110726,0.494417,-8.687068,106.450417,15.768968,0.025078,0.910907,-0.057268,0.407847,-10.982719,121.059097,18.255650,0.030752,0.946073,-0.047252,0.319010,-8.400699,134.471634,15.931533,-0.013988,0.788417,0.246209,0.563546,-12.898993,115.635025,14.834879,0.237997,-0.339163,0.207871,-0.886068,-19.246460,120.084068,-0.762105,0.216579,0.395915,-0.439540,-0.776627,-2.169988,106.847549,-13.306132,0.317002,0.453932,-0.354638,-0.753450,3.635283,123.370995,-5.093426,-0.139978,0.891895,0.186288,0.387591,-9.283968,115.167809,20.916971,0.327916,0.870003,0.151489,-0.335586,2.217461,117.001518,33.867065,-0.102354,0.231853,0.509032,-0.822590,16.200771,105.286835,16.796694,0.017060,0.036847,0.461651,-0.886132,8.689919,123.046066,11.233147,0.075487,0.868359,0.073466,0.484620,-10.031733,87.377281,5.862278,0.071683,0.874480,-0.100530,0.469085,-12.264225,50.930618,-1.620601,-0.039318,0.917666,0.041037,0.393266,-22.654764,5.075249,3.514528,-0.093075,0.865078,-0.078094,0.486702,-0.554411,86.978630,20.842106,-0.011941,0.859720,-0.088181,0.502954,2.614505,50.805271,29.255331,-0.039253,0.802744,0.048378,0.593060,-0.609738,4.256880,36.994808,-0.039318,0.917666,0.041037,0.393266,-12.497742,0.762826,-5.881155,-0.039253,0.802744,0.048378,0.593060,12.695220,0.191144,32.934155
189,1.575000,-0.008875,0.875133,0.039316,0.482202,-5.287249,87.178406,13.359216,-0.065606,0.858720,0.129322,0.491500,-5.675809,94.424332,13.797234,-0.025545,0.861763,0.111066,0.494344,-8.688076,106.457642,15.777122,0.025310,0.910885,-0.057770,0.407812,-10.994942,121.063683,18.268917,0.030639,0.946080,-0.046971,0.319041,-8.401778,134.472351,15.934941,-0.014317,0.788413,0.246367,0.563474,-12.907248,115.639282,14.846466,0.234780,-0.338646,0.209209,-0.886808,-19.257181,120.081757,-0.751379,0.215046,0.394799,-0.440440,-0.777111,-2.191059,106.838860,-13.302761,0.316787,0.453876,-0.354663,-0.753562,3.619742,123.370598,-5.094710,-0.140052,0.892018,0.186461,0.387198,-9.291380,115.172829,20.928116,0.327889,0.869988,0.151454,-0.335665,2.219942,117.009674,33.868961,-0.102247,0.231666,0.508918,-0.822727,16.201481,105.296432,16.796158,0.017164,0.036679,0.461048,-0.886450,8.682569,123.052719,11.234884,0.075442,0.868468,0.073497,0.484428,-10.028456,87.376831,5.870892,0.071804,0.874574,-0.100469,0.468903,-12.258546,50.930004,-1.611891,-0.039232,0.917657,0.041083,0.393292,-22.655302,5.075115,3.514997,-0.093032,0.865184,-0.078108,0.486518,-0.546041,86.979988,20.847540,-0.011851,0.859793,-0.088189,0.502830,2.621391,50.806202,29.259501,-0.039131,0.802736,0.048460,0.593072,-0.609461,4.257748,36.995823,-0.039232,0.917657,0.041083,0.393292,-12.498404,0.762904,-5.880916,-0.039131,0.802736,0.048460,0.593072,12.695135,0.191842,32.934170
190,1.583333,-0.008963,0.875197,0.039277,0.482087,-5.285095,87.176155,13.366820,-0.066022,0.858833,0.129391,0.491227,-5.674447,94.422104,13.803776,-0.025475,0.861981,0.110832,0.494021,-8.694580,106.448639,15.780012,0.025292,0.910997,-0.057271,0.407632,-10.995267,121.056343,18.267786,0.030621,0.946113,-0.046905,0.318955,-8.408729,134.468262,15.945092,-0.014267,0.788568,0.246455,0.563221,-12.911805,115.631126,14.848976,0.234920,-0.338729,0.209025,-0.886783,-19.271734,120.074448,-0.744563,0.215004,0.394671,-0.440552,-0.777124,-2.204582,106.836632,-13.299910,0.316696,0.453819,-0.354684,-0.753626,3.606306,123.370255,-5.095725,-0.140207,0.891998,0.186526,0.387155,-9.291356,115.166054,20.928007,0.327636,0.870035,0.151390,-0.335821,2.219608,117.007019,33.868599,-0.102404,0.231486,0.508719,-0.822881,16.204205,105.304108,16.791206,0.017164,0.036703,0.460682,-0.886640,8.673601,123.058167,11.236714,0.075564,0.868356,0.073598,0.484595,-10.028234,87.372795,5.879669,0.071751,0.874453,-0.100510,0.469128,-12.261045,50.928452,-1.614392,-0.039385,0.917658,0.041046,0.393279,-22.656548,5.073634,3.515621,-0.092965,0.865281,-0.078076,0.486365,-0.541956,86.979523,20.853971,-0.011905,0.860006,-0.088340,0.502439,2.623862,50.804424,29.260899,-0.038204,0.803095,0.048905,0.592610,-0.606242,4.258606,37.013390,-0.039385,0.917658,0.041046,0.393279,-12.498642,0.762191,-5.879562,-0.038204,0.803095,0.048905,0.592610,12.689260,0.187252,32.927460
191,1.591667,-0.008927,0.875272,0.039240,0.481953,-5.287094,87.174049,13.372424,-0.066013,0.858883,0.129486,0.491116,-5.675653,94.420036,13.809234,-0.025624,0.862025,0.110775,0.493949,-8.695465,106.441925,15.787313,0.025178,0.911021,-0.057236,0.407592,-10.998962,121.049789,18.271591,0.030607,0.946126,-0.046688,0.318952,-8.415790,134.462234,15.948285,-0.014318,0.788703,0.246552,0.562988,-12.914789,115.623268,14.854449,0.234993,-0.338904,0.208812,-0.886747,-19.283813,120.065033,-0.735827,0.214813,0.394530,-0.440677,-0.777178,-2.218153,106.833717,-13.300063,0.316422,0.453759,-0.354792,-0.753726,3.592685,123.367630,-5.097206,-0.140341,0.892040,0.186548,0.387001,-9.293430,115.160545,20.933119,0.327471,0.870034,0.151213,-0.336062,2.220385,117.006577,33.870453,-0.102515,0.231387,0.508577,-0.822982,16.202293,105.309700,16.786716,0.017058,0.036678,0.460463,-0.886757,8.664042,123.061897,11.236197,0.075487,0.868380,0.073688,0.484549,-10.032537,87.370834,5.886736,0.071806,0.874588,-0.100428,0.468885,-12.257504,50.926613,-1.610252,-0.039308,0.917691,0.041088,0.393204,-22.652554,5.070978,3.513423,-0.092990,0.865310,-0.077994,0.486322,-0.541651,86.977257,20.858112,-0.011874,0.859973,-0.088372,0.502489,2.629241,50.801563,29.260557,-0.038107,0.803163,0.048845,0.592529,-0.605382,4.256210,37.013977,-0.039308,0.917691,0.041088,0.393204,-12.496712,0.759703,-5.884073,-0.038107,0.803163,0.048845,0.592529,12.688329,0.181904,32.925163
192,1.600000,-0.008988,0.875329,0.039270,0.481846,-5.284908,87.172417,13.378799,-0.066240,0.858964,0.129489,0.490944,-5.674412,94.418365,13.815602,-0.025700,0.862136,0.110804,0.493744,-8.699053,106.440689,15.791697,0.024977,0.911110,-0.056990,0.407440,-11.004349,121.048233,18.276136,0.030725,0.946157,-0.046628,0.318856,-8.429443,134.462814,15.955957,-0.014371,0.788797,0.246603,0.562832,-12.920621,115.621140,14.860172,0.235206,-0.339062,0.208657,-0.886667,-19.295708,120.061066,-0.728145,0.214798,0.394425,-0.440746,-0.777196,-2.232146,106.832016,-13.297616,0.316295,0.453713,-0.354802,-0.753802,3.579406,123.366837,-5.098146,-0.140213,0.892104,0.186562,0.386892,-9.296453,115.159500,20.937252,0.327237,0.870064,0.151062,-0.336281,2.221558,117.002380,33.871300,-0.102657,0.231243,0.508373,-0.823132,16.203745,105.314316,16.781776,0.017031,0.036705,0.459957,-0.887019,8.654353,123.063766,11.236591,0.075418,0.868557,0.073735,0.484236,-10.032157,87.368423,5.894236,0.071884,0.874635,-0.100340,0.468805,-12.253663,50.923943,-1.602510,-0.039294,0.917686,0.041151,0.393211,-22.650778,5.067697,3.511476,-0.092948,0.865376,-0.077990,0.486213,-0.537658,86.976418,20.863363,-0.011777,0.860082,-0.088394,0.502301,2.631761,50.800087,29.263613,-0.037230,0.803116,0.049196,0.592621,-0.610091,4.254878,37.014896,-0.039294,0.917686,0.041151,0.393211,-12.494749,0.757850,-5.886469,-0.037230,0.803116,0.049196,0.592621,12.679915,0.173905,32.920692
193,1.608333,-0.007906,0.875453,0.038628,0.481692,-5.319133,87.190376,13.388142,-0.065971,0.859075,0.129393,0.490811,-5.690289,94.437317,13.824439,-0.025804,0.862206,0.110861,0.493604,-8.702442,106.440262,15.798921,0.025026,0.911145,-0.056872,0.407374,-11.010860,121.047272,18.283628,0.030664,0.946172,-0.046568,0.318826,-8.436281,134.462463,15.966614,-0.014519,0.788859,0.246795,0.562658,-12.926696,115.619568,14.868370,0.235318,-0.339286,0.208464,-0.886596,-19.308453,120.057663,-0.717737,0.214655,0.394341,-0.440793,-0.777252,-2.248479,106.833328,-13.297031,0.316141,0.453604,-0.354962,-0.753857,3.564364,123.368523,-5.096757,-0.140514,0.892152,0.186712,0.386600,-9.300645,115.159058,20.944408,0.327231,0.870035,0.150903,-0.336433,2.222291,117.011429,33.872707,-0.102643,0.231117,0.508343,-0.823187,16.199574,105.322556,16.779713,0.017119,0.036572,0.459525,-0.887247,8.646818,123.071037,11.237920,0.074960,0.868339,0.073850,0.484681,-10.069336,87.397560,5.905756,0.071949,0.874785,-0.100069,0.468573,-12.253354,50.949203,-1.583156,-0.039047,0.917758,0.040638,0.393121,-22.642624,5.088687,3.508440,-0.093328,0.865358,-0.077660,0.486224,-0.568931,86.983192,20.870527,-0.011786,0.860011,-0.088409,0.502421,2.636772,50.808315,29.263294,-0.038188,0.803208,0.048684,0.592476,-0.606213,4.263380,37.015728,-0.039047,0.917758,0.040638,0.393121,-12.492182,0.763025,-5.888272,-0.038188,0.803208,0.048684,0.592476,12.686764,0.186799,32.926811
194,1.616667,-0.008060,0.875564,0.038813,0.481473,-5.317120,87.191742,13.394854,-0.065857,0.859116,0.129335,0.490770,-5.691421,94.438431,13.832517,-0.026081,0.862146,0.111236,0.493609,-8.702007,106.448746,15.808444,0.025080,0.911130,-0.057185,0.407361,-11.023106,121.052826,18.298534,0.030647,0.946186,-0.046419,0.318807,-8.443804,134.465866,15.974390,-0.014803,0.788918,0.246798,0.562566,-12.933954,115.624825,14.880972,0.235254,-0.339475,0.208324,-0.886574,-19.319014,120.054352,-0.706220,0.214443,0.394228,-0.440965,-0.777270,-2.262537,106.835320,-13.295819,0.316020,0.453559,-0.354949,-0.753941,3.547977,123.372055,-5.096327,-0.140308,0.892154,0.186219,0.386907,-9.308180,115.165039,20.957230,0.327077,0.870042,0.151032,-0.336508,2.208479,117.015663,33.891373,-0.102377,0.231336,0.508303,-0.823183,16.188276,105.336121,16.794062,0.017306,0.036429,0.459267,-0.887382,8.639184,123.078850,11.240376,0.074939,0.868357,0.073901,0.484644,-10.071026,87.397957,5.914793,0.072014,0.874810,-0.100050,0.468520,-12.252129,50.949936,-1.576607,-0.039114,0.917740,0.040637,0.393156,-22.645664,5.089962,3.511128,-0.093211,0.865348,-0.077683,0.486262,-0.563214,86.985527,20.874914,-0.011822,0.859906,-0.088384,0.502604,2.633772,50.809277,29.265066,-0.037804,0.803144,0.048946,0.592567,-0.606709,4.263994,37.016479,-0.039114,0.917740,0.040637,0.393156,-12.493918,0.765050,-5.884519,-0.037804,0.803144,0.048946,0.592567,12.685678,0.186913,32.926136
195,1.625000,-0.009395,0.875499,0.039401,0.481519,-5.276543,87.172714,13.397543,-0.066341,0.859100,0.129738,0.490626,-5.671966,94.418404,13.833305,-0.026218,0.862220,0.111321,0.493453,-8.703513,106.448578,15.816130,0.024933,0.911205,-0.057105,0.407214,-11.028964,121.051872,18.306767,0.030775,0.946230,-0.046247,0.318689,-8.454743,134.465851,15.982294,-0.014075,0.790085,0.245863,0.561354,-12.938982,115.623154,14.889875,0.235603,-0.339557,0.207610,-0.886617,-19.372223,120.043442,-0.680122,0.214573,0.393563,-0.440691,-0.777726,-2.303684,106.848732,-13.278887,0.315778,0.453488,-0.354955,-0.754082,3.534444,123.375793,-5.095249,-0.140433,0.892235,0.186352,0.386613,-9.311129,115.164734,20.964996,0.326941,0.870045,0.151017,-0.336638,2.212259,117.019737,33.892517,-0.102321,0.231082,0.508141,-0.823362,16.192150,105.346802,16.790781,0.017447,0.036328,0.458928,-0.887559,8.632018,123.085419,11.242251,0.075553,0.868553,0.073949,0.484189,-10.029246,87.363266,5.916300,0.071952,0.874383,-0.100603,0.469208,-12.251997,50.922668,-1.598921,-0.038894,0.917609,0.041450,0.393399,-22.668503,5.072334,3.528580,-0.092808,0.865439,-0.077983,0.486128,-0.523840,86.982155,20.878786,-0.011711,0.859938,-0.088364,0.502554,2.637708,50.803791,29.273281,-0.038497,0.803059,0.048848,0.592645,-0.610346,4.257932,37.018032,-0.038894,0.917609,0.041450,0.393399,-12.511378,0.765648,-5.869630,-0.038497,0.803059,0.048848,0.592645,12.687323,0.190151,32.935600
196,1.633333,-0.008328,0.875694,0.038998,0.481217,-5.307141,87.189552,13.405326,-0.066145,0.859232,0.129561,0.490469,-5.686017,94.435974,13.843573,-0.026344,0.862290,0.111378,0.493312,-8.705785,106.447693,15.822344,0.024875,0.911247,-0.056982,0.407141,-11.034923,121.050415,18.312941,0.030791,0.946240,-0.046153,0.318671,-8.463772,134.465332,15.990543,-0.014163,0.790166,0.245977,0.561188,-12.944287,115.620949,14.896864,0.235744,-0.339787,0.207435,-0.886533,-19.383938,120.039574,-0.670956,0.214471,0.393452,-0.440785,-0.777758,-2.319567,106.848358,-13.279038,0.315601,0.453469,-0.354953,-0.754169,3.519379,123.378113,-5.096394,-0.140488,0.892270,0.186465,0.386457,-9.314545,115.163910,20.970961,0.326808,0.870038,0.150896,-0.336839,2.212502,117.020287,33.895027,-0.102346,0.230919,0.508048,-0.823462,16.189953,105.352692,16.787645,0.017456,0.036166,0.458887,-0.887587,8.622916,123.090103,11.243616,0.075100,0.868431,0.074105,0.484454,-10.065332,87.392990,5.927913,0.072028,0.874648,-0.100343,0.468758,-12.250974,50.949020,-1.581824,-0.038690,0.917705,0.040894,0.393253,-22.659811,5.094790,3.526415,-0.093162,0.865531,-0.077878,0.485913,-0.548950,86.986122,20.882740,-0.011585,0.860075,-0.088289,0.502336,2.641175,50.811459,29.282349,-0.038361,0.803045,0.048756,0.592680,-0.611615,4.264071,37.015945,-0.038690,0.917705,0.040894,0.393253,-12.509147,0.771648,-5.871213,-0.038361,0.803045,0.048756,0.592680,12.684987,0.191993,32.934326
197,1.641667,-0.008336,0.875755,0.038945,0.481110,-5.309013,87.187836,13.411525,-0.066245,0.859314,0.129637,0.490291,-5.687566,94.434311,13.849087,-0.026444,0.862390,0.111461,0.493114,-8.709786,106.444466,15.828711,0.024616,0.911434,-0.056176,0.406850,-11.042138,121.046471,18.320463,0.030941,0.946395,-0.046428,0.318157,-8.487361,134.467224,16.013691,-0.014212,0.790234,0.245991,0.561085,-12.951356,115.616486,14.905128,0.235773,-0.340001,0.207258,-0.886484,-19.394979,120.033112,-0.661613,0.214301,0.393357,-0.440935,-0.777767,-2.334221,106.847214,-13.280134,0.315519,0.453353,-0.354910,-0.754293,3.502752,123.379089,-5.098144,-0.140568,0.892313,0.186532,0.386294,-9.318921,115.160439,20.977688,0.326727,0.869993,0.150781,-0.337085,2.211707,117.019691,33.898140,-0.102209,0.230814,0.507925,-0.823584,16.183519,105.356277,16.783306,0.017393,0.036083,0.459253,-0.887402,8.609566,123.090240,11.238348,0.075113,0.868477,0.074204,0.484355,-10.069032,87.390610,5.935259,0.072019,0.874628,-0.100309,0.468804,-12.252715,50.947876,-1.581053,-0.038603,0.917719,0.040926,0.393226,-22.659586,5.092880,3.524276,-0.093049,0.865582,-0.077759,0.485863,-0.548995,86.985054,20.887791,-0.011588,0.860173,-0.088388,0.502151,2.638776,50.807457,29.275614,-0.037580,0.803022,0.049071,0.592736,-0.616860,4.261732,37.017975,-0.038603,0.917719,0.040926,0.393226,-12.510162,0.769525,-5.874598,-0.037580,0.803022,0.049071,0.592736,12.676207,0.183743,32.930748
198,1.650000,-0.008358,0.875815,0.038869,0.481006,-5.313038,87.186539,13.418820,-0.066287,0.859414,0.129603,0.490120,-5.691294,94.433098,13.855314,-0.026461,0.862498,0.111536,0.492907,-8.713235,106.441917,15.834054,0.024530,0.911497,-0.056051,0.406730,-11.046515,121.043396,18.328014,0.030911,0.946409,-0.046344,0.318129,-8.495714,134.465164,16.022837,-0.014268,0.790309,0.246096,0.560932,-12.956543,115.613411,14.913146,0.235776,-0.340203,0.207135,-0.886435,-19.406107,120.029198,-0.651377,0.214132,0.393180,-0.441040,-0.777843,-2.349672,106.846855,-13.279459,0.315358,0.453270,-0.354985,-0.754375,3.488904,123.378601,-5.099867,-0.140621,0.892354,0.186556,0.386170,-9.321224,115.157410,20.983986,0.326689,0.869944,0.150653,-0.337305,2.212233,117.018974,33.901585,-0.102397,0.230753,0.507949,-0.823563,16.177872,105.357513,16.780378,0.017317,0.036088,0.458676,-0.887702,8.604012,123.092758,11.241744,0.075105,0.868643,0.074189,0.484061,-10.074823,87.388245,5.943648,0.072044,0.875033,-0.100034,0.468103,-12.261112,50.945251,-1.570647,-0.038701,0.917744,0.041031,0.393146,-22.653997,5.085388,3.519430,-0.093038,0.865619,-0.077686,0.485812,-0.551253,86.984833,20.893993,-0.011599,0.860067,-0.088383,0.502332,2.638990,50.806217,29.276520,-0.037375,0.803087,0.049074,0.592660,-0.617167,4.260442,37.018349,-0.038701,0.917744,0.041031,0.393146,-12.504974,0.765773,-5.881599,-0.037375,0.803087,0.049074,0.592660,12.673682,0.179125,32.927227
199,1.658333,-0.008415,0.875877,0.038953,0.480886,-5.312350,87.186691,13.423915,-0.066383,0.859478,0.129669,0.489977,-5.691851,94.433144,13.861127,-0.026526,0.862576,0.111559,0.492761,-8.716108,106.440331,15.840413,0.024464,0.911536,-0.055971,0.406658,-11.050983,121.041550,18.334391,0.030902,0.946414,-0.046219,0.318136,-8.502970,134.464020,16.030127,-0.014321,0.790403,0.246104,0.560795,-12.961203,115.611092,14.920391,0.235960,-0.340397,0.206910,-0.886364,-19.416077,120.024345,-0.642639,0.214063,0.393130,-0.441147,-0.777827,-2.361590,106.847275,-13.278833,0.315356,0.453147,-0.355067,-0.754411,3.474957,123.380730,-5.100604,-0.140625,0.892365,0.186491,0.386173,-9.323895,115.155983,20.990107,0.326538,0.869945,0.150652,-0.337449,2.209432,117.018578,33.907665,-0.102262,0.230938,0.507873,-0.823575,16.175116,105.364738,16.781326,0.017434,0.036034,0.457967,-0.888068,8.602143,123.095932,11.233770,0.075111,0.868557,0.074319,0.484194,-10.076171,87.388138,5.950037,0.072028,0.874741,-0.100179,0.468620,-12.256962,50.946663,-1.573237,-0.038657,0.917734,0.040953,0.393183,-22.657797,5.089319,3.523274,-0.093079,0.865712,-0.077755,0.485626,-0.548530,86.985237,20.897793,-0.011467,0.860354,-0.088356,0.501850,2.643560,50.807987,29.285503,-0.037419,0.803120,0.048974,0.592621,-0.617662,4.261470,37.020756,-0.038657,0.917734,0.040953,0.393183,-12.508680,0.767240,-5.876514,-0.037419,0.803120,0.048974,0.592621,12.672630,0.178656,32.929333
200,1.666667,-0.008533,0.875963,0.039044,0.480720,-5.309993,87.187782,13.429597,-0.066521,0.859534,0.129730,0.489844,-5.691558,94.434097,13.867209,-0.026587,0.862631,0.111721,0.492625,-8.719195,106.440483,15.846515,0.024368,0.911581,-0.055876,0.406577,-11.057637,121.040520,18.344072,0.030904,0.946424,-0.046165,0.318112,-8.513359,134.463852,16.040722,-0.014501,0.790462,0.246273,0.560632,-12.967237,115.610184,14.929531,0.236158,-0.340620,0.206674,-0.886281,-19.428280,120.020355,-0.631817,0.213924,0.393040,-0.441285,-0.777833,-2.376498,106.848618,-13.277225,0.315177,0.452965,-0.355099,-0.754580,3.457944,123.382996,-5.100604,-0.140705,0.892426,0.186578,0.385961,-9.328071,115.154938,20.998121,0.326462,0.869915,0.150585,-0.337632,2.210171,117.020523,33.910858,-0.102260,0.230746,0.507839,-0.823649,16.172215,105.370750,16.778772,0.017517,0.035838,0.457762,-0.888179,8.594347,123.101448,11.236694,0.075232,0.868685,0.074272,0.483953,-10.076613,87.388031,5.957471,0.071898,0.874268,-0.100212,0.469513,-12.268971,50.947399,-1.566494,-0.038736,0.917710,0.040973,0.393230,-22.665852,5.088925,3.527949,-0.092985,0.865763,-0.077743,0.485555,-0.543372,86.987526,20.901724,-0.011465,0.860302,-0.088356,0.501939,2.643891,50.808834,29.285049,-0.037640,0.803076,0.048945,0.592669,-0.618330,4.262310,37.019852,-0.038736,0.917710,0.040973,0.393230,-12.515015,0.768280,-5.870641,-0.037640,0.803076,0.048945,0.592669,12.673891,0.182509,32.931686
201,1.675000,-0.008644,0.876045,0.039223,0.480554,-5.308055,87.188690,13.434688,-0.066623,0.859610,0.129729,0.489697,-5.692194,94.434776,13.873879,-0.026697,0.862702,0.111800,0.492477,-8.722001,106.442055,15.852623,0.024461,0.911582,-0.055774,0.406583,-11.064016,121.041397,18.350965,0.030810,0.946389,-0.046089,0.318237,-8.518529,134.465103,16.051189,-0.014474,0.790572,0.246331,0.560452,-12.973044,115.610489,14.936983,0.236135,-0.340783,0.206612,-0.886238,-19.441128,120.020950,-0.621356,0.213800,0.392827,-0.441401,-0.777908,-2.393615,106.850853,-13.274215,0.315148,0.452760,-0.355077,-0.754726,3.443524,123.386978,-5.101380,-0.140783,0.892453,0.186686,0.385819,-9.331892,115.156296,21.004459,0.326351,0.869907,0.150596,-0.337755,2.209409,117.023918,33.914165,-0.102277,0.230541,0.507756,-0.823756,16.170912,105.380226,16.777523,0.017567,0.035710,0.457570,-0.888282,8.586002,123.109375,11.241351,0.075269,0.868722,0.074320,0.483873,-10.077456,87.388634,5.964328,0.071926,0.874182,-0.100239,0.469664,-12.271094,50.948929,-1.563768,-0.038813,0.917666,0.040961,0.393326,-22.672297,5.091342,3.529801,-0.092992,0.865849,-0.077826,0.485387,-0.538654,86.988747,20.905046,-0.011350,0.860476,-0.088332,0.501647,2.647600,50.811131,29.293377,-0.037572,0.803087,0.049033,0.592651,-0.620161,4.263958,37.021942,-0.038813,0.917666,0.040961,0.393326,-12.518864,0.771321,-5.866270,-0.037572,0.803087,0.049033,0.592651,12.671820,0.185006,32.932163
202,1.683333,-0.008752,0.876109,0.039211,0.480436,-5.310554,87.190826,13.441448,-0.066659,0.859677,0.129747,0.489569,-5.695926,94.436897,13.879782,-0.026841,0.862755,0.111909,0.492352,-8.726544,106.444405,15.858975,0.024631,0.911555,-0.055886,0.406618,-11.073523,121.042778,18.358282,0.030655,0.946342,-0.045934,0.318415,-8.522454,134.465317,16.057808,-0.014536,0.790551,0.246460,0.560424,-12.981304,115.611244,14.944610,0.236723,-0.341093,0.206359,-0.886021,-19.450457,120.022270,-0.613123,0.213956,0.392873,-0.441335,-0.777880,-2.408294,106.851921,-13.272944,0.315127,0.452631,-0.355137,-0.754783,3.429556,123.387779,-5.101530,-0.140784,0.892510,0.186810,0.385627,-9.338514,115.158272,21.011194,0.326225,0.869889,0.150532,-0.337950,2.207950,117.025795,33.916302,-0.102022,0.229885,0.507597,-0.824069,16.166954,105.388214,16.773468,0.017828,0.035198,0.458884,-0.887620,8.563326,123.113693,11.250199,0.075282,0.868775,0.074406,0.483764,-10.081941,87.388893,5.972306,0.071924,0.874157,-0.100240,0.469710,-12.274243,50.950287,-1.561504,-0.038747,0.917664,0.040976,0.393334,-22.675558,5.092687,3.531708,-0.093049,0.865948,-0.077834,0.485200,-0.539168,86.992760,20.910591,-0.011280,0.860692,-0.088294,0.501284,2.652256,50.816010,29.300716,-0.038710,0.803262,0.048351,0.592397,-0.616211,4.268056,37.024242,-0.038747,0.917664,0.040976,0.393334,-12.522499,0.772295,-5.864594,-0.038710,0.803262,0.048351,0.592397,12.678123,0.192647,32.938568
203,1.691667,-0.008803,0.876204,0.039324,0.480252,-5.309973,87.190697,13.445869,-0.066755,0.859741,0.129852,0.489416,-5.696688,94.436630,13.885361,-0.026882,0.862829,0.111945,0.492210,-8.730407,106.443665,15.866186,0.024590,0.911573,-0.055795,0.406591,-11.078559,121.041725,18.366184,0.030597,0.946318,-0.045897,0.318496,-8.529613,134.464951,16.067364,-0.014540,0.790655,0.246471,0.560272,-12.986671,115.609932,14.953117,0.236244,-0.341194,0.206485,-0.886081,-19.461739,120.019722,-0.602509,0.213603,0.392579,-0.441496,-0.778034,-2.425605,106.850159,-13.271252,0.315110,0.452370,-0.355277,-0.754881,3.415929,123.386421,-5.101327,-0.140797,0.892561,0.186844,0.385487,-9.341945,115.157463,21.018576,0.326211,0.869818,0.150579,-0.338126,2.208155,117.026077,33.920269,-0.101903,0.229645,0.507595,-0.824152,16.161667,105.392372,16.770323,0.017935,0.034963,0.458825,-0.887657,8.553308,123.117897,11.251606,0.075324,0.868844,0.074455,0.483624,-10.084475,87.388794,5.978718,0.071920,0.874169,-0.100186,0.469700,-12.278864,50.951206,-1.559401,-0.038656,0.917658,0.041003,0.393355,-22.677494,5.092537,3.529684,-0.092966,0.866002,-0.077834,0.485118,-0.535471,86.992607,20.913019,-0.011236,0.860708,-0.088311,0.501255,2.651425,50.814705,29.299904,-0.037613,0.803142,0.048882,0.592586,-0.621126,4.266932,37.022804,-0.038656,0.917658,0.041003,0.393355,-12.524748,0.771816,-5.866809,-0.037613,0.803142,0.048882,0.592586,12.669765,0.185266,32.932186
204,1.700000,-0.008763,0.876263,0.039248,0.480152,-5.316148,87.188599,13.452682,-0.066673,0.859839,0.129779,0.489275,-5.701779,94.434624,13.891536,-0.026944,0.862913,0.111964,0.492056,-8.732226,106.441078,15.872136,0.024476,0.911602,-0.055640,0.406555,-11.081828,121.038910,18.372120,0.030563,0.946296,-0.045846,0.318573,-8.537539,134.463425,16.075695,-0.014556,0.790714,0.246570,0.560145,-12.990239,115.606628,14.959995,0.236189,-0.341381,0.206467,-0.886028,-19.470251,120.016777,-0.593472,0.213443,0.392465,-0.441586,-0.778085,-2.440120,106.847313,-13.270378,0.315056,0.452216,-0.355335,-0.754969,3.402031,123.384270,-5.100874,-0.140842,0.892559,0.186880,0.385458,-9.343396,115.155067,21.024250,0.326231,0.869730,0.150237,-0.338485,2.207021,117.024780,33.925503,-0.101990,0.229595,0.507711,-0.824084,16.147760,105.388573,16.766872,0.018026,0.034831,0.458484,-0.887837,8.543081,123.117317,11.252597,0.075288,0.868898,0.074574,0.483516,-10.092359,87.386589,5.986621,0.071936,0.874156,-0.100155,0.469729,-12.281099,50.949932,-1.557595,-0.038728,0.917633,0.040982,0.393408,-22.679773,5.090875,3.527912,-0.092942,0.866039,-0.077741,0.485071,-0.539937,86.990601,20.918741,-0.011284,0.860734,-0.088328,0.501207,2.649332,50.811291,29.298645,-0.038115,0.803228,0.048633,0.592458,-0.619640,4.263905,37.025402,-0.038728,0.917633,0.040982,0.393408,-12.525373,0.770471,-5.866944,-0.038115,0.803228,0.048633,0.592458,12.672390,0.184970,32.935749
205,1.708333,-0.008774,0.876332,0.039276,0.480023,-5.320536,87.187218,13.457770,-0.066706,0.859898,0.129867,0.489142,-5.706441,94.433212,13.896960,-0.027033,0.862981,0.111917,0.491942,-8.738524,106.439735,15.879609,0.024449,0.911588,-0.055507,0.406607,-11.089405,121.037735,18.377390,0.030505,0.946234,-0.045737,0.318776,-8.547039,134.463150,16.084131,-0.014485,0.790824,0.246575,0.559990,-12.997934,115.604568,14.966753,0.236344,-0.341564,0.206388,-0.885934,-19.484060,120.015373,-0.583975,0.213432,0.392309,-0.441588,-0.778165,-2.458550,106.845543,-13.266712,0.314943,0.452116,-0.355325,-0.755080,3.388107,123.382034,-5.100713,-0.140831,0.892625,0.186980,0.385260,-9.349583,115.154610,21.030218,0.326205,0.869699,0.150146,-0.338630,2.206261,117.024277,33.926617,-0.101977,0.229389,0.507704,-0.824147,16.142941,105.389259,16.763865,0.018150,0.034594,0.458162,-0.888010,8.534148,123.118294,11.255507,0.075268,0.868932,0.074660,0.483444,-10.098948,87.385170,5.993117,0.071912,0.874214,-0.100107,0.469635,-12.283853,50.949234,-1.555725,-0.038707,0.917655,0.040979,0.393361,-22.677998,5.088958,3.528064,-0.092956,0.866104,-0.077645,0.484968,-0.542124,86.989265,20.922424,-0.011226,0.860760,-0.088483,0.501136,2.652540,50.809036,29.296291,-0.037532,0.803305,0.048835,0.592374,-0.627932,4.264128,37.033100,-0.038707,0.917655,0.040979,0.393361,-12.524751,0.768212,-5.867878,-0.037532,0.803305,0.048835,0.592374,12.660040,0.180048,32.935402
206,1.716667,-0.008824,0.876431,0.039371,0.479835,-5.324087,87.186989,13.465007,-0.066753,0.859979,0.129747,0.489025,-5.711194,94.432861,13.905133,-0.027109,0.863035,0.111970,0.491831,-8.742386,106.439209,15.884940,0.024636,0.911470,-0.056412,0.406735,-11.095694,121.036736,18.383223,0.030298,0.946090,-0.045153,0.319308,-8.538275,134.455933,16.070383,-0.014410,0.790852,0.246662,0.559914,-13.003892,115.603165,14.973040,0.236254,-0.341658,0.206499,-0.885896,-19.493067,120.017075,-0.575532,0.213317,0.392148,-0.441673,-0.778229,-2.473080,106.843147,-13.261422,0.314857,0.451964,-0.355358,-0.755191,3.375671,123.380699,-5.097809,-0.140836,0.892637,0.187073,0.385186,-9.354048,115.153976,21.035667,0.326062,0.869712,0.150099,-0.338757,2.203746,117.023071,33.930397,-0.101956,0.229232,0.507592,-0.824262,16.140812,105.394218,16.763792,0.018296,0.034505,0.457912,-0.888139,8.524499,123.121223,11.258610,0.075238,0.869015,0.074753,0.483285,-10.105684,87.384827,6.002392,0.071902,0.874211,-0.100043,0.469655,-12.286652,50.949596,-1.551000,-0.038676,0.917682,0.041023,0.393295,-22.677282,5.087969,3.527774,-0.092927,0.866182,-0.077629,0.484837,-0.542489,86.989143,20.927622,-0.011218,0.860755,-0.088461,0.501148,2.652170,50.808334,29.298946,-0.037584,0.803295,0.048846,0.592384,-0.628004,4.263034,37.033516,-0.038676,0.917682,0.041023,0.393295,-12.525517,0.767947,-5.870101,-0.037584,0.803295,0.048846,0.592384,12.660495,0.180072,32.936413
207,1.725000,-0.008960,0.876455,0.039471,0.479780,-5.323791,87.188332,13.469446,-0.066822,0.859996,0.129920,0.488941,-5.713297,94.434059,13.909915,-0.027104,0.863075,0.112030,0.491747,-8.748063,106.439865,15.892927,0.024659,0.911471,-0.055876,0.406804,-11.101854,121.037003,18.393044,0.030171,0.946045,-0.045366,0.319422,-8.549491,134.459518,16.093929,-0.014332,0.791021,0.246563,0.559720,-13.010341,115.603622,14.982705,0.236255,-0.341827,0.206406,-0.885853,-19.507133,120.016006,-0.563122,0.213230,0.392029,-0.441679,-0.778309,-2.490960,106.844666,-13.256807,0.314848,0.451817,-0.355340,-0.755291,3.361268,123.381660,-5.094045,-0.140867,0.892698,0.187161,0.384991,-9.359323,115.154099,21.044598,0.325936,0.869739,0.150327,-0.338705,2.203394,117.024551,33.934711,-0.102070,0.229390,0.507484,-0.824271,16.146317,105.404198,16.767111,0.018243,0.034726,0.456348,-0.888936,8.528269,123.130058,11.258342,0.075361,0.869044,0.074784,0.483209,-10.106284,87.384865,6.007370,0.071815,0.873964,-0.100120,0.470113,-12.294671,50.951344,-1.552138,-0.038640,0.917628,0.041062,0.393421,-22.684189,5.089989,3.531361,-0.092889,0.866196,-0.077696,0.484809,-0.541298,86.991806,20.931520,-0.011202,0.860833,-0.088290,0.501044,2.648811,50.811249,29.305706,-0.037686,0.803166,0.048876,0.592550,-0.623666,4.263067,37.026142,-0.038640,0.917628,0.041062,0.393421,-12.530086,0.770616,-5.864283,-0.037686,0.803166,0.048876,0.592550,12.667370,0.182487,32.934914
208,1.733333,-0.009084,0.876566,0.039650,0.479560,-5.329047,87.190147,13.476443,-0.067620,0.860120,0.129971,0.488599,-5.721271,94.435623,13.918431,-0.026437,0.863367,0.112234,0.491224,-8.776145,106.450905,15.895807,0.025305,0.911570,-0.056089,0.406514,-11.114165,121.047737,18.412457,0.029805,0.946059,-0.045421,0.319406,-8.544551,134.467102,16.114134,-0.014643,0.790875,0.246417,0.559983,-13.031867,115.619102,14.999729,0.236357,-0.342007,0.206477,-0.885739,-19.518110,120.022392,-0.553076,0.213251,0.391964,-0.441600,-0.778381,-2.509575,106.845200,-13.250918,0.314805,0.451710,-0.355335,-0.755376,3.347386,123.380936,-5.088674,-0.140718,0.892842,0.187356,0.384614,-9.373050,115.160927,21.056271,0.325865,0.869742,0.150310,-0.338775,2.201214,117.027306,33.936615,-0.102076,0.229192,0.507431,-0.824358,16.144062,105.410240,16.766724,0.018343,0.034546,0.456106,-0.889066,8.520237,123.135292,11.263625,0.075373,0.869084,0.074889,0.483119,-10.115229,87.386108,6.016719,0.071795,0.873922,-0.100107,0.470197,-12.301328,50.953907,-1.549798,-0.038645,0.917591,0.041076,0.393506,-22.689129,5.092037,3.532581,-0.092915,0.866278,-0.077717,0.484654,-0.542865,86.994186,20.936167,-0.011127,0.860919,-0.088261,0.500903,2.649594,50.814224,29.312023,-0.037722,0.803178,0.048826,0.592535,-0.626301,4.265386,37.027065,-0.038645,0.917591,0.041076,0.393506,-12.533219,0.773132,-5.861328,-0.037722,0.803178,0.048826,0.592535,12.664591,0.184263,32.935917
209,1.741667,-0.009060,0.876630,0.039703,0.479439,-5.336738,87.191757,13.480909,-0.067538,0.860183,0.130046,0.488479,-5.728967,94.437187,13.923782,-0.026461,0.863428,0.112234,0.491117,-8.781775,106.448532,15.903579,0.025708,0.911575,-0.055800,0.406518,-11.120100,121.045326,18.420145,0.029433,0.946080,-0.045471,0.319372,-8.543656,134.465363,16.133444,-0.014593,0.790941,0.246460,0.559872,-13.038278,115.616432,15.008113,0.236146,-0.342108,0.206499,-0.885751,-19.528896,120.020973,-0.542517,0.213056,0.391842,-0.441657,-0.778464,-2.524257,106.845070,-13.246928,0.314742,0.451547,-0.355278,-0.755526,3.334468,123.380020,-5.084240,-0.140748,0.892877,0.187378,0.384513,-9.377989,115.158752,21.063801,0.325833,0.869693,0.150151,-0.339002,2.198716,117.026588,33.941738,-0.102175,0.229145,0.507479,-0.824329,16.134903,105.410698,16.765646,0.018353,0.034489,0.455851,-0.889198,8.512135,123.137573,11.266542,0.075312,0.869092,0.074967,0.483101,-10.125001,87.388435,6.022538,0.071793,0.874000,-0.100053,0.470063,-12.304542,50.956429,-1.546771,-0.038672,0.917636,0.041036,0.393401,-22.688992,5.093494,3.532856,-0.092952,0.866244,-0.077611,0.484725,-0.548476,86.995087,20.939281,-0.011183,0.860899,-0.088250,0.500939,2.649575,50.814404,29.309919,-0.039098,0.803203,0.048240,0.592460,-0.621537,4.265502,37.026646,-0.038672,0.917636,0.041036,0.393401,-12.535085,0.773820,-5.862865,-0.039098,0.803203,0.048240,0.592460,12.675678,0.194059,32.946396
210,1.750000,-0.009035,0.876694,0.039781,0.479316,-5.342605,87.189331,13.486728,-0.067568,0.860246,0.130038,0.488366,-5.734998,94.434669,13.930824,-0.026412,0.863499,0.112221,0.490997,-8.788123,106.446167,15.910515,0.025878,0.911581,-0.055827,0.406490,-11.124630,121.043137,18.427811,0.029257,0.946073,-0.045404,0.319420,-8.543780,134.462509,16.142220,-0.014393,0.791231,0.246294,0.559541,-13.044198,115.614388,15.016312,0.236145,-0.342242,0.206420,-0.885718,-19.547918,120.018196,-0.529049,0.212981,0.391609,-0.441546,-0.778665,-2.546252,106.844566,-13.239799,0.314535,0.451423,-0.355272,-0.755690,3.322949,123.375450,-5.079411,-0.140782,0.892905,0.187412,0.384418,-9.382198,115.156410,21.070944,0.325871,0.869642,0.150041,-0.339144,2.196711,117.025627,33.946697,-0.102218,0.229115,0.507527,-0.824302,16.126860,105.408142,16.766788,0.018358,0.034481,0.455583,-0.889336,8.505693,123.135948,11.270118,0.075330,0.869188,0.075010,0.482920,-10.132957,87.386963,6.029724,0.071760,0.874071,-0.099939,0.469961,-12.313636,50.955643,-1.542579,-0.038936,0.917619,0.040952,0.393423,-22.689808,5.090106,3.530484,-0.092964,0.866286,-0.077503,0.484664,-0.552254,86.991692,20.943733,-0.011214,0.860960,-0.088296,0.500825,2.651124,50.809944,29.307703,-0.037648,0.803295,0.049495,0.592326,-0.618642,4.261872,37.030014,-0.038936,0.917619,0.040952,0.393423,-12.533325,0.771287,-5.862847,-0.037648,0.803295,0.049495,0.592326,12.672869,0.194511,32.927170
211,1.758333,-0.008959,0.876750,0.039663,0.479224,-5.351562,87.186218,13.492279,-0.067492,0.860311,0.130062,0.488255,-5.742114,94.431725,13.935441,-0.026460,0.863554,0.112276,0.490886,-8.793772,106.443810,15.917061,0.025564,0.911598,-0.055929,0.406458,-11.132000,121.040321,18.435354,0.029356,0.946031,-0.045279,0.319552,-8.557928,134.459946,16.143621,-0.014343,0.791314,0.246316,0.559415,-13.051518,115.611374,15.024148,0.236185,-0.342387,0.206387,-0.885659,-19.560228,120.015869,-0.518939,0.212965,0.391545,-0.441460,-0.778750,-2.562830,106.841919,-13.235077,0.314482,0.451340,-0.355170,-0.755809,3.311441,123.371490,-5.074070,-0.140676,0.892954,0.187427,0.384337,-9.388001,115.153801,21.077896,0.325855,0.869589,0.149949,-0.339335,2.194107,117.020264,33.951180,-0.102206,0.228681,0.507510,-0.824435,16.118309,105.404190,16.765482,0.018413,0.034215,0.456297,-0.888979,8.488619,123.131897,11.281722,0.075288,0.869271,0.075125,0.482759,-10.143508,87.383957,6.036299,0.071730,0.874207,-0.099833,0.469734,-12.318680,50.953438,-1.541476,-0.038672,0.917631,0.041175,0.393398,-22.686419,5.085480,3.526960,-0.092989,0.866286,-0.077330,0.484687,-0.559614,86.988480,20.948257,-0.011262,0.860848,-0.088439,0.500992,2.651465,50.805069,29.302069,-0.037695,0.803400,0.049514,0.592180,-0.622677,4.259491,37.037548,-0.038672,0.917631,0.041175,0.393398,-12.532139,0.769312,-5.869975,-0.037695,0.803400,0.049514,0.592180,12.667805,0.193337,32.930172
212,1.766667,-0.008935,0.876843,0.039796,0.479044,-5.358159,87.185478,13.498274,-0.067485,0.860376,0.130107,0.488130,-5.749233,94.430832,13.943380,-0.026444,0.863619,0.112245,0.490779,-8.800698,106.441521,15.926297,0.025220,0.911606,-0.056193,0.406425,-11.137763,121.038269,18.444326,0.029454,0.945979,-0.045090,0.319723,-8.569464,134.457214,16.142092,-0.014243,0.791455,0.246250,0.559247,-13.058331,115.609192,15.033916,0.235944,-0.342497,0.206446,-0.885667,-19.573654,120.013664,-0.506400,0.212829,0.391374,-0.441372,-0.778923,-2.581251,106.839836,-13.229314,0.314456,0.451224,-0.355179,-0.755885,3.301099,123.365952,-5.067930,-0.140683,0.893010,0.187432,0.384201,-9.393321,115.151833,21.086773,0.325910,0.869535,0.149904,-0.339442,2.192355,117.019630,33.956650,-0.102077,0.228547,0.507594,-0.824436,16.111145,105.402100,16.767563,0.018591,0.033952,0.456381,-0.888942,8.482273,123.131142,11.285856,0.075255,0.869302,0.075253,0.482689,-10.153166,87.384590,6.044300,0.071687,0.874085,-0.099836,0.469968,-12.322162,50.955128,-1.540321,-0.038847,0.917634,0.040982,0.393395,-22.687906,5.086660,3.527503,-0.092961,0.866371,-0.077344,0.484539,-0.563151,86.986366,20.952248,-0.011290,0.860925,-0.088304,0.500882,2.647050,50.802742,29.305470,-0.037808,0.803325,0.049532,0.592272,-0.617422,4.254970,37.031788,-0.038847,0.917634,0.040982,0.393395,-12.532702,0.767594,-5.867096,-0.037808,0.803325,0.049532,0.592272,12.674883,0.191091,32.928066
213,1.775000,-0.008967,0.876865,0.039784,0.479003,-5.363037,87.184563,13.504209,-0.067484,0.860421,0.130188,0.488029,-5.754420,94.429924,13.948954,-0.026414,0.863680,0.112313,0.490658,-8.807025,106.441711,15.934220,0.025504,0.911628,-0.055950,0.406390,-11.143956,121.038040,18.454737,0.029239,0.945996,-0.045290,0.319665,-8.571405,134.457718,16.161507,-0.014237,0.791513,0.246312,0.559137,-13.065269,115.609322,15.044183,0.235914,-0.342645,0.206470,-0.885612,-19.584877,120.014206,-0.494221,0.212832,0.391278,-0.441248,-0.779041,-2.598025,106.838654,-13.222785,0.314474,0.451173,-0.355093,-0.755948,3.291492,123.362442,-5.061506,-0.140653,0.893041,0.187503,0.384106,-9.398541,115.151360,21.095953,0.325928,0.869482,0.149978,-0.339526,2.189961,117.018036,33.963444,-0.101993,0.228430,0.507597,-0.824477,16.105299,105.402443,16.770256,0.018597,0.033844,0.456362,-0.888956,8.474620,123.130730,11.290476,0.075340,0.869341,0.075246,0.482606,-10.158724,87.383026,6.050657,0.071584,0.874092,-0.099750,0.469988,-12.334200,50.954449,-1.536341,-0.038796,0.917616,0.041183,0.393421,-22.687828,5.082956,3.528893,-0.092990,0.866388,-0.077247,0.484518,-0.567350,86.986092,20.957760,-0.011267,0.860993,-0.088431,0.500744,2.648489,50.801743,29.305655,-0.037624,0.803431,0.049656,0.592129,-0.622654,4.256034,37.041611,-0.038796,0.917616,0.041183,0.393421,-12.531942,0.768405,-5.867042,-0.037624,0.803431,0.049656,0.592129,12.667501,0.191897,32.931190
214,1.783333,-0.009303,0.876929,0.040089,0.478854,-5.361385,87.189568,13.510029,-0.067453,0.860485,0.130258,0.487903,-5.759101,94.434479,13.956377,-0.026529,0.863723,0.112413,0.490553,-8.810489,106.441589,15.943239,0.025297,0.911697,-0.055802,0.406269,-11.151546,121.037079,18.464888,0.029318,0.946040,-0.045437,0.319507,-8.586210,134.458267,16.172462,-0.014125,0.791629,0.246232,0.559011,-13.071826,115.607895,15.054480,0.235825,-0.342784,0.206476,-0.885581,-19.596468,120.013153,-0.481702,0.212721,0.391166,-0.441152,-0.779182,-2.614500,106.837555,-13.216721,0.314349,0.451027,-0.355045,-0.756110,3.281383,123.357323,-5.054442,-0.140614,0.893104,0.187489,0.383981,-9.403725,115.150818,21.105484,0.325991,0.869419,0.150056,-0.339594,2.188528,117.017616,33.969582,-0.101949,0.228330,0.507677,-0.824461,16.099495,105.402161,16.772764,0.018616,0.033743,0.456420,-0.888929,8.469638,123.133324,11.295446,0.075369,0.869535,0.075278,0.482247,-10.159497,87.385277,6.057966,0.071565,0.874060,-0.099716,0.470058,-12.338792,50.957382,-1.531198,-0.038919,0.917596,0.041180,0.393456,-22.689829,5.085006,3.531354,-0.092900,0.866431,-0.077275,0.484454,-0.563272,86.993858,20.962091,-0.011269,0.860861,-0.088357,0.500983,2.646434,50.808586,29.308376,-0.037651,0.803365,0.049562,0.592226,-0.623142,4.261655,37.037621,-0.038919,0.917596,0.041180,0.393456,-12.532150,0.771784,-5.863252,-0.037651,0.803365,0.049562,0.592226,12.667712,0.195851,32.931118
215,1.791667,-0.009305,0.876999,0.040209,0.478717,-5.369017,87.189751,13.516312,-0.067374,0.860556,0.130235,0.487793,-5.767525,94.434532,13.964246,-0.026548,0.863775,0.112481,0.490445,-8.816564,106.441666,15.951925,0.025316,0.911705,-0.055772,0.406254,-11.158800,121.036652,18.475313,0.029223,0.946019,-0.045526,0.319564,-8.593373,134.457977,16.183794,-0.014117,0.791647,0.246383,0.558919,-13.079225,115.607521,15.064919,0.235665,-0.342933,0.206565,-0.885545,-19.607437,120.015160,-0.469089,0.212657,0.391040,-0.441016,-0.779339,-2.632402,106.836975,-13.210672,0.314396,0.450836,-0.354908,-0.756269,3.271858,123.353149,-5.047680,-0.140609,0.893161,0.187528,0.383830,-9.409639,115.150406,21.115021,0.325804,0.869476,0.150154,-0.339584,2.186683,117.017769,33.975365,-0.101841,0.228172,0.507447,-0.824660,16.104109,105.411102,16.777845,0.018637,0.033644,0.456533,-0.888875,8.463017,123.134636,11.301555,0.075382,0.869579,0.075416,0.482144,-10.169463,87.386353,6.065775,0.071506,0.873924,-0.099769,0.470308,-12.345435,50.960159,-1.532529,-0.038783,0.917577,0.041195,0.393512,-22.695318,5.087963,3.534008,-0.092916,0.866476,-0.077246,0.484375,-0.568571,86.993149,20.966846,-0.011298,0.860896,-0.088339,0.500925,2.643892,50.807762,29.311571,-0.037995,0.803411,0.049540,0.592143,-0.621995,4.260585,37.040894,-0.038783,0.917577,0.041195,0.393512,-12.537672,0.773617,-5.860116,-0.037995,0.803411,0.049540,0.592143,12.670395,0.199978,32.934223
216,1.800000,-0.009176,0.877082,0.040249,0.478564,-5.379488,87.189636,13.519981,-0.067240,0.860627,0.130300,0.487671,-5.776543,94.434395,13.969392,-0.026501,0.863836,0.112514,0.490332,-8.822530,106.438873,15.960094,0.025170,0.911744,-0.055815,0.406170,-11.163707,121.033714,18.485336,0.029178,0.946029,-0.045563,0.319535,-8.601758,134.455185,16.190762,-0.014111,0.791721,0.246404,0.558805,-13.085186,115.604912,15.074997,0.235126,-0.343027,0.206734,-0.885612,-19.617849,120.012093,-0.457269,0.212397,0.390845,-0.440951,-0.779545,-2.649537,106.833862,-13.207747,0.314466,0.450679,-0.354920,-0.756328,3.263491,123.347794,-5.041663,-0.140600,0.893206,0.187483,0.383751,-9.413997,115.147186,21.124081,0.325829,0.869413,0.150124,-0.339735,2.184524,117.015602,33.982288,-0.101851,0.228107,0.507502,-0.824643,16.095978,105.409492,16.779562,0.018383,0.033272,0.456645,-0.888837,8.455626,123.135063,11.305803,0.075334,0.869638,0.075429,0.482043,-10.182562,87.388458,6.071198,0.071457,0.874133,-0.099594,0.469964,-12.355874,50.961876,-1.525991,-0.038891,0.917593,0.041210,0.393462,-22.692135,5.085736,3.532626,-0.092928,0.866447,-0.077168,0.484438,-0.576416,86.990807,20.968765,-0.011321,0.860889,-0.088306,0.500944,2.639104,50.804688,29.309151,-0.038309,0.803258,0.049505,0.592332,-0.623449,4.257011,37.036877,-0.038891,0.917593,0.041210,0.393462,-12.534502,0.772958,-5.862234,-0.038309,0.803258,0.049505,0.592332,12.672913,0.200824,32.938709
217,1.808333,-0.009795,0.877082,0.040684,0.478514,-5.366649,87.175926,13.522130,-0.067328,0.860670,0.130398,0.487555,-5.774605,94.420006,13.972791,-0.026576,0.863880,0.112792,0.490187,-8.828556,106.443954,15.968257,0.025285,0.911768,-0.056045,0.406078,-11.175290,121.036804,18.499844,0.029095,0.946040,-0.045683,0.319491,-8.608320,134.456497,16.200504,-0.014144,0.791785,0.246332,0.558746,-13.095424,115.608505,15.087960,0.235214,-0.343247,0.206751,-0.885500,-19.630346,120.012840,-0.444157,0.212429,0.390638,-0.440756,-0.779750,-2.669941,106.830933,-13.201361,0.314364,0.450520,-0.354819,-0.756512,3.255739,123.340485,-5.037725,-0.140481,0.893314,0.187538,0.383517,-9.422270,115.150009,21.135792,0.325945,0.869325,0.150163,-0.339830,2.183680,117.016029,33.987644,-0.102030,0.228284,0.507603,-0.824509,16.088121,105.407677,16.780750,0.018172,0.033527,0.455450,-0.889444,8.454403,123.137962,11.305885,0.075576,0.869814,0.075470,0.481680,-10.170369,87.368774,6.073606,0.071377,0.874065,-0.099661,0.470089,-12.360922,50.945366,-1.533835,-0.039042,0.917561,0.041559,0.393484,-22.694258,5.069396,3.532294,-0.092630,0.866415,-0.077266,0.484536,-0.562928,86.983070,20.970654,-0.011468,0.860856,-0.088270,0.501002,2.629038,50.793968,29.307102,-0.038519,0.803391,0.049202,0.592164,-0.620463,4.246017,37.038670,-0.039042,0.917561,0.041559,0.393484,-12.533749,0.767183,-5.864299,-0.038519,0.803391,0.049202,0.592164,12.674266,0.186507,32.938484
218,1.816667,-0.008985,0.877216,0.040344,0.478314,-5.397071,87.185104,13.531341,-0.067176,0.860771,0.130260,0.487435,-5.792233,94.429802,13.983398,-0.026464,0.863957,0.112836,0.490047,-8.837814,106.442688,15.976204,0.024858,0.911933,-0.055390,0.405822,-11.181890,121.035408,18.510958,0.029277,0.946158,-0.046162,0.319056,-8.633669,134.460419,16.221842,-0.014095,0.791861,0.246250,0.558676,-13.103861,115.607903,15.098855,0.238215,-0.344068,0.205458,-0.884680,-19.641571,120.011345,-0.432350,0.213728,0.391306,-0.439915,-0.779535,-2.682708,106.833824,-13.196137,0.314356,0.450369,-0.354709,-0.756657,3.248913,123.332527,-5.034263,-0.140412,0.893399,0.187665,0.383282,-9.428687,115.147987,21.145351,0.325909,0.869321,0.149735,-0.340064,2.184223,117.012131,33.991188,-0.102143,0.228274,0.507647,-0.824471,16.081923,105.399895,16.781475,0.018249,0.033366,0.455388,-0.889481,8.449391,123.132790,11.309483,0.075243,0.869685,0.075689,0.481931,-10.204453,87.387497,6.085433,0.071356,0.874328,-0.099440,0.469650,-12.363403,50.962818,-1.524951,-0.038869,0.917644,0.041210,0.393346,-22.682806,5.082405,3.529316,-0.092848,0.866340,-0.076932,0.484680,-0.589688,86.982712,20.977249,-0.011564,0.860678,-0.088358,0.501291,2.627122,50.792778,29.300558,-0.037731,0.803438,0.049964,0.592088,-0.621256,4.246506,37.042694,-0.038869,0.917644,0.041210,0.393346,-12.527693,0.769331,-5.868132,-0.037731,0.803438,0.049964,0.592088,12.670723,0.191022,32.929626
219,1.825000,-0.009356,0.877262,0.040757,0.478187,-5.390885,87.180611,13.533284,-0.067355,0.860807,0.130441,0.487299,-5.793569,94.424728,13.988073,-0.026437,0.864029,0.112879,0.489912,-8.846682,106.442978,15.984140,0.024875,0.911990,-0.055356,0.405698,-11.190289,121.035454,18.520758,0.029219,0.946199,-0.046325,0.318917,-8.642491,134.460632,16.232134,-0.013996,0.791929,0.246184,0.558610,-13.113208,115.608154,15.108839,0.238161,-0.344188,0.205471,-0.884644,-19.653574,120.012459,-0.421003,0.213828,0.391266,-0.439838,-0.779571,-2.699095,106.834236,-13.189886,0.314910,0.449924,-0.354279,-0.756893,3.236565,123.333015,-5.029407,-0.140335,0.893459,0.187742,0.383132,-9.436127,115.147850,21.154148,0.325986,0.869249,0.149667,-0.340205,2.181552,117.009842,33.995987,-0.101885,0.227848,0.507677,-0.824602,16.071934,105.395332,16.781898,0.018447,0.032966,0.456594,-0.888873,8.433043,123.127350,11.317821,0.075435,0.869766,0.075619,0.481766,-10.200305,87.380638,6.088627,0.071202,0.874228,-0.099302,0.469888,-12.375598,50.957333,-1.523654,-0.039475,0.917670,0.041108,0.393235,-22.677700,5.072251,3.523491,-0.092756,0.866486,-0.077126,0.484408,-0.581465,86.980576,20.977942,-0.011499,0.860880,-0.088264,0.500962,2.624885,50.791595,29.309420,-0.037562,0.803409,0.050149,0.592122,-0.621393,4.243615,37.042149,-0.039475,0.917670,0.041108,0.393235,-12.519682,0.763394,-5.872754,-0.037562,0.803409,0.050149,0.592122,12.670624,0.189508,32.927834
220,1.833333,-0.008914,0.877350,0.040661,0.478042,-5.414485,87.188553,13.539875,-0.067058,0.860895,0.130411,0.487192,-5.810790,94.432899,13.996586,-0.026283,0.864094,0.112900,0.489800,-8.855145,106.445381,15.994960,0.025145,0.912028,-0.055393,0.405591,-11.194727,121.037964,18.534691,0.028911,0.946256,-0.046489,0.318752,-8.640230,134.462158,16.247738,-0.013988,0.792005,0.246178,0.558506,-13.119867,115.611671,15.122435,0.238033,-0.344377,0.205574,-0.884582,-19.664307,120.015144,-0.405930,0.213803,0.391019,-0.439678,-0.779792,-2.718440,106.832954,-13.182161,0.314964,0.449708,-0.354149,-0.757059,3.230268,123.328636,-5.023885,-0.140266,0.893542,0.187734,0.382968,-9.441115,115.149536,21.166588,0.326338,0.869031,0.150493,-0.340060,2.181604,117.010986,34.003944,-0.101353,0.227374,0.507828,-0.824706,16.065458,105.397713,16.783749,0.018605,0.032773,0.456938,-0.888700,8.424252,123.129547,11.324323,0.075191,0.869804,0.075756,0.481714,-10.226514,87.394539,6.097064,0.071178,0.874323,-0.099160,0.469745,-12.381626,50.970032,-1.515236,-0.039371,0.917687,0.040902,0.393226,-22.674751,5.081966,3.523119,-0.092958,0.866425,-0.076918,0.484511,-0.602457,86.982574,20.982685,-0.011624,0.860704,-0.088406,0.501237,2.623440,50.793999,29.308378,-0.037768,0.803594,0.049984,0.591872,-0.621817,4.248652,37.057365,-0.039371,0.917687,0.040902,0.393226,-12.518462,0.766702,-5.872056,-0.037768,0.803594,0.049984,0.591872,12.668365,0.194231,32.937443
221,1.841667,-0.009453,0.877392,0.040867,0.477937,-5.404724,87.181412,13.545233,-0.067182,0.860945,0.130551,0.487050,-5.809280,94.425377,14.000867,-0.026245,0.864172,0.112913,0.489661,-8.860304,106.446968,16.002884,0.025298,0.911968,-0.056133,0.405615,-11.198709,121.039520,18.543892,0.028688,0.946174,-0.046197,0.319057,-8.632240,134.458618,16.240553,-0.013917,0.792084,0.246177,0.558396,-13.125091,115.613388,15.132068,0.238070,-0.344576,0.205624,-0.884482,-19.673861,120.017830,-0.394198,0.213743,0.390713,-0.439407,-0.780114,-2.735889,106.831451,-13.176576,0.314566,0.449638,-0.354443,-0.757129,3.230821,123.319756,-5.019992,-0.140293,0.893563,0.187776,0.382889,-9.444385,115.150955,21.175009,0.326336,0.869007,0.150362,-0.340180,2.180170,117.013275,34.010578,-0.101328,0.227306,0.507850,-0.824714,16.059998,105.399117,16.787729,0.018717,0.032640,0.456769,-0.888790,8.418658,123.130890,11.330201,0.075403,0.869977,0.075881,0.481349,-10.218350,87.380669,6.103272,0.071105,0.874213,-0.099403,0.469909,-12.385713,50.959957,-1.523674,-0.039597,0.917670,0.041068,0.393226,-22.684402,5.075469,3.535853,-0.092672,0.866366,-0.076974,0.484661,-0.591097,86.982155,20.987194,-0.011667,0.860588,-0.088220,0.501468,2.613090,50.790276,29.306911,-0.038498,0.803361,0.049579,0.592174,-0.621959,4.241910,37.042053,-0.039597,0.917670,0.041068,0.393226,-12.525591,0.766956,-5.859696,-0.038498,0.803361,0.049579,0.592174,12.674543,0.190509,32.939575
222,1.850000,-0.009449,0.877445,0.040992,0.477830,-5.412684,87.182335,13.549126,-0.066669,0.860988,0.130569,0.487038,-5.818001,94.426147,14.006427,-0.026584,0.864112,0.112912,0.489749,-8.855904,106.440353,16.013783,0.025187,0.911972,-0.056035,0.405626,-11.203315,121.032372,18.549505,0.028649,0.946222,-0.046292,0.318906,-8.640631,134.452408,16.247389,-0.013575,0.792278,0.246214,0.558113,-13.125637,115.604080,15.138845,0.238461,-0.344785,0.205425,-0.884341,-19.685747,120.016159,-0.380458,0.213914,0.390544,-0.439251,-0.780240,-2.750897,106.830788,-13.167996,0.314229,0.449893,-0.354217,-0.757223,3.226326,123.318062,-5.016019,-0.140495,0.893537,0.187856,0.382837,-9.446404,115.145638,21.182985,0.326380,0.868959,0.150322,-0.340278,2.177579,117.013397,34.018280,-0.101195,0.227264,0.507896,-0.824714,16.052622,105.398193,16.792294,0.018797,0.032432,0.456726,-0.888817,8.412786,123.129143,11.333927,0.075363,0.870032,0.075995,0.481237,-10.228125,87.382629,6.108368,0.071074,0.874267,-0.099362,0.469823,-12.389743,50.962746,-1.524189,-0.039539,0.917655,0.041066,0.393267,-22.683603,5.077073,3.534441,-0.092661,0.866463,-0.076989,0.484488,-0.597244,86.982040,20.989883,-0.011692,0.860792,-0.088198,0.501120,2.607314,50.790169,29.309475,-0.038422,0.803378,0.049646,0.592151,-0.621515,4.241499,37.045387,-0.039539,0.917655,0.041066,0.393267,-12.524480,0.767891,-5.860461,-0.038422,0.803378,0.049646,0.592151,12.674525,0.190337,32.941193
223,1.858333,-0.009351,0.877524,0.040990,0.477686,-5.425833,87.182152,13.554543,-0.066496,0.861071,0.130588,0.486911,-5.829813,94.425995,14.012573,-0.026537,0.864184,0.112859,0.489638,-8.863533,106.439102,16.022669,0.025094,0.912066,-0.055900,0.405440,-11.208632,121.031555,18.558025,0.028648,0.946311,-0.046484,0.318614,-8.650420,134.452698,16.257402,-0.014414,0.791476,0.246941,0.558909,-13.132482,115.603241,15.148256,0.238288,-0.344943,0.205705,-0.884262,-19.660822,120.013512,-0.384951,0.213660,0.391049,-0.439517,-0.779907,-2.737172,106.817696,-13.176552,0.314401,0.449759,-0.354261,-0.757211,3.217869,123.313591,-5.009372,-0.140342,0.893619,0.187958,0.382650,-9.451668,115.144798,21.191437,0.326381,0.868915,0.150256,-0.340419,2.178800,117.008064,34.021507,-0.101147,0.227101,0.507858,-0.824788,16.049034,105.393471,16.791237,0.018784,0.032303,0.456764,-0.888803,8.404656,123.123657,11.336465,0.075294,0.870046,0.076112,0.481205,-10.243748,87.383842,6.115426,0.071007,0.874138,-0.099232,0.470099,-12.396977,50.964523,-1.522191,-0.039502,0.917626,0.041071,0.393339,-22.681221,5.075505,3.525633,-0.092719,0.866491,-0.076880,0.484444,-0.607918,86.980461,20.993662,-0.011774,0.860826,-0.088206,0.501058,2.604769,50.788151,29.308208,-0.038018,0.803522,0.049864,0.591964,-0.617208,4.239792,37.048828,-0.039502,0.917626,0.041071,0.393339,-12.520965,0.766076,-5.867929,-0.038018,0.803522,0.049864,0.591964,12.675103,0.186820,32.934372
224,1.866667,-0.009234,0.877584,0.040961,0.477581,-5.437603,87.180687,13.559857,-0.066555,0.861086,0.130846,0.486806,-5.839840,94.424591,14.018369,-0.026255,0.864280,0.112509,0.489563,-8.876369,106.430672,16.032671,0.024700,0.912109,-0.056040,0.405347,-11.208837,121.025932,18.563515,0.028682,0.946307,-0.046476,0.318623,-8.659242,134.447296,16.254646,-0.014301,0.791606,0.246919,0.558736,-13.138044,115.598000,15.156174,0.238259,-0.345028,0.205701,-0.884237,-19.673220,120.009438,-0.373830,0.213662,0.390916,-0.439428,-0.780024,-2.752398,106.813553,-13.169092,0.314493,0.449560,-0.354226,-0.757308,3.209694,123.307655,-5.003443,-0.140261,0.893687,0.187875,0.382562,-9.455989,115.138672,21.198528,0.326438,0.868874,0.150149,-0.340517,2.177592,117.001427,34.025848,-0.100922,0.227056,0.507860,-0.824826,16.042624,105.383934,16.793344,0.019051,0.032300,0.456843,-0.888757,8.398374,123.110672,11.335752,0.075221,0.870121,0.076232,0.481062,-10.257331,87.383850,6.121954,0.070921,0.874256,-0.099102,0.469920,-12.402730,50.965057,-1.520411,-0.039450,0.917666,0.041097,0.393247,-22.673189,5.072439,3.522750,-0.092812,0.866527,-0.076787,0.484376,-0.617876,86.977524,20.997759,-0.011804,0.861051,-0.088333,0.500648,2.604884,50.785435,29.309372,-0.037645,0.803767,0.050067,0.591638,-0.616982,4.239267,37.063198,-0.039450,0.917666,0.041097,0.393247,-12.515179,0.763019,-5.873245,-0.037645,0.803767,0.050067,0.591638,12.670365,0.184675,32.934319
225,1.875000,-0.009169,0.877632,0.040940,0.477496,-5.449781,87.180557,13.567013,-0.066399,0.861138,0.130885,0.486725,-5.850997,94.424507,14.025747,-0.026168,0.864327,0.112483,0.489491,-8.884629,106.431534,16.043234,0.024669,0.912159,-0.056154,0.405221,-11.214254,121.027115,18.574873,0.028625,0.946359,-0.046612,0.318453,-8.664656,134.447845,16.262335,-0.014307,0.791697,0.246822,0.558650,-13.144988,115.599571,15.167767,0.238264,-0.345165,0.205795,-0.884161,-19.683493,120.008179,-0.361638,0.213725,0.390893,-0.439307,-0.780086,-2.769317,106.807220,-13.160451,0.314927,0.449119,-0.354316,-0.757346,3.197122,123.298195,-4.995261,-0.140562,0.893904,0.188542,0.381614,-9.461858,115.139496,21.209412,0.326980,0.868638,0.149776,-0.340762,2.194031,117.010033,34.015335,-0.100958,0.226590,0.508206,-0.824737,16.033054,105.368378,16.778229,0.019147,0.032198,0.457001,-0.888677,8.392380,123.107872,11.337551,0.075132,0.870251,0.076398,0.480813,-10.270970,87.384483,6.130077,0.070855,0.874341,-0.099022,0.469790,-12.406784,50.966599,-1.519234,-0.039471,0.917695,0.041079,0.393180,-22.667583,5.071601,3.521903,-0.092727,0.866579,-0.076709,0.484312,-0.628593,86.976631,21.003948,-0.011929,0.860929,-0.087994,0.500915,2.592168,50.782467,29.307281,-0.038099,0.803413,0.049838,0.592108,-0.605839,4.230931,37.038731,-0.039471,0.917695,0.041079,0.393180,-12.510798,0.761922,-5.875301,-0.038099,0.803413,0.049838,0.592108,12.688379,0.178727,32.929668
226,1.883333,-0.009203,0.877691,0.041050,0.477377,-5.458045,87.180748,13.572556,-0.066220,0.861201,0.130871,0.486643,-5.860387,94.424561,14.032510,-0.026231,0.864358,0.112468,0.489437,-8.889524,106.431091,16.052013,0.024681,0.912210,-0.056129,0.405109,-11.220416,121.026672,18.582497,0.028604,0.946425,-0.046760,0.318238,-8.671230,134.447525,16.270224,-0.014268,0.791768,0.246879,0.558526,-13.150946,115.598595,15.176122,0.238337,-0.345244,0.205781,-0.884113,-19.694349,120.008263,-0.350922,0.213826,0.390761,-0.439192,-0.780189,-2.782619,106.806198,-13.151825,0.314795,0.449212,-0.353900,-0.757541,3.192243,123.297485,-4.989050,-0.140233,0.893812,0.187737,0.382348,-9.467115,115.139496,21.217415,0.326647,0.868733,0.149936,-0.340769,2.172449,117.005219,34.038883,-0.100707,0.227026,0.508068,-0.824733,16.022093,105.379227,16.799732,0.019249,0.032097,0.457008,-0.888675,8.386137,123.107948,11.340709,0.075118,0.870284,0.076503,0.480739,-10.281242,87.384987,6.136929,0.070779,0.874267,-0.099012,0.469941,-12.413012,50.968147,-1.518508,-0.039392,0.917686,0.041131,0.393204,-22.668024,5.071944,3.523462,-0.092845,0.866631,-0.076678,0.484202,-0.634848,86.976501,21.008183,-0.011811,0.861071,-0.088048,0.500664,2.595658,50.783623,29.313320,-0.038176,0.803472,0.049766,0.592029,-0.612282,4.232728,37.044506,-0.039392,0.917686,0.041131,0.393204,-12.511309,0.762714,-5.874024,-0.038176,0.803472,0.049766,0.592029,12.681357,0.180186,32.933895
227,1.891667,-0.009263,0.877762,0.041224,0.477230,-5.465827,87.182976,13.576659,-0.066074,0.861287,0.130978,0.486481,-5.870067,94.426559,14.038484,-0.026279,0.864437,0.112488,0.489290,-8.896689,106.431816,16.062456,0.025049,0.912272,-0.056041,0.404960,-11.228672,121.027184,18.593117,0.028390,0.946512,-0.047012,0.317959,-8.671885,134.447556,16.286472,-0.014177,0.791846,0.246876,0.558419,-13.159588,115.598724,15.187579,0.238350,-0.345350,0.205801,-0.884064,-19.707220,120.009888,-0.337251,0.213826,0.390628,-0.439138,-0.780286,-2.799588,106.805946,-13.141622,0.314723,0.449159,-0.353801,-0.757647,3.181051,123.295929,-4.981042,-0.140326,0.893901,0.187716,0.382115,-9.473753,115.140358,21.227699,0.326880,0.868640,0.149825,-0.340833,2.171106,117.011215,34.043602,-0.100878,0.227385,0.508342,-0.824444,16.010941,105.375206,16.803350,0.019214,0.032344,0.455647,-0.889365,8.391981,123.111786,11.339156,0.075019,0.870559,0.076462,0.480263,-10.291483,87.387642,6.142643,0.070806,0.874449,-0.098824,0.469638,-12.422520,50.969212,-1.505449,-0.039624,0.917668,0.041140,0.393220,-22.669802,5.069858,3.523501,-0.092761,0.866665,-0.076609,0.484167,-0.640172,86.978310,21.010675,-0.011927,0.860959,-0.088031,0.500858,2.587810,50.783474,29.308283,-0.038207,0.803442,0.049823,0.592063,-0.611594,4.232538,37.042774,-0.039624,0.917668,0.041140,0.393220,-12.510633,0.763483,-5.872637,-0.038207,0.803442,0.049823,0.592063,12.682873,0.181777,32.933094
228,1.900000,-0.009088,0.877845,0.041253,0.477078,-5.478315,87.180153,13.580924,-0.065977,0.861379,0.130940,0.486341,-5.880440,94.423752,14.044399,-0.026222,0.864518,0.112557,0.489134,-8.905235,106.433662,16.069956,0.024775,0.912366,-0.056040,0.404765,-11.236305,121.028664,18.603651,0.028563,0.946561,-0.047176,0.317776,-8.687079,134.449829,16.293156,-0.014217,0.791877,0.247002,0.558318,-13.168460,115.600708,15.198003,0.238523,-0.345483,0.205793,-0.883967,-19.719994,120.012329,-0.325057,0.213851,0.390656,-0.439062,-0.780308,-2.816759,106.805168,-13.131930,0.314509,0.449352,-0.353996,-0.757531,3.165619,123.293808,-4.969980,-0.140146,0.894005,0.187712,0.381940,-9.480423,115.141426,21.236715,0.326858,0.868577,0.149788,-0.341030,2.170850,117.008385,34.047363,-0.100591,0.226819,0.508311,-0.824654,16.004702,105.375206,16.800390,0.019503,0.031846,0.456967,-0.888700,8.374083,123.110291,11.346933,0.074940,0.870628,0.076600,0.480128,-10.306602,87.387657,6.148693,0.070760,0.874370,-0.098823,0.469791,-12.428752,50.969929,-1.505208,-0.039592,0.917632,0.041218,0.393301,-22.673012,5.069918,3.523976,-0.092893,0.866685,-0.076679,0.484095,-0.650027,86.972656,21.013155,-0.011898,0.861220,-0.087865,0.500438,2.584541,50.780441,29.319641,-0.038444,0.803361,0.050040,0.592139,-0.605605,4.226690,37.041019,-0.039592,0.917632,0.041218,0.393301,-12.512263,0.765201,-5.871221,-0.038444,0.803361,0.050040,0.592139,12.692371,0.184742,32.934006
229,1.908333,-0.009018,0.877912,0.041290,0.476953,-5.488759,87.181007,13.585478,-0.065900,0.861478,0.130966,0.486170,-5.890197,94.424583,14.049974,-0.026144,0.864633,0.112494,0.488950,-8.913096,106.433975,16.077543,0.024800,0.912442,-0.056127,0.404579,-11.240664,121.029518,18.611280,0.028523,0.946618,-0.047273,0.317594,-8.690577,134.450058,16.298130,-0.014129,0.792003,0.246976,0.558153,-13.175217,115.601646,15.206863,0.238564,-0.345546,0.205869,-0.883914,-19.733263,120.013718,-0.313318,0.213909,0.390533,-0.438977,-0.780401,-2.833769,106.802299,-13.120728,0.314463,0.449273,-0.353869,-0.757657,3.155360,123.290230,-4.961178,-0.140314,0.894202,0.188362,0.381097,-9.484567,115.142181,21.243963,0.327033,0.868490,0.149582,-0.341176,2.187492,117.012238,34.035221,-0.100874,0.226678,0.508378,-0.824617,16.010672,105.370483,16.785479,0.019457,0.032103,0.455577,-0.889404,8.378955,123.111984,11.342153,0.074918,0.870688,0.076673,0.480011,-10.319180,87.389809,6.154671,0.070677,0.874456,-0.098714,0.469667,-12.438265,50.972664,-1.502838,-0.039873,0.917643,0.041117,0.393256,-22.670252,5.069521,3.522701,-0.092905,0.866740,-0.076626,0.484004,-0.658337,86.972206,21.016285,-0.011951,0.861377,-0.087837,0.500171,2.579814,50.779556,29.319477,-0.038498,0.803381,0.050026,0.592110,-0.602305,4.225451,37.042011,-0.039873,0.917643,0.041117,0.393256,-12.508193,0.765404,-5.871346,-0.038498,0.803381,0.050026,0.592110,12.695691,0.184071,32.934517
230,1.916667,-0.008920,0.877995,0.041257,0.476805,-5.501408,87.180573,13.591473,-0.066640,0.861616,0.131171,0.485768,-5.901281,94.424210,14.056286,-0.025470,0.864987,0.112486,0.488361,-8.944281,106.440422,16.082176,0.024132,0.912750,-0.056121,0.403925,-11.252531,121.037064,18.627239,0.029051,0.946744,-0.047589,0.317122,-8.721601,134.459503,16.304029,-0.014224,0.791969,0.246713,0.558315,-13.197997,115.613068,15.222862,0.239079,-0.345737,0.205837,-0.883707,-19.749617,120.018814,-0.301829,0.214212,0.390508,-0.438741,-0.780463,-2.856071,106.799744,-13.109205,0.314420,0.449206,-0.353736,-0.757776,3.141384,123.284821,-4.953261,-0.140060,0.894328,0.188294,0.380928,-9.498684,115.146461,21.254107,0.326988,0.868488,0.149287,-0.341350,2.180321,117.011223,34.039795,-0.100534,0.226348,0.508326,-0.824781,15.998999,105.367699,16.787645,0.019767,0.031568,0.457136,-0.888617,8.359439,123.105789,11.346780,0.074856,0.870736,0.076803,0.479914,-10.334368,87.390495,6.162348,0.070584,0.874623,-0.098583,0.469398,-12.445651,50.974148,-1.501115,-0.039718,0.917710,0.041150,0.393113,-22.662735,5.067310,3.520994,-0.092880,0.866933,-0.076567,0.483671,-0.668448,86.970650,21.020597,-0.012035,0.861490,-0.087884,0.499966,2.573455,50.776981,29.317886,-0.038216,0.803496,0.050121,0.591965,-0.602176,4.223845,37.048923,-0.039718,0.917710,0.041150,0.393113,-12.504858,0.762185,-5.877117,-0.038216,0.803496,0.050121,0.591965,12.692801,0.179908,32.934166
231,1.925000,-0.008817,0.878071,0.041195,0.476672,-5.515902,87.179474,13.597419,-0.066470,0.861715,0.131188,0.485612,-5.913959,94.423210,14.062227,-0.025442,0.865080,0.112443,0.488208,-8.953039,106.439575,16.091087,0.024060,0.912834,-0.056092,0.403744,-11.259519,121.036552,18.635874,0.029150,0.946801,-0.047802,0.316913,-8.731404,134.459366,16.311817,-0.014093,0.792084,0.246568,0.558218,-13.206525,115.612411,15.232608,0.238777,-0.345754,0.206089,-0.883724,-19.762047,120.018066,-0.290459,0.214144,0.390403,-0.438741,-0.780535,-2.874263,106.792747,-13.098981,0.314533,0.449168,-0.353707,-0.757766,3.126706,123.278000,-4.943512,-0.139986,0.894440,0.188283,0.380697,-9.505075,115.146042,21.262558,0.327064,0.868422,0.149217,-0.341477,2.180789,117.010712,34.041985,-0.100405,0.226228,0.508353,-0.824813,15.992650,105.364731,16.786041,0.019857,0.031471,0.457215,-0.888577,8.352033,123.102715,11.346338,0.074868,0.870653,0.077025,0.480026,-10.351138,87.390366,6.169804,0.070449,0.874852,-0.098502,0.469008,-12.454116,50.976700,-1.508646,-0.039557,0.917773,0.041170,0.392981,-22.654345,5.066556,3.517505,-0.092986,0.867026,-0.076386,0.483512,-0.680665,86.968575,21.025032,-0.012006,0.861728,-0.088062,0.499525,2.576177,50.774311,29.313898,-0.038271,0.803630,0.049950,0.591794,-0.606314,4.224086,37.059628,-0.039557,0.917773,0.041170,0.392981,-12.500540,0.760036,-5.884363,-0.038271,0.803630,0.049950,0.591794,12.686523,0.177224,32.940842
232,1.933333,-0.008757,0.878168,0.041224,0.476493,-5.527828,87.178589,13.600842,-0.066264,0.861826,0.131218,0.485434,-5.925222,94.422302,14.066517,-0.025444,0.865174,0.112417,0.488047,-8.959660,106.438507,16.099094,0.023799,0.912895,-0.056284,0.403594,-11.265331,121.035645,18.643600,0.029252,0.946817,-0.047853,0.316848,-8.742195,134.457977,16.311293,-0.014015,0.792313,0.246454,0.557946,-13.213544,115.611229,15.241472,0.238754,-0.345828,0.206074,-0.883704,-19.779734,120.014366,-0.277798,0.214091,0.390267,-0.438680,-0.780651,-2.894214,106.789421,-13.089681,0.314416,0.449024,-0.353612,-0.757943,3.112805,123.272491,-4.935338,-0.139982,0.894529,0.188314,0.380473,-9.509867,115.145363,21.270094,0.327171,0.868316,0.149243,-0.341633,2.181965,117.011383,34.043865,-0.100252,0.226036,0.508412,-0.824848,15.985036,105.364082,16.781767,0.019915,0.031309,0.457298,-0.888539,8.343288,123.102570,11.345189,0.074741,0.870792,0.077174,0.479770,-10.366117,87.390526,6.175245,0.070365,0.874535,-0.098559,0.469600,-12.457737,50.977158,-1.507720,-0.039620,0.917751,0.041103,0.393033,-22.656923,5.066961,3.520011,-0.092981,0.867024,-0.076450,0.483508,-0.689537,86.966652,21.026438,-0.012122,0.861652,-0.087852,0.499692,2.564621,50.773048,29.319195,-0.038225,0.803518,0.050111,0.591934,-0.599904,4.219583,37.052788,-0.039620,0.917751,0.041103,0.393033,-12.501698,0.759494,-5.879887,-0.038225,0.803518,0.050111,0.591934,12.694782,0.175573,32.937176
233,1.941667,-0.008731,0.878263,0.041281,0.476313,-5.538120,87.180626,13.606533,-0.066230,0.861921,0.131225,0.485269,-5.935477,94.424286,14.073190,-0.025388,0.865269,0.112425,0.487878,-8.968869,106.440483,16.106899,0.023792,0.912973,-0.056312,0.403414,-11.272706,121.037659,18.652903,0.029343,0.946866,-0.048044,0.316665,-8.750129,134.459824,16.319061,-0.013865,0.792412,0.246413,0.557827,-13.222578,115.613487,15.251332,0.238553,-0.345907,0.206308,-0.883673,-19.793543,120.018890,-0.265279,0.214059,0.390235,-0.438591,-0.780726,-2.915560,106.786453,-13.079375,0.314576,0.448834,-0.353531,-0.758027,3.094975,123.266136,-4.924221,-0.139913,0.894635,0.188282,0.380267,-9.516530,115.147163,21.278465,0.327122,0.868320,0.149198,-0.341689,2.181456,117.013336,34.046589,-0.100414,0.226361,0.508441,-0.824722,15.984225,105.367752,16.783075,0.019892,0.031467,0.455632,-0.889389,8.349485,123.107613,11.340290,0.074766,0.870830,0.077223,0.479689,-10.379453,87.393303,6.182939,0.070261,0.874475,-0.098495,0.469740,-12.471652,50.980770,-1.503851,-0.039777,0.917722,0.041086,0.393086,-22.660276,5.067983,3.521697,-0.092998,0.867130,-0.076398,0.483323,-0.696787,86.967949,21.030128,-0.012149,0.861786,-0.087850,0.499459,2.562166,50.773994,29.319483,-0.039103,0.803541,0.049719,0.591880,-0.598053,4.220563,37.055058,-0.039777,0.917722,0.041086,0.393086,-12.502614,0.761891,-5.876203,-0.039103,0.803541,0.049719,0.591880,12.700499,0.182308,32.946274
234,1.950000,-0.008747,0.878362,0.041372,0.476121,-5.546238,87.183090,13.611442,-0.066212,0.862021,0.131256,0.485084,-5.944342,94.426636,14.079237,-0.025434,0.865364,0.112466,0.487697,-8.977439,106.443321,16.114599,0.024305,0.913046,-0.056199,0.403234,-11.282541,121.040154,18.661453,0.029138,0.946969,-0.048321,0.316332,-8.749135,134.461624,16.335358,-0.013708,0.792451,0.246607,0.557691,-13.232917,115.615654,15.260681,0.238604,-0.345999,0.206433,-0.883594,-19.809315,120.027992,-0.251648,0.214109,0.390061,-0.438430,-0.780890,-2.937119,106.788864,-13.066423,0.314419,0.448786,-0.353584,-0.758097,3.084233,123.266113,-4.913396,-0.139832,0.894760,0.188383,0.379953,-9.524403,115.149940,21.286341,0.327069,0.868278,0.149027,-0.341921,2.182675,117.014908,34.046291,-0.100120,0.225668,0.508365,-0.824994,15.979254,105.371155,16.776617,0.020300,0.030881,0.457050,-0.888673,8.328821,123.108696,11.347946,0.074769,0.870939,0.077303,0.479477,-10.390802,87.396118,6.189969,0.070188,0.874470,-0.098452,0.469769,-12.482193,50.984554,-1.501617,-0.039762,0.917705,0.041131,0.393122,-22.663132,5.070007,3.523384,-0.092853,0.867250,-0.076570,0.483108,-0.701675,86.970070,21.032915,-0.012214,0.861578,-0.087644,0.499853,2.543801,50.776066,29.327335,-0.039176,0.803218,0.050018,0.592287,-0.604880,4.219359,37.047905,-0.039762,0.917705,0.041131,0.393122,-12.504750,0.764903,-5.874185,-0.039176,0.803218,0.050018,0.592287,12.699691,0.189053,32.950829
235,1.958333,-0.008728,0.878460,0.041449,0.475936,-5.554183,87.183670,13.615942,-0.066092,0.862130,0.131263,0.484907,-5.952473,94.427124,14.084925,-0.025470,0.865456,0.112498,0.487526,-8.982949,106.445351,16.122738,0.024564,0.913097,-0.056265,0.403095,-11.288936,121.041908,18.670328,0.029027,0.947020,-0.048490,0.316164,-8.748919,134.462234,16.344904,-0.013588,0.792695,0.246455,0.557414,-13.239914,115.617134,15.270348,0.238631,-0.346167,0.206312,-0.883549,-19.827169,120.027336,-0.237985,0.214108,0.390115,-0.438198,-0.780993,-2.958268,106.791534,-13.060551,0.314453,0.448705,-0.353474,-0.758182,3.069108,123.263275,-4.902709,-0.139774,0.894864,0.188439,0.379700,-9.529055,115.151939,21.294605,0.327098,0.868202,0.149004,-0.342096,2.185282,117.016556,34.047951,-0.099997,0.225421,0.508389,-0.825062,15.974939,105.373680,16.772144,0.020510,0.030682,0.456832,-0.888787,8.320847,123.111641,11.348516,0.074809,0.870985,0.077328,0.479383,-10.401888,87.397484,6.196541,0.070081,0.874324,-0.098418,0.470064,-12.495767,50.986652,-1.497827,-0.039663,0.917664,0.041214,0.393219,-22.668158,5.070061,3.525823,-0.092828,0.867336,-0.076610,0.482951,-0.706478,86.969849,21.035343,-0.012291,0.861749,-0.087570,0.499569,2.537390,50.775944,29.330847,-0.038304,0.803354,0.050568,0.592114,-0.598943,4.218194,37.050140,-0.039663,0.917664,0.041214,0.393219,-12.508443,0.765984,-5.870781,-0.038304,0.803354,0.050568,0.592114,12.700301,0.185765,32.937889
236,1.966667,-0.008619,0.878542,0.041432,0.475787,-5.564781,87.183411,13.621378,-0.065985,0.862230,0.131247,0.484746,-5.961482,94.426910,14.090978,-0.025452,0.865551,0.112489,0.487361,-8.988494,106.443237,16.129959,0.024242,0.913199,-0.056218,0.402888,-11.293392,121.039879,18.678028,0.029217,0.947073,-0.048674,0.315958,-8.762695,134.461395,16.349295,-0.013525,0.792813,0.246523,0.557217,-13.245712,115.615036,15.278943,0.238656,-0.346298,0.206350,-0.883482,-19.840696,120.026527,-0.225736,0.214105,0.390097,-0.438108,-0.781054,-2.977108,106.787766,-13.052214,0.314390,0.448649,-0.353334,-0.758306,3.053663,123.257126,-4.893450,-0.139495,0.894825,0.187816,0.380204,-9.532556,115.149986,21.301796,0.326781,0.868242,0.148711,-0.342424,2.171153,117.010651,34.065468,-0.100198,0.226163,0.508427,-0.824811,15.959890,105.378296,16.781866,0.020444,0.030782,0.455449,-0.889494,8.322350,123.113632,11.341283,0.074823,0.871111,0.077409,0.479141,-10.415022,87.398674,6.203678,0.069971,0.874380,-0.098322,0.469997,-12.509024,50.988918,-1.495758,-0.039745,0.917684,0.041167,0.393169,-22.667795,5.069074,3.525723,-0.092740,0.867366,-0.076621,0.482913,-0.714541,86.968147,21.039078,-0.012459,0.861857,-0.087561,0.499380,2.523662,50.773155,29.331997,-0.038473,0.803535,0.050453,0.591866,-0.596849,4.215643,37.059124,-0.039745,0.917684,0.041167,0.393169,-12.508509,0.764703,-5.871206,-0.038473,0.803535,0.050453,0.591866,12.700574,0.183442,32.940765
237,1.975000,-0.008522,0.878651,0.041389,0.475592,-5.576365,87.180862,13.627630,-0.065913,0.862315,0.131368,0.484573,-5.971427,94.424446,14.097437,-0.025369,0.865652,0.112366,0.487214,-8.998079,106.440941,16.140591,0.023795,0.913258,-0.056567,0.402733,-11.298611,121.038544,18.687117,0.029467,0.947065,-0.048661,0.315961,-8.775823,134.459076,16.344162,-0.013440,0.792965,0.246435,0.557042,-13.253452,115.613602,15.289633,0.238405,-0.346402,0.206486,-0.883477,-19.855312,120.024178,-0.212389,0.213962,0.390045,-0.438048,-0.781152,-2.998121,106.782547,-13.044328,0.314471,0.448414,-0.353318,-0.758419,3.035728,123.247864,-4.883424,-0.139425,0.894983,0.187808,0.379862,-9.538198,115.148651,21.311203,0.326786,0.868189,0.148407,-0.342686,2.175250,117.010239,34.065811,-0.099806,0.225609,0.508315,-0.825079,15.954897,105.375290,16.776690,0.020796,0.030186,0.456515,-0.888960,8.302942,123.106148,11.343734,0.074782,0.871203,0.077480,0.478967,-10.429935,87.397110,6.212135,0.069895,0.874617,-0.098133,0.469606,-12.520261,50.987728,-1.490059,-0.040043,0.917724,0.041175,0.393046,-22.662216,5.063349,3.523993,-0.092679,0.867402,-0.076593,0.482864,-0.722795,86.964622,21.043125,-0.012563,0.861696,-0.087427,0.499679,2.512979,50.768459,29.331947,-0.038621,0.803434,0.050453,0.591993,-0.595403,4.208982,37.052147,-0.040043,0.917724,0.041175,0.393046,-12.502709,0.762489,-5.874309,-0.038621,0.803434,0.050453,0.591993,12.704354,0.179234,32.938919
238,1.983333,-0.008422,0.878753,0.041318,0.475411,-5.590819,87.180832,13.634680,-0.065738,0.862466,0.131297,0.484346,-5.984015,94.424522,14.104359,-0.025338,0.865792,0.112342,0.486972,-9.004772,106.438995,16.148472,0.023712,0.913364,-0.056547,0.402500,-11.303452,121.036804,18.695488,0.029518,0.947129,-0.048835,0.315739,-8.783843,134.457687,16.351145,-0.013372,0.793076,0.246456,0.556876,-13.260351,115.611732,15.299397,0.238418,-0.346581,0.206508,-0.883399,-19.868683,120.023109,-0.199632,0.213945,0.390054,-0.437892,-0.781240,-3.018151,106.778992,-13.037747,0.314350,0.448415,-0.353130,-0.758556,3.020463,123.240196,-4.873999,-0.139414,0.895093,0.187843,0.379587,-9.541743,115.147003,21.318909,0.326879,0.868103,0.148376,-0.342830,2.179072,117.010101,34.066521,-0.099811,0.225784,0.508378,-0.824992,15.950722,105.373062,16.772451,0.020715,0.030243,0.455243,-0.889612,8.304063,123.106018,11.334573,0.074789,0.871288,0.077529,0.478803,-10.447471,87.397896,6.221230,0.069843,0.875158,-0.097830,0.468668,-12.537914,50.989162,-1.484000,-0.039945,0.917764,0.041253,0.392953,-22.657013,5.058491,3.518501,-0.092701,0.867463,-0.076485,0.482767,-0.734168,86.963776,21.048132,-0.012633,0.861842,-0.087517,0.499410,2.507935,50.766693,29.330433,-0.038460,0.803609,0.050422,0.591770,-0.596575,4.208863,37.062092,-0.039945,0.917764,0.041253,0.392953,-12.500026,0.758439,-5.882889,-0.038460,0.803609,0.050422,0.591770,12.699641,0.175747,32.940735
239,1.991667,-0.008418,0.878901,0.041329,0.475135,-5.600347,87.181877,13.640611,-0.065711,0.862626,0.131263,0.484075,-5.993415,94.425552,14.110581,-0.025238,0.865955,0.112340,0.486687,-9.012500,106.440186,16.155241,0.023763,0.913446,-0.056711,0.402288,-11.307704,121.038162,18.704449,0.029461,0.947163,-0.048905,0.315630,-8.785880,134.457870,16.355747,-0.013357,0.793257,0.246344,0.556669,-13.267549,115.613472,15.309441,0.238443,-0.346728,0.206430,-0.883352,-19.883959,120.021233,-0.187172,0.213987,0.390123,-0.437669,-0.781319,-3.036934,106.778824,-13.031651,0.314454,0.448409,-0.353061,-0.758549,3.007128,123.235809,-4.863524,-0.139340,0.895220,0.187824,0.379326,-9.544933,115.148041,21.326424,0.326869,0.868044,0.148239,-0.343048,2.183509,117.011429,34.066975,-0.099596,0.225519,0.508367,-0.825097,15.948060,105.375061,16.766790,0.021046,0.029948,0.455231,-0.889621,8.296301,123.106445,11.332401,0.074777,0.871414,0.077662,0.478555,-10.461645,87.398872,6.230202,0.069801,0.875173,-0.097803,0.468653,-12.548698,50.991543,-1.482558,-0.040125,0.917690,0.041276,0.393104,-22.663092,5.059817,3.519822,-0.092661,0.867599,-0.076554,0.482520,-0.739048,86.964882,21.051020,-0.012604,0.861986,-0.087370,0.499187,2.500368,50.768044,29.335413,-0.038705,0.803448,0.050391,0.591975,-0.597583,4.207727,37.054726,-0.040125,0.917690,0.041276,0.393104,-12.501359,0.762472,-5.877683,-0.038705,0.803448,0.050391,0.591975,12.702293,0.177967,32.941895
240,2.000000,-0.007904,0.879022,0.041135,0.474937,-5.625104,87.189926,13.646001,-0.065347,0.862773,0.131168,0.483888,-6.010164,94.433960,14.117130,-0.025245,0.866055,0.112388,0.486498,-9.018106,106.443527,16.163778,0.024083,0.913572,-0.056470,0.402018,-11.313644,121.041168,18.714611,0.029373,0.947311,-0.049259,0.315138,-8.787521,134.461517,16.374262,-0.012498,0.794432,0.245286,0.555479,-13.274410,115.616432,15.320200,0.238697,-0.346787,0.206003,-0.883360,-19.937689,120.016739,-0.158438,0.214277,0.389553,-0.437195,-0.781789,-3.083906,106.787994,-13.008123,0.314429,0.448369,-0.352949,-0.758635,2.991629,123.233505,-4.853462,-0.139228,0.895371,0.187813,0.379016,-9.549181,115.151093,21.335571,0.326844,0.867981,0.148146,-0.343271,2.188542,117.013885,34.067661,-0.099491,0.225284,0.508342,-0.825189,15.946232,105.379639,16.760599,0.021180,0.029736,0.455232,-0.889624,8.289162,123.110283,11.330906,0.074544,0.871423,0.077830,0.478547,-10.489887,87.413124,6.238066,0.069762,0.874854,-0.097944,0.469224,-12.555883,51.005138,-1.477268,-0.039816,0.917693,0.040974,0.393162,-22.676527,5.075517,3.531805,-0.092839,0.867616,-0.076476,0.482467,-0.760321,86.966721,21.053936,-0.012629,0.862068,-0.087361,0.499046,2.493820,50.771450,29.339409,-0.039032,0.803412,0.050232,0.592016,-0.600423,4.211032,37.059597,-0.039816,0.917693,0.040974,0.393162,-12.517317,0.767075,-5.863337,-0.039032,0.803412,0.050232,0.592016,12.701431,0.183121,32.951363
241,2.008333,-0.007874,0.879028,0.041425,0.474902,-5.626147,87.193672,13.647511,-0.065376,0.862856,0.131252,0.483714,-6.012804,94.437370,14.122565,-0.025281,0.866176,0.112410,0.486275,-9.021900,106.446075,16.171181,0.024170,0.913647,-0.056545,0.401830,-11.318016,121.043518,18.722624,0.029327,0.947365,-0.049356,0.314965,-8.789635,134.463150,16.380610,-0.012452,0.794519,0.245345,0.555328,-13.279779,115.618423,15.329383,0.238665,-0.346947,0.206073,-0.883290,-19.948908,120.019821,-0.146422,0.214298,0.389577,-0.437066,-0.781844,-3.102077,106.787369,-13.001415,0.314496,0.448348,-0.352763,-0.758706,2.976932,123.230003,-4.844713,-0.139002,0.895515,0.187760,0.378784,-9.551508,115.153763,21.342922,0.326812,0.867902,0.148149,-0.343500,2.194523,117.012421,34.067951,-0.099345,0.225024,0.508292,-0.825308,15.945414,105.382622,16.752493,0.021289,0.029617,0.455429,-0.889525,8.281443,123.112068,11.327028,0.074650,0.871485,0.077737,0.478433,-10.491529,87.419762,6.240057,0.069685,0.874887,-0.097841,0.469196,-12.568723,51.011883,-1.472780,-0.039404,0.917669,0.041247,0.393229,-22.678371,5.079344,3.531667,-0.092811,0.867746,-0.076559,0.482227,-0.760766,86.967590,21.054966,-0.012599,0.862252,-0.087320,0.498736,2.490826,50.772877,29.343895,-0.039058,0.803425,0.050246,0.591994,-0.601100,4.211709,37.060474,-0.039404,0.917669,0.041247,0.393229,-12.520695,0.773194,-5.866184,-0.039058,0.803425,0.050246,0.591994,12.700786,0.184531,32.951633
242,2.016667,-0.007851,0.879089,0.041327,0.474798,-5.637104,87.195679,13.654715,-0.064647,0.862977,0.131089,0.483640,-6.022737,94.439491,14.128716,-0.025757,0.866159,0.112308,0.486305,-9.011453,106.441238,16.181410,0.024345,0.913536,-0.057270,0.401969,-11.318526,121.038643,18.723179,0.029158,0.947298,-0.048994,0.315241,-8.777399,134.453186,16.365837,-0.012171,0.794870,0.245366,0.554823,-13.275777,115.609978,15.333027,0.235508,-0.346426,0.207322,-0.884049,-19.964684,120.015099,-0.133185,0.212940,0.388736,-0.437624,-0.782321,-3.125618,106.780502,-12.996139,0.314618,0.448311,-0.352579,-0.758763,2.962090,123.226776,-4.836339,-0.138991,0.895594,0.187722,0.378620,-9.548254,115.151825,21.347528,0.326860,0.867773,0.148016,-0.343837,2.202219,117.012115,34.068222,-0.099101,0.224732,0.508341,-0.825387,15.939940,105.382561,16.742159,0.021506,0.029341,0.455959,-0.889257,8.272149,123.113129,11.320506,0.074681,0.871606,0.077752,0.478205,-10.504237,87.421211,6.248393,0.069613,0.874928,-0.097722,0.469153,-12.584950,51.013851,-1.465987,-0.039321,0.917637,0.041291,0.393308,-22.683270,5.078161,3.532473,-0.092748,0.867764,-0.076436,0.482226,-0.769970,86.970154,21.061035,-0.012712,0.862201,-0.087294,0.498827,2.482126,50.773167,29.339821,-0.039009,0.803428,0.050262,0.591993,-0.600176,4.211840,37.059296,-0.039321,0.917637,0.041291,0.393308,-12.524616,0.772220,-5.864424,-0.039009,0.803428,0.050262,0.591993,12.701425,0.184221,32.949947
243,2.025000,-0.007728,0.879179,0.041355,0.474630,-5.647478,87.193901,13.658907,-0.064572,0.863117,0.131104,0.483395,-6.031636,94.437706,14.134194,-0.025657,0.866330,0.112159,0.486040,-9.018160,106.438950,16.188856,0.024316,0.913632,-0.057371,0.401738,-11.319711,121.037506,18.728989,0.029098,0.947355,-0.049014,0.315070,-8.779118,134.451477,16.367863,-0.012160,0.794941,0.245364,0.554722,-13.280581,115.608643,15.341249,0.235603,-0.346640,0.207311,-0.883942,-19.973406,120.013130,-0.123450,0.212869,0.388743,-0.437557,-0.782374,-3.141515,106.775963,-12.993140,0.314400,0.448227,-0.352448,-0.758963,2.948182,123.219872,-4.830662,-0.138943,0.895729,0.187700,0.378330,-9.549330,115.150772,21.353460,0.326979,0.867661,0.147912,-0.344052,2.209252,117.012367,34.066467,-0.098783,0.224482,0.508371,-0.825475,15.935726,105.379295,16.733845,0.021756,0.029038,0.456054,-0.889212,8.264704,123.108696,11.313346,0.074736,0.871669,0.077739,0.478085,-10.517476,87.421455,6.254529,0.069466,0.874931,-0.097545,0.469207,-12.603246,51.014553,-1.460636,-0.039342,0.917619,0.041357,0.393341,-22.681995,5.073646,3.529367,-0.092807,0.867992,-0.076451,0.481800,-0.777480,86.966347,21.063284,-0.012614,0.862363,-0.087247,0.498558,2.481851,50.770344,29.343527,-0.038970,0.803394,0.050311,0.592037,-0.603803,4.208011,37.055588,-0.039342,0.917619,0.041357,0.393341,-12.522285,0.769641,-5.867272,-0.038970,0.803394,0.050311,0.592037,12.698199,0.180858,32.947086
244,2.033333,-0.007617,0.879316,0.041352,0.474379,-5.658325,87.192825,13.663220,-0.064515,0.863288,0.131062,0.483109,-6.040915,94.436661,14.139355,-0.025523,0.866516,0.112112,0.485726,-9.025161,106.438866,16.194912,0.024221,0.913779,-0.057378,0.401409,-11.321634,121.037933,18.736643,0.029130,0.947453,-0.049136,0.314754,-8.784606,134.452133,16.372923,-0.012055,0.795128,0.245210,0.554526,-13.286228,115.609482,15.350429,0.238255,-0.347402,0.206175,-0.883198,-19.986742,120.012131,-0.111461,0.214001,0.389442,-0.436798,-0.782142,-3.157826,106.777809,-12.987982,0.314307,0.448189,-0.352251,-0.759116,2.934015,123.211060,-4.824004,-0.138686,0.895903,0.187496,0.378112,-9.550555,115.150856,21.359835,0.327013,0.867573,0.147765,-0.344303,2.216252,117.009415,34.065670,-0.098515,0.224251,0.508413,-0.825544,15.932978,105.375603,16.725821,0.022110,0.028741,0.456234,-0.889121,8.259240,123.105087,11.306877,0.074773,0.871779,0.077745,0.477877,-10.532586,87.421883,6.261696,0.069341,0.875063,-0.097354,0.469020,-12.622377,51.015465,-1.454643,-0.039404,0.917619,0.041394,0.393331,-22.681507,5.069411,3.527509,-0.092767,0.868077,-0.076379,0.481666,-0.784064,86.963760,21.064745,-0.012125,0.862381,-0.087740,0.498452,2.476597,50.766384,29.338444,-0.038075,0.803390,0.050580,0.592078,-0.671365,4.211074,37.067707,-0.039404,0.917619,0.041394,0.393331,-12.521326,0.767031,-5.869367,-0.038075,0.803390,0.050580,0.592078,12.625937,0.175122,32.952633
245,2.041667,-0.007609,0.879418,0.041334,0.474192,-5.666211,87.192657,13.668978,-0.064342,0.863443,0.131075,0.482852,-6.048473,94.436516,14.145014,-0.025503,0.866668,0.112111,0.485455,-9.028028,106.437180,16.203510,0.023878,0.914029,-0.056635,0.400966,-11.323178,121.036293,18.746239,0.029269,0.947666,-0.049652,0.314019,-8.804432,134.456161,16.395140,-0.011938,0.795286,0.245103,0.554348,-13.289781,115.607689,15.361406,0.235151,-0.346968,0.207505,-0.883888,-19.997259,120.009933,-0.097574,0.212645,0.388519,-0.437327,-0.782675,-3.180775,106.768715,-12.983232,0.314338,0.448117,-0.352167,-0.759185,2.923158,123.204887,-4.817649,-0.138821,0.896072,0.187712,0.377556,-9.550366,115.149323,21.368504,0.327207,0.867422,0.147545,-0.344595,2.229772,117.013702,34.061123,-0.098332,0.223944,0.508480,-0.825608,15.930086,105.372345,16.713375,0.022217,0.028515,0.456290,-0.889097,8.253229,123.103210,11.300315,0.074818,0.871835,0.077796,0.477759,-10.543617,87.421532,6.269521,0.069252,0.875119,-0.097245,0.468950,-12.635532,51.016205,-1.451390,-0.039393,0.917632,0.041424,0.393298,-22.682125,5.066967,3.526714,-0.092753,0.868199,-0.076355,0.481453,-0.788804,86.963776,21.068436,-0.012114,0.862496,-0.087718,0.498257,2.473947,50.765938,29.339304,-0.038112,0.803359,0.050589,0.592118,-0.672085,4.210234,37.067001,-0.039393,0.917632,0.041424,0.393298,-12.522636,0.765210,-5.871195,-0.038112,0.803359,0.050589,0.592118,12.625925,0.175095,32.953430
246,2.050000,-0.007661,0.879571,0.041468,0.473896,-5.672122,87.193771,13.673340,-0.065007,0.863629,0.131181,0.482401,-6.055809,94.437454,14.150849,-0.024876,0.867026,0.112138,0.484843,-9.053337,106.449249,16.207344,0.024086,0.914250,-0.056897,0.400411,-11.330793,121.049133,18.761543,0.029172,0.947793,-0.049756,0.313627,-8.806211,134.466766,16.403971,-0.012030,0.795259,0.244899,0.554476,-13.307751,115.624222,15.376817,0.238019,-0.347797,0.206465,-0.883038,-20.010191,120.021080,-0.085887,0.213983,0.389179,-0.436447,-0.782474,-3.200966,106.774994,-12.976024,0.314409,0.448022,-0.352106,-0.759239,2.910554,123.200462,-4.811973,-0.138864,0.896482,0.188658,0.376092,-9.559469,115.159058,21.377865,0.327530,0.867261,0.147390,-0.344759,2.258691,117.023941,34.035015,-0.098282,0.223023,0.508455,-0.825878,15.942780,105.369736,16.683084,0.022392,0.028368,0.456271,-0.889107,8.246957,123.104538,11.295988,0.074850,0.871976,0.077899,0.477480,-10.554488,87.422722,6.277156,0.069221,0.875471,-0.097120,0.468323,-12.647207,51.018940,-1.450833,-0.039590,0.917637,0.041402,0.393270,-22.682241,5.066994,3.525581,-0.092732,0.868306,-0.076389,0.481260,-0.789757,86.964813,21.069523,-0.012091,0.862599,-0.087716,0.498079,2.472188,50.767071,29.341114,-0.038090,0.803372,0.050645,0.592096,-0.674009,4.211274,37.068169,-0.039590,0.917637,0.041402,0.393270,-12.521603,0.766899,-5.871844,-0.038090,0.803372,0.050645,0.592096,12.623903,0.177028,32.953392
247,2.058333,-0.007649,0.879664,0.041493,0.473721,-5.681954,87.195198,13.678996,-0.064847,0.863807,0.131010,0.482150,-6.065557,94.438858,14.156990,-0.024867,0.867181,0.112224,0.484546,-9.057081,106.452583,16.212759,0.024174,0.914377,-0.056882,0.400118,-11.334658,121.051910,18.770077,0.029141,0.947890,-0.049983,0.313301,-8.809201,134.469391,16.412630,-0.011990,0.795329,0.244932,0.554361,-13.313204,115.627121,15.386089,0.234775,-0.347343,0.207918,-0.883744,-20.020130,120.024704,-0.074464,0.212596,0.388254,-0.436965,-0.783022,-3.225225,106.768890,-12.973274,0.314506,0.447892,-0.351968,-0.759340,2.898837,123.196938,-4.806765,-0.138830,0.896617,0.188690,0.375767,-9.560833,115.161774,21.384567,0.327717,0.867109,0.147070,-0.345099,2.266171,117.027962,34.033264,-0.098252,0.222851,0.508675,-0.825792,15.932423,105.365112,16.673092,0.022587,0.028200,0.456263,-0.889111,8.241822,123.106178,11.292224,0.074881,0.872048,0.077967,0.477332,-10.567259,87.424416,6.284762,0.069096,0.875203,-0.097141,0.468839,-12.660842,51.021778,-1.448363,-0.039447,0.917610,0.041501,0.393336,-22.689413,5.068583,3.529533,-0.092801,0.868446,-0.076403,0.480990,-0.796650,86.965981,21.073231,-0.012604,0.862939,-0.087303,0.497549,2.471777,50.769363,29.347176,-0.038799,0.803508,0.050504,0.591877,-0.608337,4.207936,37.066914,-0.039447,0.917610,0.041501,0.393336,-12.528427,0.769402,-5.867931,-0.038799,0.803508,0.050504,0.591877,12.691763,0.182266,32.950806
248,2.066667,-0.007623,0.879779,0.041591,0.473498,-5.686786,87.197227,13.683092,-0.064842,0.863940,0.131022,0.481910,-6.070607,94.440773,14.162609,-0.024807,0.867328,0.112197,0.484292,-9.062101,106.456505,16.219875,0.024204,0.914481,-0.057112,0.399847,-11.336981,121.056091,18.778065,0.029065,0.947979,-0.049935,0.313045,-8.809356,134.472031,16.414146,-0.011987,0.795431,0.244974,0.554197,-13.317982,115.631355,15.395439,0.237757,-0.348156,0.206712,-0.882910,-20.031265,120.028397,-0.062507,0.213942,0.388922,-0.436151,-0.782778,-3.239600,106.773056,-12.966010,0.314577,0.447705,-0.351778,-0.759509,2.889479,123.191513,-4.802197,-0.138714,0.896782,0.188629,0.375446,-9.562070,115.165901,21.391693,0.327819,0.867010,0.147027,-0.345271,2.274453,117.032158,34.031479,-0.097887,0.222559,0.508695,-0.825903,15.931445,105.367050,16.665527,0.022921,0.027904,0.456560,-0.888960,8.236219,123.107025,11.285821,0.074972,0.872120,0.077975,0.477186,-10.575842,87.427490,6.291370,0.068981,0.875047,-0.097118,0.469152,-12.676309,51.025955,-1.445083,-0.039517,0.917589,0.041470,0.393382,-22.696188,5.070829,3.532512,-0.092793,0.868587,-0.076444,0.480731,-0.797730,86.966965,21.074816,-0.011997,0.863011,-0.087692,0.497372,2.471148,50.770676,29.350069,-0.037957,0.803467,0.050761,0.591965,-0.675230,4.214281,37.073395,-0.039517,0.917589,0.041470,0.393382,-12.533739,0.771676,-5.863388,-0.037957,0.803467,0.050761,0.591965,12.620972,0.180436,32.952705
249,2.075000,-0.007534,0.879922,0.041522,0.473240,-5.696485,87.197922,13.688622,-0.064751,0.864092,0.130964,0.481665,-6.078565,94.441574,14.167985,-0.024774,0.867473,0.112113,0.484053,-9.066701,106.457436,16.225889,0.024323,0.914547,-0.057362,0.399652,-11.338820,121.057632,18.783035,0.028850,0.948036,-0.049895,0.312898,-8.806292,134.471649,16.413445,-0.011958,0.795499,0.244977,0.554099,-13.322203,115.632538,15.402376,0.234519,-0.347676,0.208232,-0.883607,-20.039289,120.029579,-0.053914,0.212574,0.387973,-0.436707,-0.783311,-3.262466,106.761871,-12.964007,0.314651,0.447624,-0.351687,-0.759568,2.878936,123.184669,-4.798982,-0.138573,0.896929,0.188557,0.375182,-9.562988,115.167702,21.396605,0.327901,0.866930,0.146833,-0.345476,2.281798,117.032959,34.028790,-0.097628,0.222393,0.508750,-0.825944,15.929045,105.363777,16.657917,0.023301,0.027594,0.456183,-0.889153,8.233280,123.102997,11.278405,0.075004,0.872247,0.078083,0.476930,-10.589907,87.428780,6.299809,0.068905,0.875499,-0.096890,0.468366,-12.690774,51.028870,-1.444172,-0.039581,0.917623,0.041464,0.393295,-22.690037,5.068585,3.527232,-0.092791,0.868724,-0.076359,0.480497,-0.803062,86.967072,21.077436,-0.012593,0.863073,-0.087342,0.497310,2.471022,50.769794,29.346302,-0.038575,0.803560,0.050640,0.591809,-0.609647,4.208979,37.069492,-0.039581,0.917623,0.041464,0.393295,-12.528780,0.769965,-5.870196,-0.038575,0.803560,0.050640,0.591809,12.688825,0.182654,32.948776
250,2.083333,-0.007421,0.880079,0.041468,0.472956,-5.707314,87.196762,13.693103,-0.064581,0.864252,0.130814,0.481442,-6.087421,94.440498,14.172678,-0.024669,0.867606,0.112033,0.483838,-9.069544,106.457748,16.230259,0.023877,0.914670,-0.057330,0.399402,-11.337133,121.058640,18.787455,0.029009,0.948094,-0.049979,0.312697,-8.817039,134.474091,16.412703,-0.011678,0.795958,0.244739,0.553550,-13.323466,115.633713,15.408251,0.234531,-0.347830,0.208222,-0.883546,-20.061951,120.029083,-0.039206,0.212670,0.387583,-0.436455,-0.783618,-3.290270,106.760422,-12.954995,0.314672,0.447431,-0.351552,-0.759735,2.870695,123.177254,-4.797616,-0.138507,0.897049,0.188443,0.374976,-9.561229,115.168526,21.400557,0.327857,0.866910,0.145957,-0.345940,2.289570,117.035141,34.026901,-0.097388,0.222058,0.508698,-0.826094,15.922215,105.356453,16.650959,0.023740,0.027047,0.457419,-0.888523,8.217900,123.094704,11.275772,0.074938,0.872421,0.078159,0.476610,-10.605534,87.428703,6.307501,0.068830,0.875575,-0.096737,0.468266,-12.702259,51.028919,-1.438229,-0.039693,0.917633,0.041456,0.393263,-22.688141,5.064851,3.525126,-0.092753,0.868780,-0.076253,0.480421,-0.809095,86.964821,21.078705,-0.012106,0.863098,-0.087791,0.497200,2.467152,50.765820,29.339153,-0.038642,0.803581,0.050393,0.591799,-0.673482,4.211307,37.076195,-0.039693,0.917633,0.041456,0.393263,-12.526555,0.767269,-5.872431,-0.038642,0.803581,0.050393,0.591799,12.624184,0.180540,32.957203
251,2.091667,-0.007421,0.880209,0.041471,0.472712,-5.712758,87.195824,13.697232,-0.064449,0.864429,0.130674,0.481179,-6.092747,94.439560,14.176950,-0.024629,0.867772,0.111931,0.483567,-9.069602,106.457611,16.233988,0.023758,0.914777,-0.057362,0.399159,-11.333886,121.059250,18.789875,0.028973,0.948158,-0.049968,0.312507,-8.817339,134.474808,16.412004,-0.011440,0.796305,0.244582,0.553125,-13.322989,115.633919,15.412951,0.234291,-0.347990,0.208370,-0.883512,-20.078064,120.029053,-0.027324,0.212621,0.387303,-0.436285,-0.783865,-3.315030,106.756546,-12.950388,0.314910,0.447002,-0.351447,-0.759938,2.859852,123.168709,-4.795878,-0.138365,0.897184,0.188238,0.374811,-9.557004,115.169418,21.402958,0.328018,0.866775,0.145741,-0.346215,2.299479,117.035988,34.023975,-0.097105,0.221868,0.508775,-0.826132,15.917319,105.350784,16.640800,0.023967,0.026855,0.457719,-0.888368,8.212574,123.089478,11.265987,0.074980,0.872505,0.078235,0.476437,-10.615066,87.427597,6.314336,0.068749,0.875630,-0.096659,0.468192,-12.713340,51.029194,-1.437408,-0.039932,0.917638,0.041391,0.393234,-22.688671,5.062634,3.524063,-0.092617,0.868745,-0.076180,0.480522,-0.810450,86.964050,21.080128,-0.012232,0.862940,-0.087812,0.497468,2.458823,50.762344,29.331467,-0.037866,0.803499,0.050836,0.591922,-0.674955,4.208478,37.075180,-0.039932,0.917638,0.041391,0.393234,-12.525703,0.766102,-5.872480,-0.037866,0.803499,0.050836,0.591922,12.620518,0.174806,32.951958
252,2.100000,-0.007456,0.880355,0.041475,0.472439,-5.716592,87.197868,13.702125,-0.064517,0.864613,0.130656,0.480844,-6.096914,94.441589,14.181776,-0.024584,0.867984,0.111855,0.483207,-9.074513,106.460632,16.238945,0.023717,0.914913,-0.057257,0.398866,-11.335458,121.062851,18.794464,0.029045,0.948222,-0.050162,0.312275,-8.822223,134.479187,16.417496,-0.011373,0.796412,0.244528,0.552996,-13.327829,115.637161,15.420045,0.234082,-0.348211,0.208541,-0.883440,-20.087910,120.031975,-0.018126,0.212499,0.387060,-0.436150,-0.784093,-3.336129,106.753708,-12.949848,0.314770,0.446858,-0.351284,-0.760156,2.850633,123.161949,-4.796024,-0.138271,0.897338,0.188252,0.374468,-9.556874,115.173271,21.406971,0.328061,0.866729,0.145473,-0.346403,2.309455,117.039726,34.018742,-0.096904,0.221701,0.508742,-0.826221,15.919399,105.350159,16.632318,0.024250,0.026661,0.457534,-0.888462,8.210497,123.086739,11.258176,0.075058,0.872591,0.078301,0.476256,-10.623460,87.428909,6.322238,0.068673,0.875720,-0.096573,0.468051,-12.725951,51.032139,-1.436052,-0.039764,0.917641,0.041444,0.393238,-22.690575,5.063045,3.523428,-0.092560,0.868881,-0.076122,0.480295,-0.809725,86.966827,21.082010,-0.012246,0.862938,-0.087883,0.497458,2.460166,50.763672,29.326742,-0.037774,0.803530,0.050917,0.591879,-0.675706,4.211018,37.076874,-0.039764,0.917641,0.041444,0.393238,-12.528893,0.765958,-5.874245,-0.037774,0.803530,0.050917,0.591879,12.619069,0.177659,32.951115
253,2.108333,-0.007440,0.880480,0.041407,0.472213,-5.724866,87.201202,13.706723,-0.064361,0.864780,0.130554,0.480593,-6.104387,94.445015,14.185709,-0.024568,0.868129,0.111876,0.482942,-9.076015,106.462074,16.242962,0.023796,0.915021,-0.057339,0.398601,-11.336075,121.064171,18.799948,0.028911,0.948318,-0.050165,0.311995,-8.821022,134.479767,16.420734,-0.011249,0.796608,0.244436,0.552756,-13.330242,115.638412,15.426699,0.234185,-0.348453,0.208513,-0.883324,-20.099651,120.032799,-0.007507,0.212541,0.386949,-0.436034,-0.784201,-3.355706,106.752350,-12.947146,0.314864,0.446638,-0.351091,-0.760336,2.838081,123.158028,-4.795125,-0.138183,0.897504,0.188114,0.374173,-9.555644,115.174660,21.411339,0.328114,0.866644,0.145278,-0.346646,2.319248,117.042885,34.014790,-0.096651,0.221468,0.508741,-0.826313,15.919016,105.350807,16.622093,0.024548,0.026457,0.457706,-0.888371,8.205884,123.086288,11.249633,0.075061,0.872715,0.078359,0.476020,-10.635526,87.431740,6.329342,0.068589,0.875719,-0.096496,0.468081,-12.738280,51.035683,-1.432221,-0.039670,0.917624,0.041511,0.393279,-22.692738,5.064076,3.524407,-0.092636,0.869094,-0.076204,0.479882,-0.814206,86.970665,21.084103,-0.012106,0.863171,-0.087778,0.497076,2.461441,50.769478,29.335230,-0.038591,0.803448,0.050352,0.591985,-0.677527,4.214749,37.071671,-0.039670,0.917624,0.041511,0.393279,-12.530856,0.767644,-5.873351,-0.038591,0.803448,0.050352,0.591985,12.621453,0.182236,32.958637
254,2.116667,-0.007409,0.880643,0.041535,0.471897,-5.727781,87.204140,13.711582,-0.064326,0.864985,0.130509,0.480239,-6.107620,94.447800,14.192549,-0.024590,0.868337,0.111876,0.482567,-9.076861,106.464218,16.250301,0.023756,0.915155,-0.057284,0.398304,-11.336395,121.066284,18.807932,0.028930,0.948385,-0.050366,0.311758,-8.824089,134.482330,16.428389,-0.011131,0.796798,0.244311,0.552541,-13.332807,115.640022,15.436843,0.234262,-0.348776,0.208480,-0.883184,-20.110590,120.033356,0.006016,0.212535,0.386728,-0.435857,-0.784410,-3.377207,106.750702,-12.945021,0.314846,0.446440,-0.351011,-0.760497,2.829452,123.153427,-4.794636,-0.138009,0.897670,0.188062,0.373865,-9.553095,115.177200,21.418325,0.328267,0.866500,0.145571,-0.346738,2.331501,117.043472,34.012913,-0.096517,0.221561,0.508895,-0.826209,15.923082,105.352867,16.612825,0.024753,0.026628,0.456128,-0.889171,8.218280,123.089531,11.236341,0.075122,0.872829,0.078401,0.475794,-10.643730,87.435974,6.337768,0.068503,0.875642,-0.096449,0.468247,-12.750862,51.041092,-1.428110,-0.039735,0.917597,0.041441,0.393345,-22.697151,5.067501,3.526581,-0.092477,0.868992,-0.076123,0.480111,-0.811832,86.972305,21.085396,-0.012309,0.862973,-0.087853,0.497402,2.454395,50.768005,29.326586,-0.037841,0.803515,0.050790,0.591905,-0.674375,4.214981,37.077408,-0.039735,0.917597,0.041441,0.393345,-12.533581,0.770063,-5.868890,-0.037841,0.803515,0.050790,0.591905,12.620531,0.179862,32.953785
255,2.125000,-0.007374,0.880770,0.041497,0.471666,-5.732517,87.203545,13.713389,-0.064197,0.865126,0.130556,0.479991,-6.111514,94.447258,14.194210,-0.024589,0.868475,0.111824,0.482330,-9.078275,106.465126,16.255630,0.024094,0.915237,-0.057333,0.398087,-11.336352,121.067535,18.812565,0.028683,0.948479,-0.050465,0.311476,-8.815964,134.482361,16.434626,-0.011045,0.796932,0.244340,0.552336,-13.334616,115.640831,15.443272,0.234337,-0.349144,0.208529,-0.883007,-20.120373,120.035339,0.016282,0.212527,0.386510,-0.435682,-0.784617,-3.400850,106.746765,-12.946576,0.314863,0.446143,-0.350900,-0.760715,2.818155,123.145653,-4.798192,-0.137887,0.897812,0.187939,0.373631,-9.551666,115.178787,21.422766,0.328311,0.866429,0.145400,-0.346946,2.340191,117.045067,34.010498,-0.096176,0.221450,0.508894,-0.826279,15.923127,105.352272,16.605127,0.025126,0.026433,0.456181,-0.889140,8.216511,123.086403,11.224898,0.075189,0.872910,0.078459,0.475625,-10.652349,87.435417,6.342166,0.068388,0.875682,-0.096395,0.468202,-12.763230,51.041950,-1.429346,-0.039892,0.917604,0.041443,0.393311,-22.697445,5.065897,3.526695,-0.092472,0.869202,-0.076214,0.479717,-0.812685,86.971672,21.084612,-0.012255,0.863212,-0.087854,0.496987,2.453652,50.768341,29.329994,-0.037819,0.803562,0.050822,0.591840,-0.675932,4.215219,37.079887,-0.039892,0.917604,0.041443,0.393311,-12.533140,0.770276,-5.868810,-0.037819,0.803562,0.050822,0.591840,12.618321,0.180463,32.953804
256,2.133333,-0.007309,0.880905,0.041480,0.471416,-5.736309,87.201202,13.715670,-0.064149,0.865314,0.130439,0.479690,-6.114225,94.444946,14.196823,-0.024438,0.868679,0.111724,0.481993,-9.077697,106.463097,16.257280,0.024142,0.915266,-0.057751,0.397958,-11.329393,121.066406,18.814745,0.028458,0.948440,-0.050278,0.311648,-8.803831,134.478424,16.426506,-0.010975,0.797192,0.244246,0.552003,-13.331994,115.639984,15.447561,0.234406,-0.349435,0.208549,-0.882868,-20.130590,120.031693,0.025429,0.212510,0.386228,-0.435582,-0.784816,-3.421642,106.739059,-12.946898,0.314844,0.445868,-0.350847,-0.760908,2.809214,123.135841,-4.802938,-0.137874,0.897909,0.187895,0.373424,-9.544320,115.177361,21.424019,0.328542,0.866251,0.145239,-0.347238,2.353028,117.045616,34.006268,-0.095567,0.220859,0.508940,-0.826480,15.918237,105.345062,16.592300,0.025621,0.025948,0.457507,-0.888458,8.202732,123.077690,11.217456,0.075226,0.873022,0.078481,0.475410,-10.660333,87.433746,6.347267,0.068281,0.875784,-0.096275,0.468050,-12.774764,51.040966,-1.426499,-0.039895,0.917619,0.041524,0.393268,-22.694048,5.061331,3.526201,-0.092335,0.869144,-0.076091,0.479867,-0.812286,86.968658,21.084074,-0.012432,0.862999,-0.087922,0.497341,2.448335,50.762058,29.317341,-0.038717,0.803539,0.050487,0.591842,-0.673153,4.210475,37.079697,-0.039895,0.917619,0.041524,0.393268,-12.530324,0.767774,-5.870880,-0.038717,0.803539,0.050487,0.591842,12.625930,0.183056,32.962017
257,2.141667,-0.007086,0.881056,0.041453,0.471139,-5.743821,87.199081,13.716182,-0.064018,0.865475,0.130464,0.479409,-6.118542,94.442909,14.198637,-0.024382,0.868843,0.111673,0.481712,-9.078671,106.460747,16.262077,0.023861,0.915501,-0.057001,0.397541,-11.327364,121.064468,18.819763,0.028517,0.948636,-0.050723,0.310973,-8.818474,134.482056,16.445177,-0.010767,0.797412,0.244154,0.551731,-13.332664,115.637955,15.454361,0.234274,-0.349726,0.208636,-0.882768,-20.141909,120.031250,0.037375,0.212428,0.385877,-0.435474,-0.785071,-3.444950,106.734703,-12.946383,0.314867,0.445611,-0.350747,-0.761095,2.799865,123.127960,-4.807232,-0.137879,0.898061,0.187784,0.373113,-9.541115,115.175499,21.428373,0.328598,0.866168,0.144772,-0.347589,2.364267,117.048141,34.002369,-0.095489,0.221167,0.509031,-0.826350,15.915474,105.341003,16.581921,0.025765,0.025942,0.456528,-0.888958,8.209546,123.073685,11.197025,0.075193,0.873118,0.078516,0.475234,-10.672527,87.434654,6.351007,0.068201,0.875861,-0.096156,0.467942,-12.785143,51.041908,-1.423391,-0.039906,0.917632,0.041527,0.393236,-22.692057,5.059078,3.524422,-0.092366,0.869268,-0.076178,0.479623,-0.815114,86.963501,21.081356,-0.012417,0.863111,-0.087905,0.497151,2.446684,50.758308,29.320341,-0.038628,0.803649,0.050643,0.591686,-0.673503,4.206419,37.081406,-0.039906,0.917632,0.041527,0.393236,-12.528883,0.765685,-5.873328,-0.038628,0.803649,0.050643,0.591686,12.624126,0.181042,32.957043
258,2.150000,-0.006902,0.881213,0.041438,0.470849,-5.750099,87.197884,13.716375,-0.063920,0.865647,0.130486,0.479107,-6.122198,94.441765,14.200030,-0.024303,0.869025,0.111599,0.481405,-9.079967,106.460701,16.266352,0.023650,0.915649,-0.056827,0.397238,-11.324636,121.065048,18.824083,0.028568,0.948720,-0.050956,0.310672,-8.824040,134.484283,16.450222,-0.010727,0.797606,0.244106,0.551472,-13.333176,115.638458,15.460716,0.234405,-0.350090,0.208590,-0.882599,-20.152382,120.029686,0.047547,0.212399,0.385602,-0.435332,-0.785292,-3.467199,106.730362,-12.948492,0.314860,0.445266,-0.350780,-0.761285,2.790663,123.120567,-4.812603,-0.137850,0.898205,0.187748,0.372795,-9.537378,115.176079,21.432039,0.328745,0.866014,0.144686,-0.347869,2.376554,117.051064,33.997581,-0.094965,0.220456,0.509053,-0.826587,15.913185,105.340614,16.568033,0.026323,0.025390,0.457593,-0.888409,8.195729,123.071083,11.194099,0.075190,0.873234,0.078540,0.475017,-10.683702,87.435982,6.354561,0.068107,0.875966,-0.096054,0.467780,-12.797139,51.043488,-1.420781,-0.039845,0.917642,0.041590,0.393212,-22.690973,5.057597,3.524716,-0.092342,0.869344,-0.076212,0.479486,-0.816495,86.959778,21.078190,-0.013016,0.863193,-0.087561,0.497054,2.443809,50.754631,29.317999,-0.038808,0.803740,0.050722,0.591544,-0.610377,4.198459,37.079639,-0.039845,0.917642,0.041590,0.393212,-12.528646,0.765100,-5.874355,-0.038808,0.803740,0.050722,0.591544,12.687481,0.177820,32.951389
259,2.158333,-0.006823,0.881323,0.041442,0.470644,-5.751898,87.199959,13.717175,-0.063863,0.865808,0.130457,0.478831,-6.122902,94.443855,14.201511,-0.024294,0.869191,0.111641,0.481095,-9.078491,106.463287,16.268883,0.023766,0.915724,-0.056962,0.397040,-11.322619,121.067368,18.828600,0.028340,0.948759,-0.051010,0.310565,-8.818477,134.485443,16.451859,-0.010586,0.797838,0.244027,0.551175,-13.333054,115.640701,15.466492,0.237721,-0.351119,0.207149,-0.881642,-20.163780,120.031700,0.058363,0.213763,0.386208,-0.434525,-0.785071,-3.484704,106.735611,-12.948802,0.314873,0.444930,-0.350817,-0.761459,2.779762,123.116394,-4.817345,-0.137907,0.898381,0.188019,0.372211,-9.533025,115.178474,21.435135,0.328844,0.865909,0.144474,-0.348123,2.395508,117.056396,33.986378,-0.094713,0.220035,0.509012,-0.826754,15.920038,105.341507,16.550425,0.026631,0.025111,0.457464,-0.888474,8.193021,123.071114,11.183400,0.075253,0.873379,0.078455,0.474753,-10.688940,87.439171,6.357702,0.068038,0.876055,-0.095902,0.467654,-12.811918,51.046383,-1.413700,-0.039954,0.917609,0.041671,0.393269,-22.692698,5.056831,3.523858,-0.092246,0.869371,-0.076252,0.479447,-0.814855,86.960754,21.076647,-0.013087,0.863074,-0.087534,0.497263,2.438238,50.754749,29.315525,-0.038657,0.803681,0.050910,0.591617,-0.610804,4.198310,37.077591,-0.039954,0.917609,0.041671,0.393269,-12.528002,0.767643,-5.874164,-0.038657,0.803681,0.050910,0.591617,12.687606,0.179391,32.949440
260,2.166667,-0.007009,0.881440,0.041431,0.470423,-5.748889,87.204918,13.719053,-0.063801,0.865994,0.130369,0.478527,-6.122073,94.448792,14.202065,-0.024422,0.869342,0.111975,0.480739,-9.075804,106.474068,16.270239,0.023727,0.915855,-0.057172,0.396710,-11.326985,121.075714,18.837605,0.028419,0.948843,-0.051112,0.310286,-8.822855,134.492554,16.453884,-0.010607,0.798023,0.243970,0.550931,-13.336616,115.649185,15.474798,0.237853,-0.351441,0.207187,-0.881470,-20.176687,120.036377,0.069724,0.213774,0.385810,-0.434449,-0.785306,-3.509676,106.734276,-12.946780,0.314856,0.444572,-0.350822,-0.761673,2.769169,123.113396,-4.823502,-0.137707,0.898582,0.188038,0.371792,-9.531808,115.186867,21.440388,0.328891,0.865823,0.144298,-0.348367,2.409524,117.061981,33.979877,-0.094513,0.219804,0.508957,-0.826871,15.924043,105.345177,16.537432,0.026829,0.024992,0.457281,-0.888566,8.190697,123.072777,11.172718,0.075334,0.873578,0.078393,0.474385,-10.689573,87.440956,6.361922,0.067990,0.876126,-0.095813,0.467547,-12.823243,51.048363,-1.407432,-0.039966,0.917596,0.041755,0.393290,-22.695631,5.056587,3.526188,-0.092031,0.869397,-0.076263,0.479441,-0.808205,86.968887,21.076185,-0.012703,0.862857,-0.087924,0.497580,2.430746,50.760048,29.308180,-0.039258,0.803578,0.050373,0.591764,-0.670868,4.209152,37.082630,-0.039966,0.917596,0.041755,0.393290,-12.530148,0.769693,-5.872033,-0.039258,0.803578,0.050373,0.591764,12.630744,0.188137,32.966866
261,2.175000,-0.006971,0.881587,0.041338,0.470156,-5.750174,87.206123,13.721913,-0.063778,0.866194,0.130407,0.478158,-6.122098,94.450119,14.204105,-0.024397,0.869560,0.112045,0.480329,-9.074628,106.474213,16.274437,0.023650,0.916006,-0.057153,0.396368,-11.324963,121.075417,18.845016,0.028358,0.948928,-0.051266,0.310007,-8.824298,134.492584,16.459524,-0.010526,0.798201,0.243901,0.550705,-13.337144,115.648941,15.483661,0.238086,-0.351808,0.207001,-0.881304,-20.185932,120.035065,0.082162,0.213678,0.385468,-0.434463,-0.785492,-3.528009,106.734398,-12.947418,0.314479,0.444515,-0.350832,-0.761857,2.761178,123.114418,-4.829458,-0.138001,0.898695,0.188164,0.371345,-9.526745,115.186562,21.445677,0.328966,0.865764,0.144079,-0.348533,2.423338,117.072701,33.975170,-0.094203,0.220004,0.509135,-0.826744,15.929580,105.350998,16.529617,0.027398,0.024560,0.455800,-0.889321,8.206841,123.080421,11.153542,0.075453,0.873607,0.078476,0.474298,-10.695326,87.441757,6.367773,0.067847,0.875979,-0.095833,0.467839,-12.834507,51.051460,-1.410841,-0.039910,0.917580,0.041746,0.393334,-22.697628,5.058211,3.527596,-0.091934,0.869492,-0.076316,0.479278,-0.805020,86.970497,21.076054,-0.012737,0.862756,-0.087887,0.497760,2.427319,50.760937,29.307470,-0.038594,0.803599,0.050778,0.591744,-0.671400,4.209504,37.079849,-0.039910,0.917580,0.041746,0.393334,-12.531787,0.770476,-5.869847,-0.038594,0.803599,0.050778,0.591744,12.627207,0.186580,32.956253
262,2.183333,-0.006974,0.881710,0.041327,0.469927,-5.746273,87.207382,13.722958,-0.063902,0.866319,0.130602,0.477861,-6.118038,94.451385,14.205086,-0.024297,0.869749,0.111912,0.480023,-9.074652,106.473007,16.278919,0.023813,0.916048,-0.057427,0.396220,-11.319581,121.075249,18.848337,0.028009,0.948934,-0.051265,0.310018,-8.812510,134.490234,16.457253,-0.010408,0.798415,0.243831,0.550429,-13.335526,115.648613,15.489491,0.238141,-0.352140,0.207060,-0.881143,-20.195013,120.034279,0.092623,0.213599,0.385201,-0.434492,-0.785629,-3.549957,106.727753,-12.947435,0.314500,0.444153,-0.350804,-0.762073,2.745876,123.106560,-4.835001,-0.137246,0.899081,0.187739,0.370906,-9.520890,115.186462,21.448814,0.328772,0.865672,0.143973,-0.348988,2.447758,117.059196,33.962589,-0.094077,0.219365,0.509031,-0.826992,15.944526,105.348824,16.502094,0.027747,0.024054,0.455842,-0.889303,8.205584,123.077896,11.141634,0.075473,0.873796,0.078386,0.473962,-10.695235,87.442688,6.371368,0.067822,0.876279,-0.095630,0.467322,-12.841924,51.051575,-1.401322,-0.040065,0.917602,0.041786,0.393262,-22.691263,5.054337,3.527413,-0.091848,0.869594,-0.076449,0.479089,-0.797311,86.972076,21.074547,-0.012709,0.862723,-0.087828,0.497829,2.426440,50.762852,29.310799,-0.038570,0.803534,0.050783,0.591833,-0.672412,4.210374,37.076874,-0.040065,0.917602,0.041786,0.393262,-12.525360,0.769341,-5.871218,-0.038570,0.803534,0.050783,0.591833,12.626943,0.187154,32.955967
263,2.191667,-0.007240,0.881763,0.041391,0.469818,-5.736195,87.197617,13.721866,-0.064035,0.866419,0.130910,0.477578,-6.111734,94.441483,14.203042,-0.024113,0.869963,0.111507,0.479738,-9.074895,106.463661,16.283283,0.023195,0.916175,-0.057345,0.395975,-11.308371,121.068893,18.845701,0.028106,0.948960,-0.051255,0.309933,-8.818546,134.486053,16.448858,-0.010238,0.798684,0.243820,0.550046,-13.330311,115.641594,15.491522,0.238326,-0.352484,0.206918,-0.880989,-20.204601,120.028397,0.101580,0.213499,0.384961,-0.434536,-0.785749,-3.568731,106.722382,-12.950702,0.314430,0.443824,-0.350883,-0.762257,2.732603,123.100677,-4.842626,-0.137619,0.899063,0.188057,0.370649,-9.511665,115.180458,21.448353,0.328908,0.865547,0.143697,-0.349284,2.460068,117.062355,33.957802,-0.093747,0.219185,0.509036,-0.827074,15.942041,105.345497,16.490234,0.027917,0.023700,0.455738,-0.889361,8.200352,123.072289,11.128447,0.075697,0.873958,0.078329,0.473638,-10.686914,87.429222,6.371342,0.067702,0.876312,-0.095567,0.467292,-12.853047,51.039959,-1.404646,-0.040302,0.917585,0.042044,0.393249,-22.689583,5.040044,3.524678,-0.091666,0.869695,-0.076575,0.478921,-0.785476,86.966011,21.072388,-0.013321,0.862877,-0.087487,0.497606,2.423625,50.755726,29.309732,-0.038794,0.803693,0.050851,0.591596,-0.607164,4.199097,37.077770,-0.040302,0.917585,0.042044,0.393249,-12.521044,0.764259,-5.875292,-0.038794,0.803693,0.050851,0.591596,12.691734,0.181118,32.950287
264,2.200000,-0.007207,0.881907,0.041349,0.469552,-5.734984,87.198135,13.722330,-0.064103,0.866571,0.131018,0.477264,-6.109675,94.442062,14.203316,-0.024209,0.870122,0.111703,0.479400,-9.076805,106.471313,16.287487,0.023324,0.916281,-0.057569,0.395690,-11.314602,121.075096,18.854420,0.028048,0.949034,-0.051437,0.309681,-8.820301,134.490479,16.452274,-0.010294,0.798772,0.243783,0.549934,-13.336687,115.647598,15.500641,0.238506,-0.352822,0.206959,-0.880795,-20.215206,120.031166,0.111665,0.213447,0.384554,-0.434581,-0.785938,-3.592089,106.718147,-12.949724,0.314216,0.443567,-0.350944,-0.762466,2.719666,123.096382,-4.850926,-0.137085,0.899416,0.187673,0.370186,-9.513505,115.186905,21.454597,0.328521,0.865652,0.143130,-0.349620,2.475299,117.061745,33.948750,-0.093651,0.219009,0.508656,-0.827365,15.958283,105.352386,16.476931,0.028187,0.023443,0.455693,-0.889382,8.198352,123.070145,11.115321,0.075773,0.874006,0.078323,0.473538,-10.690132,87.429695,6.374792,0.067606,0.876350,-0.095486,0.467251,-12.862232,51.041214,-1.403177,-0.040353,0.917596,0.042023,0.393223,-22.687071,5.038598,3.524268,-0.091556,0.869786,-0.076650,0.478764,-0.779835,86.966583,21.069870,-0.013354,0.862910,-0.087485,0.497548,2.421006,50.755646,29.307552,-0.038434,0.803662,0.051048,0.591645,-0.606459,4.199055,37.077156,-0.040353,0.917596,0.042023,0.393223,-12.518677,0.762834,-5.875866,-0.038434,0.803662,0.051048,0.591645,12.691309,0.179551,32.947514
265,2.208333,-0.007087,0.882008,0.041285,0.469370,-5.738560,87.197502,13.721068,-0.063962,0.866759,0.130985,0.476949,-6.111184,94.441536,14.202131,-0.024109,0.870330,0.111662,0.479036,-9.074601,106.473450,16.288740,0.023185,0.916397,-0.057655,0.395419,-11.308135,121.077644,18.856991,0.027943,0.949080,-0.051482,0.309541,-8.817468,134.492844,16.450102,-0.010147,0.799003,0.243671,0.549650,-13.333850,115.650307,15.505156,0.238660,-0.353138,0.206959,-0.880627,-20.223370,120.033325,0.120944,0.213387,0.384313,-0.434667,-0.786024,-3.611407,106.715569,-12.949802,0.314256,0.443185,-0.351007,-0.762643,2.704596,123.094902,-4.856771,-0.137360,0.899442,0.188031,0.369839,-9.505658,115.189316,21.455870,0.328669,0.865546,0.142925,-0.349827,2.489439,117.070541,33.943020,-0.093385,0.218913,0.508701,-0.827393,15.960300,105.354416,16.466381,0.028424,0.023233,0.455223,-0.889620,8.200817,123.070862,11.102639,0.075815,0.874026,0.078302,0.473497,-10.696777,87.430252,6.375636,0.067501,0.876245,-0.095367,0.467487,-12.872720,51.042007,-1.402385,-0.040165,0.917567,0.042159,0.393294,-22.685072,5.035904,3.517434,-0.091552,0.869838,-0.076696,0.478664,-0.780343,86.964752,21.066500,-0.013385,0.862883,-0.087501,0.497593,2.419512,50.754284,29.306625,-0.038733,0.803676,0.050888,0.591621,-0.606564,4.198036,37.078835,-0.040165,0.917567,0.042159,0.393294,-12.516525,0.761505,-5.883161,-0.038733,0.803676,0.050888,0.591621,12.692324,0.179876,32.951477
266,2.216667,-0.007076,0.882126,0.041294,0.469146,-5.736724,87.199432,13.720650,-0.063878,0.866913,0.131042,0.476665,-6.109142,94.443451,14.201993,-0.024059,0.870500,0.111635,0.478737,-9.070863,106.475769,16.291908,0.023058,0.916520,-0.057638,0.395143,-11.301815,121.080231,18.860952,0.027838,0.949159,-0.051614,0.309286,-8.815582,134.495895,16.451967,-0.010824,0.798226,0.244602,0.550353,-13.330152,115.652824,15.510803,0.238429,-0.353577,0.207367,-0.880417,-20.192257,120.041084,0.115834,0.212926,0.384538,-0.435109,-0.785795,-3.604226,106.706390,-12.968052,0.314077,0.443038,-0.351050,-0.762783,2.692358,123.095749,-4.864795,-0.137297,0.899573,0.187895,0.369613,-9.497858,115.191925,21.458889,0.328659,0.865464,0.142811,-0.350087,2.503666,117.075050,33.939587,-0.093064,0.218724,0.508633,-0.827521,15.965807,105.360588,16.455114,0.028686,0.022936,0.455008,-0.889729,8.200726,123.072746,11.090080,0.075893,0.874026,0.078364,0.473475,-10.698670,87.432251,6.377735,0.067442,0.876080,-0.095451,0.467788,-12.877626,51.045609,-1.406908,-0.040125,0.917536,0.042116,0.393375,-22.690422,5.040258,3.519070,-0.091539,0.869881,-0.076736,0.478581,-0.774778,86.966614,21.063562,-0.013358,0.862885,-0.087527,0.497585,2.423579,50.756435,29.305559,-0.038681,0.803654,0.050963,0.591648,-0.605901,4.200563,37.078648,-0.040125,0.917536,0.042116,0.393375,-12.520721,0.764346,-5.879596,-0.038681,0.803654,0.050963,0.591648,12.693251,0.183243,32.951317
267,2.225000,-0.007028,0.882248,0.041292,0.468918,-5.737264,87.201294,13.720606,-0.063897,0.867072,0.131043,0.476373,-6.108933,94.445328,14.202352,-0.024039,0.870675,0.111665,0.478412,-9.070520,106.478287,16.293167,0.023153,0.916625,-0.057720,0.394882,-11.300426,121.082565,18.864100,0.027718,0.949228,-0.051712,0.309069,-8.811975,134.497437,16.453032,-0.010701,0.798389,0.244544,0.550145,-13.330918,115.655098,15.515360,0.238565,-0.353872,0.207351,-0.880265,-20.201069,120.043854,0.124121,0.212860,0.384290,-0.435185,-0.785892,-3.623149,106.705498,-12.968823,0.314120,0.442660,-0.351149,-0.762939,2.678203,123.095581,-4.871266,-0.137237,0.899746,0.187951,0.369185,-9.494208,115.194336,21.460606,0.328471,0.865500,0.142110,-0.350460,2.518923,117.078484,33.929966,-0.093297,0.218665,0.508349,-0.827685,15.974164,105.361954,16.441582,0.028507,0.023133,0.454807,-0.889833,8.195930,123.070953,11.080419,0.075899,0.874106,0.078379,0.473324,-10.703011,87.434662,6.380281,0.067367,0.876003,-0.095453,0.467942,-12.883154,51.048260,-1.405169,-0.040659,0.917555,0.041763,0.393313,-22.690752,5.041996,3.522547,-0.091513,0.869943,-0.076770,0.478467,-0.771517,86.967918,21.060932,-0.013359,0.862827,-0.087542,0.497682,2.425047,50.757790,29.303801,-0.039073,0.803611,0.050799,0.591695,-0.605931,4.202169,37.077808,-0.040659,0.917555,0.041763,0.393313,-12.518549,0.763159,-5.872075,-0.039073,0.803611,0.050799,0.591695,12.695696,0.187651,32.955750
268,2.233333,-0.006841,0.882398,0.041191,0.468647,-5.736729,87.199493,13.719608,-0.063964,0.867213,0.131299,0.476036,-6.105161,94.443687,14.201442,-0.023908,0.870902,0.111269,0.478098,-9.069351,106.470467,16.297283,0.023211,0.916627,-0.058354,0.394779,-11.289265,121.077583,18.860737,0.027438,0.949180,-0.051356,0.309302,-8.793015,134.488220,16.434237,-0.010486,0.798655,0.244501,0.549782,-13.325323,115.649124,15.516992,0.238433,-0.354106,0.207371,-0.880202,-20.209560,120.039833,0.132610,0.212646,0.383956,-0.435386,-0.786002,-3.640322,106.700813,-12.970649,0.314043,0.442478,-0.351187,-0.763058,2.664256,123.093178,-4.879558,-0.137005,0.899985,0.187617,0.368858,-9.484262,115.189995,21.459551,0.328361,0.865428,0.141983,-0.350791,2.539466,117.074455,33.918648,-0.093122,0.218305,0.508223,-0.827877,15.986696,105.363976,16.420034,0.028743,0.022913,0.454773,-0.889848,8.196868,123.070183,11.064984,0.075922,0.874177,0.078396,0.473186,-10.707023,87.434731,6.382421,0.067287,0.876052,-0.095402,0.467872,-12.889253,51.048790,-1.404619,-0.040676,0.917584,0.041774,0.393244,-22.687664,5.040598,3.523368,-0.091479,0.869928,-0.076745,0.478505,-0.766435,86.964256,21.056795,-0.013392,0.862705,-0.087606,0.497882,2.428468,50.753368,29.296959,-0.038733,0.803587,0.051117,0.591722,-0.604658,4.198882,37.076950,-0.040676,0.917584,0.041774,0.393244,-12.516671,0.762210,-5.872765,-0.038733,0.803587,0.051117,0.591722,12.696342,0.185883,32.951393
269,2.241667,-0.006728,0.882519,0.041156,0.468425,-5.737787,87.197563,13.719833,-0.063939,0.867380,0.131350,0.475721,-6.104408,94.441818,14.202085,-0.023796,0.871110,0.111136,0.477756,-9.068595,106.471237,16.300920,0.022835,0.916897,-0.057371,0.394320,-11.282683,121.079407,18.863449,0.027561,0.949375,-0.051991,0.308584,-8.808107,134.497360,16.455231,-0.010366,0.798889,0.244395,0.549491,-13.322851,115.650848,15.522376,0.238289,-0.354352,0.207438,-0.880127,-20.218309,120.040298,0.142655,0.212464,0.383437,-0.435497,-0.786243,-3.659168,106.698753,-12.970797,0.313853,0.442351,-0.351322,-0.763147,2.657694,123.093208,-4.888948,-0.136752,0.900186,0.187453,0.368545,-9.477074,115.191841,21.461897,0.328573,0.865244,0.141720,-0.351153,2.557123,117.073479,33.911316,-0.092958,0.218144,0.508449,-0.827799,15.984724,105.354813,16.403120,0.029034,0.022756,0.454748,-0.889856,8.200201,123.067352,11.050862,0.075895,0.874258,0.078479,0.473026,-10.711810,87.434097,6.385212,0.067234,0.876162,-0.095349,0.467683,-12.890779,51.048840,-1.405890,-0.040584,0.917621,0.041798,0.393163,-22.681469,5.039015,3.522254,-0.091517,0.870104,-0.076823,0.478166,-0.763765,86.961021,21.054453,-0.013331,0.862878,-0.087623,0.497580,2.433941,50.751530,29.299725,-0.038361,0.803718,0.051256,0.591556,-0.602182,4.197180,37.079357,-0.040584,0.917621,0.041798,0.393163,-12.512856,0.760154,-5.876246,-0.038361,0.803718,0.051256,0.591556,12.695159,0.181139,32.944954
270,2.250000,-0.006593,0.882668,0.041044,0.468156,-5.741056,87.195724,13.718960,-0.063870,0.867627,0.131307,0.475291,-6.105038,94.440140,14.200804,-0.023719,0.871391,0.111043,0.477268,-9.066501,106.471344,16.301249,0.023108,0.916909,-0.058367,0.394128,-11.275826,121.080246,18.863733,0.027223,0.949326,-0.051538,0.308843,-8.784619,134.491074,16.433100,-0.010415,0.799278,0.243803,0.549187,-13.320464,115.651360,15.525916,0.238404,-0.354577,0.207130,-0.880077,-20.227497,120.025406,0.147004,0.212261,0.383273,-0.435621,-0.786309,-3.669928,106.693199,-12.977926,0.313686,0.442077,-0.351373,-0.763352,2.647804,123.088692,-4.897402,-0.136686,0.900311,0.187358,0.368313,-9.468031,115.192886,21.461163,0.328681,0.865133,0.141550,-0.351395,2.572758,117.075790,33.904011,-0.092596,0.217942,0.508485,-0.827871,15.988324,105.353020,16.389345,0.029400,0.022518,0.454935,-0.889755,8.201636,123.064575,11.035852,0.075915,0.874314,0.078573,0.472904,-10.719574,87.433228,6.387423,0.067097,0.875902,-0.095375,0.468185,-12.897587,51.049278,-1.410098,-0.040640,0.917652,0.041675,0.393099,-22.680927,5.038172,3.520649,-0.091477,0.870073,-0.076721,0.478246,-0.762539,86.958221,21.050497,-0.013402,0.862732,-0.087733,0.497813,2.435593,50.747036,29.288124,-0.039062,0.803664,0.050884,0.591615,-0.602010,4.194686,37.079124,-0.040640,0.917652,0.041675,0.393099,-12.513484,0.756786,-5.877963,-0.039062,0.803664,0.050884,0.591615,12.699148,0.181891,32.953869
271,2.258333,-0.006588,0.882817,0.041011,0.467878,-5.738436,87.196823,13.719381,-0.063722,0.867797,0.131224,0.475024,-6.101975,94.441284,14.200953,-0.023916,0.871523,0.110980,0.477032,-9.059011,106.475151,16.302605,0.023091,0.917016,-0.058332,0.393886,-11.271877,121.084190,18.861238,0.027175,0.949421,-0.051629,0.308538,-8.782405,134.495285,16.430296,-0.010245,0.799543,0.243726,0.548838,-13.316369,115.653503,15.526262,0.238529,-0.354869,0.207110,-0.879930,-20.236887,120.027748,0.153470,0.212216,0.382966,-0.435623,-0.786470,-3.689286,106.692230,-12.980654,0.313636,0.441784,-0.351415,-0.763523,2.637354,123.086929,-4.906552,-0.136575,0.900439,0.187459,0.367989,-9.460871,115.198303,21.459766,0.328736,0.865038,0.141277,-0.351687,2.589266,117.079147,33.893871,-0.092161,0.217739,0.508699,-0.827842,15.992759,105.352806,16.372356,0.030195,0.021844,0.455058,-0.889682,8.211079,123.066727,11.017649,0.075875,0.874542,0.078659,0.472474,-10.721567,87.433914,6.390967,0.067106,0.875956,-0.095341,0.468089,-12.897721,51.050533,-1.409672,-0.040492,0.917642,0.041744,0.393131,-22.679770,5.038932,3.519046,-0.091388,0.870127,-0.076715,0.478166,-0.755304,86.959740,21.047794,-0.013429,0.862693,-0.087790,0.497869,2.438043,50.747265,29.281610,-0.038201,0.803734,0.051257,0.591545,-0.600600,4.195934,37.078323,-0.040492,0.917642,0.041744,0.393131,-12.512812,0.757630,-5.880128,-0.038201,0.803734,0.051257,0.591545,12.695488,0.177262,32.942467
272,2.266667,-0.006494,0.882920,0.041008,0.467685,-5.740968,87.198227,13.717119,-0.063797,0.867953,0.131272,0.474716,-6.103175,94.442711,14.199376,-0.023659,0.871740,0.110953,0.476654,-9.062786,106.480598,16.303005,0.023156,0.917133,-0.058542,0.393579,-11.267443,121.090172,18.865601,0.027028,0.949484,-0.051680,0.308350,-8.775358,134.499741,16.428926,-0.010223,0.799643,0.243685,0.548712,-13.317185,115.660767,15.531796,0.238565,-0.355159,0.207181,-0.879787,-20.242554,120.033737,0.160824,0.212128,0.382645,-0.435666,-0.786626,-3.706729,106.692467,-12.982292,0.313498,0.441551,-0.351339,-0.763750,2.627871,123.086975,-4.914618,-0.136527,0.900666,0.187646,0.367355,-9.456397,115.203239,21.461685,0.328866,0.864950,0.141250,-0.351792,2.610440,117.085411,33.879383,-0.091750,0.217249,0.508616,-0.828067,16.005941,105.355156,16.354366,0.030675,0.021700,0.455232,-0.889580,8.211624,123.067070,11.004797,0.075931,0.874540,0.078666,0.472468,-10.727322,87.436615,6.390938,0.067000,0.875917,-0.095362,0.468174,-12.906952,51.053940,-1.412075,-0.040611,0.917654,0.041610,0.393103,-22.681698,5.041376,3.522138,-0.091436,0.870208,-0.076703,0.478011,-0.754614,86.959839,21.043301,-0.013409,0.862715,-0.087872,0.497818,2.443745,50.747871,29.277430,-0.038470,0.803743,0.051108,0.591528,-0.599944,4.197839,37.079926,-0.040611,0.917654,0.041610,0.393103,-12.514621,0.758015,-5.875968,-0.038470,0.803743,0.051108,0.591528,12.697193,0.180272,32.946354
273,2.275000,-0.006513,0.883052,0.041075,0.467429,-5.735355,87.200508,13.715449,-0.063896,0.868080,0.131392,0.474437,-6.098120,94.444901,14.198537,-0.023612,0.871902,0.110913,0.476370,-9.061649,106.485901,16.305218,0.023212,0.917216,-0.058751,0.393349,-11.263696,121.095810,18.868177,0.026879,0.949539,-0.051717,0.308186,-8.768907,134.503876,16.425989,-0.010174,0.799765,0.243638,0.548555,-13.315972,115.666267,15.536125,0.238636,-0.355485,0.207219,-0.879627,-20.247349,120.038353,0.167614,0.212065,0.382412,-0.435649,-0.786765,-3.723866,106.691948,-12.985799,0.313595,0.441064,-0.351269,-0.764023,2.617851,123.084557,-4.922379,-0.136474,0.900871,0.187859,0.366763,-9.451317,115.208946,21.463507,0.329073,0.864816,0.141543,-0.351810,2.631156,117.091576,33.865913,-0.091322,0.216753,0.508588,-0.828261,16.019232,105.359863,16.336203,0.030971,0.021487,0.455130,-0.889627,8.215400,123.068657,10.992792,0.075931,0.874760,0.078738,0.472049,-10.725936,87.438950,6.392152,0.066988,0.875962,-0.095395,0.468084,-12.906715,51.057125,-1.414482,-0.040571,0.917609,0.041662,0.393208,-22.681396,5.045000,3.523936,-0.091388,0.870236,-0.076729,0.477965,-0.744774,86.962059,21.038746,-0.013378,0.862664,-0.087945,0.497893,2.450032,50.749756,29.272717,-0.039361,0.803638,0.050678,0.591649,-0.600287,4.200876,37.079449,-0.040571,0.917609,0.041662,0.393208,-12.512416,0.762548,-5.872519,-0.039361,0.803638,0.050678,0.591649,12.702356,0.188417,32.958679
274,2.283333,-0.006497,0.883174,0.041066,0.467200,-5.733568,87.203110,13.715313,-0.063906,0.868203,0.131413,0.474205,-6.095947,94.447517,14.198491,-0.023546,0.872040,0.110851,0.476135,-9.059977,106.490898,16.306730,0.022756,0.917309,-0.059225,0.393090,-11.258723,121.101318,18.869642,0.027050,0.949574,-0.051548,0.308091,-8.771339,134.507523,16.409737,-0.010041,0.799936,0.243448,0.548393,-13.313542,115.671753,15.539195,0.238650,-0.355715,0.207249,-0.879523,-20.251230,120.042458,0.173137,0.211946,0.382072,-0.435685,-0.786942,-3.736562,106.692795,-12.988040,0.313400,0.440859,-0.351370,-0.764175,2.614617,123.086655,-4.929794,-0.136359,0.901017,0.187874,0.366439,-9.445667,115.214447,21.464478,0.329139,0.864740,0.141346,-0.352014,2.646198,117.096069,33.857883,-0.091064,0.216538,0.508635,-0.828317,16.024920,105.360748,16.323456,0.031337,0.021125,0.455005,-0.889687,8.219312,123.069130,10.981655,0.075938,0.874784,0.078743,0.472002,-10.727960,87.441544,6.394611,0.066960,0.875976,-0.095367,0.468069,-12.909383,51.059853,-1.412455,-0.040487,0.917616,0.041653,0.393201,-22.680422,5.046865,3.525122,-0.091428,0.870295,-0.076612,0.477868,-0.739177,86.964676,21.036015,-0.013300,0.862735,-0.088071,0.497750,2.463303,50.751568,29.263496,-0.039696,0.803611,0.050263,0.591699,-0.598087,4.204580,37.077198,-0.040487,0.917616,0.041653,0.393201,-12.512359,0.763239,-5.871799,-0.039696,0.803611,0.050263,0.591699,12.705475,0.188360,32.963043
275,2.291667,-0.006522,0.883341,0.041052,0.466885,-5.727564,87.205841,13.713426,-0.063958,0.868338,0.131488,0.473930,-6.089988,94.450256,14.196384,-0.023500,0.872187,0.110826,0.475873,-9.055296,106.492737,16.306482,0.022835,0.917423,-0.059318,0.392804,-11.251713,121.103378,18.870077,0.026898,0.949683,-0.051611,0.307758,-8.762516,134.508759,16.407555,-0.009979,0.800103,0.243448,0.548150,-13.308835,115.673782,15.541114,0.238750,-0.356035,0.207257,-0.879365,-20.255852,120.044113,0.179167,0.211978,0.381709,-0.435609,-0.787152,-3.752722,106.690155,-12.992125,0.313562,0.440351,-0.351117,-0.764517,2.611832,123.082924,-4.941665,-0.136343,0.901117,0.187888,0.366194,-9.437401,115.216530,21.464075,0.329261,0.864637,0.141202,-0.352211,2.660857,117.099571,33.851028,-0.090784,0.216415,0.508659,-0.828365,16.028646,105.359520,16.311424,0.031553,0.020999,0.455027,-0.889671,8.221919,123.066734,10.967687,0.075963,0.874943,0.078784,0.471697,-10.727167,87.443527,6.396259,0.066907,0.875932,-0.095372,0.468156,-12.911485,51.062603,-1.413586,-0.040582,0.917644,0.041495,0.393141,-22.678862,5.049032,3.525841,-0.091333,0.870364,-0.076645,0.477755,-0.727962,86.968155,21.030592,-0.013313,0.862706,-0.088153,0.497784,2.468311,50.754131,29.256470,-0.038863,0.803679,0.050610,0.591631,-0.596152,4.208538,37.077286,-0.040582,0.917644,0.041495,0.393141,-12.511626,0.762437,-5.870615,-0.038863,0.803679,0.050610,0.591631,12.702444,0.186294,32.952988
276,2.300000,-0.006402,0.883483,0.040928,0.466628,-5.729228,87.206078,13.712189,-0.063833,0.868493,0.131479,0.473665,-6.089128,94.450668,14.194478,-0.023457,0.872341,0.110724,0.475617,-9.050765,106.492722,16.306643,0.022934,0.917533,-0.059308,0.392543,-11.243875,121.104111,18.868864,0.026706,0.949785,-0.051700,0.307444,-8.753373,134.509308,16.406591,-0.009775,0.800411,0.243238,0.547798,-13.303648,115.674141,15.542133,0.238812,-0.356242,0.207242,-0.879268,-20.264223,120.043053,0.185925,0.211924,0.381247,-0.435700,-0.787340,-3.768142,106.687202,-12.992266,0.313477,0.440064,-0.351112,-0.764720,2.606988,123.081230,-4.952941,-0.136312,0.901243,0.188060,0.365806,-9.428723,115.217506,21.462858,0.329347,0.864533,0.140978,-0.352475,2.679729,117.100502,33.839848,-0.090561,0.216084,0.508678,-0.828464,16.035360,105.356361,16.293739,0.031891,0.020751,0.455012,-0.889672,8.223404,123.063683,10.955505,0.075927,0.875059,0.078850,0.471475,-10.733104,87.444420,6.397967,0.066825,0.875982,-0.095315,0.468086,-12.914700,51.063858,-1.414313,-0.040532,0.917682,0.041508,0.393057,-22.672501,5.048236,3.524909,-0.091363,0.870525,-0.076629,0.477460,-0.725351,86.967735,21.026411,-0.013228,0.862882,-0.088241,0.497466,2.476210,50.753929,29.251177,-0.038327,0.803693,0.050807,0.591631,-0.596526,4.209602,37.076275,-0.040532,0.917682,0.041508,0.393057,-12.507383,0.761366,-5.873713,-0.038327,0.803693,0.050807,0.591631,12.699181,0.182903,32.947010
277,2.308333,-0.006193,0.883584,0.040836,0.466447,-5.733217,87.204445,13.709656,-0.063717,0.868660,0.131353,0.473409,-6.089716,94.449181,14.192259,-0.023336,0.872513,0.110717,0.475309,-9.047360,106.494949,16.304472,0.023207,0.917653,-0.059622,0.392199,-11.236291,121.106552,18.869034,0.026508,0.949916,-0.051682,0.307060,-8.737038,134.508972,16.400555,-0.009729,0.800552,0.243202,0.547608,-13.299343,115.677086,15.543522,0.239180,-0.356569,0.207132,-0.879061,-20.267189,120.044945,0.190310,0.211969,0.381050,-0.435664,-0.787443,-3.780504,106.685593,-12.996079,0.313358,0.439778,-0.351083,-0.764947,2.601085,123.077950,-4.962388,-0.136276,0.901326,0.188083,0.365602,-9.420189,115.219536,21.461409,0.329268,0.864510,0.140261,-0.352890,2.693785,117.102859,33.832943,-0.090522,0.216069,0.508681,-0.828471,16.037399,105.352798,16.281643,0.032138,0.020440,0.455127,-0.889612,8.224767,123.061111,10.942737,0.075871,0.875172,0.078908,0.471266,-10.740137,87.445152,6.397592,0.066770,0.875968,-0.095283,0.468126,-12.917956,51.064651,-1.416035,-0.040697,0.917696,0.041461,0.393013,-22.670055,5.047760,3.522605,-0.091411,0.870614,-0.076585,0.477295,-0.726297,86.963737,21.021717,-0.013159,0.862929,-0.088358,0.497366,2.481499,50.750088,29.244762,-0.037843,0.803654,0.050922,0.591706,-0.601402,4.207540,37.076424,-0.040697,0.917696,0.041461,0.393013,-12.504467,0.761535,-5.875804,-0.037843,0.803654,0.050922,0.591706,12.692152,0.175430,32.945499
278,2.316667,-0.006135,0.883739,0.040744,0.466163,-5.730775,87.207291,13.707850,-0.063675,0.868802,0.131405,0.473140,-6.085752,94.452156,14.189774,-0.023328,0.872652,0.110743,0.475048,-9.042602,106.498444,16.304638,0.022902,0.917907,-0.058742,0.391754,-11.230934,121.109879,18.870632,0.026663,0.950130,-0.052286,0.306281,-8.750364,134.518814,16.418753,-0.009617,0.800778,0.243078,0.547334,-13.295609,115.680313,15.546288,0.239346,-0.356935,0.207053,-0.878886,-20.273981,120.046524,0.197379,0.211971,0.380948,-0.435575,-0.787542,-3.798683,106.685127,-13.001192,0.313686,0.439320,-0.351286,-0.764982,2.588331,123.074081,-4.969219,-0.136245,0.901441,0.188078,0.365333,-9.412932,115.222954,21.461878,0.329342,0.864415,0.140185,-0.353086,2.708191,117.107666,33.826206,-0.090340,0.215888,0.508662,-0.828549,16.042498,105.356010,16.268883,0.032188,0.020246,0.454977,-0.889691,8.226089,123.062813,10.931587,0.075852,0.875299,0.078957,0.471026,-10.742407,87.447914,6.399010,0.066789,0.875983,-0.095295,0.468093,-12.919376,51.067768,-1.416472,-0.040490,0.917679,0.041425,0.393076,-22.673306,5.051318,3.522651,-0.091336,0.870771,-0.076595,0.477021,-0.719143,86.966667,21.016689,-0.013176,0.862887,-0.088444,0.497424,2.486011,50.752113,29.236757,-0.037629,0.803643,0.051046,0.591723,-0.600118,4.211056,37.076004,-0.040490,0.917679,0.041425,0.393076,-12.508413,0.761889,-5.875051,-0.037629,0.803643,0.051046,0.591723,12.692671,0.178184,32.943363
279,2.325000,-0.006138,0.883852,0.040776,0.465947,-5.726682,87.209511,13.704597,-0.063662,0.868967,0.131270,0.472876,-6.081794,94.454330,14.186996,-0.023251,0.872808,0.110925,0.474723,-9.035860,106.500313,16.299812,0.022478,0.918038,-0.058464,0.391513,-11.223787,121.110657,18.872414,0.026773,0.950152,-0.052560,0.306156,-8.757719,134.522507,16.421846,-0.009539,0.800948,0.243065,0.547094,-13.290369,115.682007,15.547748,0.239338,-0.357176,0.207015,-0.878799,-20.277962,120.048050,0.202991,0.211845,0.380704,-0.435626,-0.787665,-3.810500,106.686447,-13.005142,0.313655,0.439035,-0.351260,-0.765170,2.581952,123.075195,-4.977068,-0.136297,0.901528,0.188102,0.365087,-9.403261,115.223022,21.460300,0.329326,0.864355,0.140248,-0.353221,2.723630,117.111084,33.818455,-0.090165,0.215610,0.508614,-0.828670,16.053684,105.363129,16.255434,0.032458,0.020119,0.454704,-0.889824,8.230583,123.068062,10.922650,0.075919,0.875388,0.078934,0.470852,-10.741888,87.450180,6.398213,0.066719,0.875925,-0.095309,0.468210,-12.925585,51.070530,-1.417714,-0.040776,0.917686,0.041361,0.393038,-22.675026,5.053449,3.524442,-0.091331,0.870810,-0.076578,0.476954,-0.711477,86.968842,21.010983,-0.013148,0.862885,-0.088513,0.497415,2.494642,50.754028,29.229549,-0.038658,0.803641,0.050609,0.591697,-0.596988,4.214039,37.073006,-0.040776,0.917686,0.041361,0.393038,-12.508520,0.765603,-5.872236,-0.038658,0.803641,0.050609,0.591697,12.700793,0.188379,32.949406
280,2.333333,-0.006186,0.883997,0.040870,0.465661,-5.716060,87.211655,13.698303,-0.063639,0.869078,0.131407,0.472638,-6.072263,94.456360,14.181704,-0.023183,0.872926,0.110939,0.474504,-9.027268,106.503258,16.298845,0.022469,0.918026,-0.059148,0.391438,-11.212974,121.113602,18.873323,0.026675,0.950098,-0.052347,0.306369,-8.740211,134.521042,16.405457,-0.009452,0.801207,0.242996,0.546745,-13.281589,115.685257,15.549430,0.239186,-0.357387,0.206993,-0.878760,-20.282516,120.049393,0.210217,0.211664,0.380407,-0.435684,-0.787825,-3.822112,106.689369,-13.008306,0.313655,0.438771,-0.351282,-0.765311,2.577461,123.078392,-4.983906,-0.136220,0.901576,0.187905,0.365098,-9.391495,115.225723,21.459974,0.329068,0.864367,0.139613,-0.353683,2.735840,117.114021,33.817654,-0.090293,0.215713,0.508558,-0.828664,16.058054,105.369034,16.246708,0.032563,0.019945,0.454628,-0.889863,8.234817,123.072578,10.913231,0.076005,0.875458,0.078869,0.470718,-10.735965,87.452141,6.395144,0.066687,0.875825,-0.095364,0.468390,-12.928714,51.072685,-1.419172,-0.040478,0.917661,0.041427,0.393121,-22.678989,5.056202,3.526907,-0.091345,0.870992,-0.076722,0.476596,-0.696154,86.971169,21.001465,-0.012995,0.863063,-0.088616,0.497092,2.509038,50.758194,29.228458,-0.038428,0.803663,0.050654,0.591678,-0.596982,4.219565,37.074261,-0.040478,0.917661,0.041427,0.393121,-12.513295,0.766705,-5.869888,-0.038428,0.803663,0.050654,0.591678,12.699183,0.191111,32.948189
281,2.341667,-0.006109,0.884117,0.040830,0.465439,-5.712343,87.213905,13.695070,-0.063588,0.869194,0.131399,0.472433,-6.067167,94.458664,14.178571,-0.023168,0.873029,0.111045,0.474291,-9.020331,106.505165,16.296759,0.022631,0.918257,-0.058124,0.391041,-11.206523,121.114822,18.874712,0.026562,0.950342,-0.053058,0.305500,-8.742099,134.528473,16.432287,-0.009345,0.801401,0.242888,0.546512,-13.276089,115.686798,15.550904,0.239270,-0.357586,0.206860,-0.878687,-20.285988,120.049835,0.215471,0.211545,0.380057,-0.435712,-0.788011,-3.829931,106.692528,-13.011196,0.313175,0.438910,-0.351335,-0.765404,2.579351,123.081757,-4.992563,-0.136274,0.901699,0.188034,0.364708,-9.383115,115.226730,21.459513,0.329153,0.864275,0.139636,-0.353821,2.753623,117.118225,33.807472,-0.090094,0.215410,0.508514,-0.828792,16.068151,105.372475,16.231213,0.032628,0.019738,0.454557,-0.889901,8.237525,123.075119,10.902272,0.076047,0.875530,0.078826,0.470585,-10.735935,87.455093,6.394467,0.066645,0.875956,-0.095312,0.468161,-12.934139,51.075615,-1.418191,-0.040515,0.917675,0.041357,0.393091,-22.677334,5.057648,3.528066,-0.091327,0.871147,-0.076784,0.476305,-0.688751,86.972717,20.995674,-0.012935,0.863066,-0.088668,0.497080,2.515790,50.760197,29.224983,-0.038297,0.803623,0.050669,0.591740,-0.597473,4.222289,37.072189,-0.040515,0.917675,0.041357,0.393091,-12.512109,0.766778,-5.868618,-0.038297,0.803623,0.050669,0.591740,12.698457,0.192001,32.947144
282,2.350000,-0.006034,0.884223,0.040784,0.465241,-5.708745,87.211975,13.690331,-0.063486,0.869332,0.131384,0.472197,-6.062183,94.456802,14.173834,-0.023211,0.873159,0.111054,0.474048,-9.012792,106.505432,16.294050,0.022473,0.918375,-0.057996,0.390792,-11.199509,121.114967,18.872240,0.026644,0.950415,-0.053247,0.305231,-8.741376,134.529846,16.430250,-0.009325,0.801471,0.243036,0.546343,-13.270151,115.686455,15.549895,0.239358,-0.357856,0.206894,-0.878545,-20.286482,120.051399,0.217946,0.211435,0.379909,-0.435823,-0.788050,-3.840780,106.689278,-13.016748,0.313088,0.438602,-0.351211,-0.765673,2.568516,123.078239,-5.001779,-0.136260,0.901747,0.188127,0.364547,-9.373940,115.227280,21.456438,0.329118,0.864218,0.139401,-0.354085,2.767032,117.118431,33.800289,-0.090059,0.215356,0.508560,-0.828781,16.073397,105.372810,16.217747,0.032846,0.019616,0.454265,-0.890045,8.243910,123.075882,10.890244,0.076074,0.875545,0.078778,0.470561,-10.735618,87.453819,6.392008,0.066610,0.875940,-0.095285,0.468201,-12.937490,51.074074,-1.418415,-0.040525,0.917682,0.041377,0.393072,-22.676935,5.055204,3.526754,-0.091313,0.871211,-0.076791,0.476190,-0.681872,86.970139,20.988655,-0.012901,0.863073,-0.088777,0.497049,2.522623,50.757515,29.217514,-0.038308,0.803631,0.050605,0.591734,-0.598275,4.221344,37.072033,-0.040525,0.917682,0.041377,0.393072,-12.511953,0.764935,-5.870465,-0.038308,0.803631,0.050605,0.591734,12.697369,0.189797,32.947289
283,2.358333,-0.005907,0.884304,0.040544,0.465110,-5.709102,87.209808,13.686540,-0.063237,0.869531,0.131375,0.471866,-6.059224,94.454941,14.167872,-0.023289,0.873359,0.111074,0.473671,-9.003188,106.503143,16.291811,0.022064,0.918490,-0.058063,0.390536,-11.191122,121.112427,18.870327,0.026810,0.950421,-0.053329,0.305183,-8.743538,134.527939,16.421232,-0.009236,0.801680,0.242951,0.546075,-13.263276,115.683105,15.550258,0.239385,-0.358092,0.206743,-0.878477,-20.289845,120.046570,0.222579,0.211261,0.379699,-0.435910,-0.788149,-3.849475,106.688461,-13.022780,0.312937,0.438452,-0.351295,-0.765782,2.563108,123.077751,-5.010435,-0.136317,0.901774,0.188006,0.364520,-9.362052,115.225433,21.453608,0.329096,0.864164,0.139246,-0.354299,2.779052,117.120216,33.796764,-0.089794,0.215245,0.508555,-0.828841,16.078552,105.375160,16.208670,0.033124,0.019267,0.454253,-0.890048,8.247431,123.075607,10.879226,0.076008,0.875801,0.078726,0.470104,-10.738160,87.451546,6.389720,0.066643,0.876186,-0.095158,0.467763,-12.941642,51.070450,-1.413910,-0.040626,0.917691,0.041414,0.393036,-22.675741,5.049696,3.524254,-0.091276,0.871364,-0.076785,0.475918,-0.680044,86.968071,20.983358,-0.012824,0.863245,-0.088927,0.496724,2.524833,50.754883,29.209513,-0.037489,0.803595,0.050872,0.591813,-0.606469,4.221067,37.073769,-0.040626,0.917691,0.041414,0.393036,-12.510461,0.761499,-5.873585,-0.037489,0.803595,0.050872,0.591813,12.685389,0.181976,32.944206
284,2.366667,-0.005797,0.884418,0.040526,0.464897,-5.701975,87.211441,13.681644,-0.063369,0.869643,0.131406,0.471633,-6.050439,94.456612,14.163576,-0.023262,0.873496,0.111095,0.473415,-8.996999,106.503845,16.287317,0.022283,0.918573,-0.058434,0.390272,-11.183754,121.113037,18.867409,0.026714,0.950509,-0.053254,0.304932,-8.727859,134.525589,16.410437,-0.009267,0.801670,0.243127,0.546012,-13.257729,115.683723,15.548442,0.239497,-0.358310,0.206692,-0.878370,-20.286695,120.049156,0.222418,0.211168,0.379616,-0.435971,-0.788181,-3.853063,106.689774,-13.030023,0.312827,0.438309,-0.351379,-0.765870,2.559827,123.079071,-5.018820,-0.136359,0.901911,0.188339,0.363993,-9.353039,115.226021,21.449501,0.329171,0.864068,0.139171,-0.354491,2.801047,117.122009,33.779697,-0.089719,0.214830,0.508523,-0.828977,16.091290,105.375313,16.185688,0.033161,0.019088,0.454435,-0.889957,8.250997,123.076820,10.866785,0.076091,0.875851,0.078660,0.470009,-10.734571,87.454590,6.387308,0.066588,0.876064,-0.095182,0.467994,-12.946631,51.073658,-1.414676,-0.040607,0.917687,0.041319,0.393058,-22.678576,5.052644,3.525299,-0.091194,0.871450,-0.076850,0.475766,-0.669378,86.968292,20.975981,-0.012829,0.863332,-0.089006,0.496560,2.529314,50.754719,29.202881,-0.037519,0.803635,0.050757,0.591766,-0.603757,4.222238,37.074345,-0.040607,0.917687,0.041319,0.393058,-12.513304,0.761839,-5.871367,-0.037519,0.803635,0.050757,0.591766,12.687304,0.181071,32.944244
285,2.375000,-0.005756,0.884511,0.040552,0.464719,-5.695681,87.212585,13.675937,-0.063102,0.869748,0.131371,0.471486,-6.043697,94.457733,14.158541,-0.023388,0.873547,0.111189,0.473292,-8.983488,106.505219,16.285109,0.021832,0.918673,-0.057801,0.390157,-11.174510,121.113609,18.866127,0.026893,0.950535,-0.053701,0.304756,-8.737004,134.531403,16.419493,-0.009128,0.801948,0.243066,0.545632,-13.247464,115.683685,15.547508,0.239677,-0.358579,0.206434,-0.878272,-20.290960,120.048538,0.227991,0.211092,0.379499,-0.435919,-0.788287,-3.861669,106.695045,-13.035761,0.312743,0.438126,-0.351458,-0.765973,2.556639,123.083115,-5.024577,-0.136435,0.901947,0.188371,0.363859,-9.341209,115.227127,21.447617,0.329181,0.863999,0.139182,-0.354646,2.815553,117.126152,33.774708,-0.089589,0.214692,0.508530,-0.829022,16.099966,105.381439,16.174976,0.033320,0.018942,0.454073,-0.890140,8.257804,123.082054,10.857751,0.076181,0.875874,0.078564,0.469967,-10.731232,87.456444,6.383667,0.066545,0.876019,-0.095187,0.468084,-12.952953,51.075424,-1.415130,-0.040495,0.917672,0.041435,0.393091,-22.682037,5.053949,3.526210,-0.091180,0.871551,-0.076938,0.475568,-0.660129,86.968727,20.968208,-0.012779,0.863314,-0.089001,0.496593,2.536393,50.755989,29.199633,-0.038302,0.803603,0.050400,0.591789,-0.600791,4.223299,37.068207,-0.040495,0.917672,0.041435,0.393091,-12.516767,0.764825,-5.871221,-0.038302,0.803603,0.050400,0.591789,12.694381,0.187047,32.946545
286,2.383333,-0.005387,0.884641,0.040378,0.464491,-5.698814,87.220940,13.672003,-0.062940,0.869869,0.131339,0.471293,-6.040788,94.466354,14.154954,-0.023451,0.873633,0.111318,0.473101,-8.974641,106.508209,16.282326,0.022215,0.918747,-0.057568,0.389996,-11.168551,121.115646,18.866245,0.026666,0.950620,-0.053964,0.304465,-8.724539,134.533936,16.428829,-0.009278,0.801979,0.243279,0.545490,-13.241392,115.685631,15.547726,0.239500,-0.358729,0.206395,-0.878268,-20.290188,120.049110,0.230257,0.210847,0.379351,-0.436043,-0.788355,-3.865443,106.698738,-13.042257,0.312632,0.438001,-0.351532,-0.766055,2.553319,123.087753,-5.031060,-0.136443,0.902016,0.188456,0.363641,-9.332611,115.229324,21.446178,0.329126,0.863949,0.139214,-0.354806,2.829587,117.129280,33.767757,-0.089473,0.214501,0.508447,-0.829135,16.110126,105.389427,16.161873,0.033410,0.018869,0.453981,-0.890185,8.261753,123.086845,10.847701,0.076092,0.875858,0.078535,0.470016,-10.738188,87.468979,6.382516,0.066578,0.876071,-0.095158,0.467987,-12.954699,51.086594,-1.411440,-0.040408,0.917656,0.041225,0.393161,-22.684744,5.065027,3.527138,-0.091236,0.871660,-0.076984,0.475350,-0.659441,86.972900,20.961491,-0.012794,0.863178,-0.089053,0.496819,2.541084,50.761436,29.196968,-0.038329,0.803606,0.050277,0.591795,-0.599481,4.229665,37.069633,-0.040408,0.917656,0.041225,0.393161,-12.519474,0.769638,-5.867428,-0.038329,0.803606,0.050277,0.591795,12.695352,0.191113,32.949139
287,2.391667,-0.005421,0.884724,0.040377,0.464331,-5.688322,87.222626,13.665959,-0.062943,0.869945,0.131438,0.471125,-6.030636,94.468033,14.148738,-0.023512,0.873710,0.111394,0.472937,-8.965599,106.510437,16.278971,0.022170,0.918827,-0.057355,0.389840,-11.161706,121.117279,18.864389,0.026746,0.950667,-0.054184,0.304272,-8.721688,134.537048,16.431150,-0.008523,0.803012,0.242387,0.544379,-13.234552,115.687004,15.546320,0.239611,-0.358748,0.205974,-0.878329,-20.326015,120.044937,0.246984,0.210931,0.378655,-0.435869,-0.788763,-3.893279,106.710220,-13.031376,0.312514,0.437855,-0.351563,-0.766173,2.549642,123.091003,-5.038059,-0.136488,0.902067,0.188549,0.363449,-9.323617,115.231216,21.443384,0.329070,0.863932,0.139198,-0.354906,2.843011,117.132927,33.760315,-0.089331,0.214360,0.508365,-0.829238,16.121868,105.396202,16.151073,0.033510,0.018676,0.453926,-0.890213,8.267748,123.091148,10.837564,0.076199,0.875965,0.078447,0.469815,-10.730314,87.470009,6.378262,0.066507,0.876004,-0.095187,0.468116,-12.958674,51.087807,-1.413174,-0.040396,0.917686,0.041214,0.393092,-22.684834,5.065861,3.529495,-0.091183,0.871759,-0.077050,0.475169,-0.646329,86.975243,20.953657,-0.012178,0.863012,-0.089501,0.497042,2.550157,50.763821,29.190880,-0.037945,0.803493,0.050426,0.591960,-0.663786,4.238162,37.070065,-0.040396,0.917686,0.041214,0.393092,-12.521090,0.770015,-5.866511,-0.037945,0.803493,0.050426,0.591960,12.630677,0.196608,32.951321
288,2.400000,-0.005360,0.884796,0.040244,0.464207,-5.683108,87.223038,13.662232,-0.062889,0.870023,0.131519,0.470964,-6.023674,94.468613,14.143762,-0.023572,0.873792,0.111394,0.472783,-8.957726,106.509445,16.276718,0.022099,0.918901,-0.057164,0.389699,-11.154956,121.116211,18.861677,0.026799,0.950708,-0.054385,0.304103,-8.719285,134.537384,16.431826,-0.008468,0.803131,0.242374,0.544209,-13.228172,115.685364,15.544743,0.239706,-0.358917,0.205826,-0.878268,-20.326101,120.043144,0.248353,0.210814,0.378495,-0.435957,-0.788822,-3.896391,106.711792,-13.037130,0.312303,0.437792,-0.351610,-0.766274,2.548153,123.093033,-5.046655,-0.136505,0.902149,0.188608,0.363209,-9.315207,115.230598,21.440542,0.329076,0.863863,0.139277,-0.355038,2.857348,117.134048,33.751358,-0.089033,0.214039,0.508397,-0.829333,16.131338,105.400505,16.136318,0.033897,0.018286,0.454138,-0.890099,8.272686,123.095490,10.826490,0.076211,0.876050,0.078407,0.469661,-10.727170,87.470177,6.375956,0.066533,0.876075,-0.095178,0.467982,-12.959128,51.087654,-1.412913,-0.040387,0.917677,0.041194,0.393117,-22.686314,5.065876,3.529345,-0.091156,0.871936,-0.077074,0.474846,-0.639045,86.975891,20.948509,-0.012092,0.863145,-0.089615,0.496794,2.557840,50.764370,29.185146,-0.037891,0.803494,0.050370,0.591967,-0.666242,4.240432,37.070351,-0.040387,0.917677,0.041194,0.393117,-12.522212,0.769457,-5.866016,-0.037891,0.803494,0.050370,0.591967,12.627631,0.196733,32.951797
289,2.408333,-0.005323,0.884886,0.040203,0.464040,-5.675790,87.222466,13.656245,-0.062864,0.870155,0.131481,0.470734,-6.015517,94.468102,14.137560,-0.023482,0.873937,0.111412,0.472515,-8.947726,106.508064,16.270552,0.021783,0.919028,-0.056896,0.389457,-11.142057,121.114822,18.857931,0.026945,0.950754,-0.054551,0.303916,-8.718063,134.538513,16.430326,-0.008424,0.803119,0.242825,0.544027,-13.217823,115.684418,15.541903,0.239883,-0.359195,0.205794,-0.878114,-20.322693,120.050407,0.251082,0.210791,0.378370,-0.435920,-0.788909,-3.902276,106.715584,-13.042395,0.312174,0.437673,-0.351628,-0.766386,2.547178,123.095741,-5.053815,-0.136655,0.902147,0.188729,0.363094,-9.301213,115.228882,21.435223,0.329023,0.863831,0.138942,-0.355296,2.872828,117.136276,33.743950,-0.088931,0.213929,0.508341,-0.829407,16.139395,105.401398,16.124214,0.034060,0.018078,0.454123,-0.890104,8.276503,123.094856,10.815109,0.076243,0.876136,0.078422,0.469492,-10.722603,87.469727,6.371880,0.066513,0.876082,-0.095213,0.467964,-12.957618,51.087742,-1.418658,-0.040199,0.917676,0.041131,0.393146,-22.684574,5.066344,3.527606,-0.091035,0.872002,-0.077077,0.474747,-0.628976,86.975212,20.940611,-0.012106,0.863132,-0.089805,0.496782,2.561004,50.762093,29.172886,-0.037593,0.803436,0.050350,0.592066,-0.670778,4.241413,37.074135,-0.040199,0.917676,0.041131,0.393146,-12.521768,0.766203,-5.867453,-0.037593,0.803436,0.050350,0.592066,12.621856,0.192304,32.956905
290,2.416667,-0.005233,0.885069,0.040190,0.463692,-5.664733,87.222275,13.648990,-0.063009,0.870246,0.131674,0.470494,-6.003014,94.467941,14.130884,-0.023484,0.874047,0.111374,0.472319,-8.940525,106.508293,16.267447,0.021167,0.919127,-0.056763,0.389276,-11.133791,121.115303,18.854307,0.027342,0.950750,-0.054683,0.303869,-8.727338,134.541412,16.422676,-0.008351,0.803269,0.242790,0.543821,-13.211000,115.684532,15.539761,0.240059,-0.359388,0.205563,-0.878041,-20.323690,120.050133,0.252463,0.210746,0.378274,-0.435883,-0.788987,-3.905480,106.720695,-13.049145,0.312043,0.437570,-0.351619,-0.766502,2.547362,123.097977,-5.062074,-0.136547,0.902194,0.188781,0.362992,-9.291763,115.229630,21.431381,0.328968,0.863787,0.138870,-0.355482,2.885879,117.133842,33.737038,-0.088866,0.213839,0.508273,-0.829478,16.147671,105.402084,16.111629,0.034050,0.018017,0.454154,-0.890090,8.280416,123.094055,10.803299,0.076320,0.876195,0.078341,0.469384,-10.717283,87.470589,6.368638,0.066506,0.876434,-0.095096,0.467329,-12.961106,51.088543,-1.419033,-0.040221,0.917719,0.041142,0.393042,-22.678808,5.064955,3.524977,-0.090897,0.872142,-0.077275,0.474484,-0.612184,86.973969,20.929342,-0.012036,0.863372,-0.089852,0.496357,2.564241,50.761246,29.168629,-0.037004,0.803517,0.050573,0.591974,-0.671545,4.241207,37.072002,-0.040221,0.917719,0.041142,0.393042,-12.517870,0.765285,-5.872321,-0.037004,0.803517,0.050573,0.591974,12.617013,0.187372,32.946285
291,2.425000,-0.005194,0.885137,0.040189,0.463563,-5.657646,87.222870,13.642340,-0.063026,0.870329,0.131759,0.470314,-5.995352,94.468536,14.124537,-0.023471,0.874149,0.111422,0.472121,-8.934016,106.509109,16.263477,0.021158,0.919191,-0.056697,0.389136,-11.127019,121.115829,18.852261,0.027318,0.950775,-0.054799,0.303771,-8.722033,134.542389,16.421595,-0.008369,0.803309,0.242861,0.543731,-13.205379,115.685143,15.538295,0.240076,-0.359616,0.205391,-0.877983,-20.321482,120.050812,0.252604,0.210578,0.378222,-0.435846,-0.789077,-3.907907,106.726494,-13.059843,0.311845,0.437448,-0.351563,-0.766678,2.548136,123.102425,-5.069350,-0.136524,0.902271,0.188743,0.362828,-9.283477,115.230095,21.428131,0.328805,0.863809,0.138818,-0.355600,2.898544,117.135536,33.729267,-0.088759,0.213725,0.508103,-0.829623,16.161497,105.410362,16.100346,0.034084,0.017823,0.454191,-0.890074,8.286164,123.096443,10.792325,0.076305,0.876252,0.078395,0.469271,-10.712322,87.471687,6.363479,0.066490,0.875986,-0.095431,0.468104,-12.954251,51.090084,-1.426869,-0.039615,0.917714,0.041298,0.393099,-22.689602,5.072331,3.536705,-0.090846,0.872219,-0.077297,0.474348,-0.602969,86.974045,20.921200,-0.011980,0.863363,-0.089955,0.496355,2.570652,50.760895,29.159664,-0.038063,0.803304,0.050005,0.592245,-0.674592,4.242480,37.068764,-0.039615,0.917714,0.041298,0.393099,-12.532504,0.769762,-5.863416,-0.038063,0.803304,0.050005,0.592245,12.621544,0.193428,32.962791
292,2.433333,-0.005236,0.885194,0.040165,0.463456,-5.648431,87.225533,13.637194,-0.063000,0.870399,0.131860,0.470158,-5.986466,94.471222,14.118833,-0.023496,0.874228,0.111480,0.471959,-8.925653,106.512474,16.260990,0.021539,0.919219,-0.056434,0.389085,-11.119647,121.118774,18.851324,0.027093,0.950794,-0.055075,0.303682,-8.708085,134.546036,16.431049,-0.008322,0.803303,0.243036,0.543662,-13.198474,115.687988,15.537807,0.240027,-0.359767,0.205335,-0.877948,-20.317215,120.057724,0.254504,0.210443,0.378034,-0.435874,-0.789188,-3.907912,106.735275,-13.065103,0.311642,0.437457,-0.351629,-0.766725,2.552788,123.110725,-5.076538,-0.136590,0.902393,0.188854,0.362441,-9.274422,115.233139,21.426229,0.328570,0.863887,0.138141,-0.355890,2.916737,117.142365,33.717728,-0.088947,0.213682,0.507918,-0.829727,16.177078,105.416023,16.087618,0.034163,0.017729,0.453983,-0.890179,8.292841,123.100983,10.782887,0.076455,0.876238,0.078305,0.469287,-10.704868,87.473396,6.359523,0.066426,0.876023,-0.095423,0.468044,-12.959573,51.092445,-1.430146,-0.039718,0.917710,0.041290,0.393098,-22.688904,5.073729,3.536376,-0.090782,0.872380,-0.077375,0.474052,-0.591994,86.977669,20.914864,-0.011932,0.863476,-0.090034,0.496146,2.577539,50.764549,29.155067,-0.037459,0.803394,0.050184,0.592145,-0.673401,4.247365,37.069046,-0.039718,0.917710,0.041290,0.393098,-12.530923,0.772135,-5.863241,-0.037459,0.803394,0.050184,0.592145,12.618269,0.192319,32.954536
293,2.441667,-0.005342,0.885276,0.040274,0.463289,-5.636434,87.227509,13.631104,-0.063023,0.870454,0.131911,0.470039,-5.976470,94.473053,14.113490,-0.023483,0.874278,0.111539,0.471853,-8.916776,106.515182,16.257093,0.021439,0.919251,-0.056186,0.389051,-11.110933,121.121094,18.849396,0.027115,0.950781,-0.055205,0.303700,-8.704615,134.550171,16.434076,-0.008370,0.803461,0.242972,0.543457,-13.190261,115.690529,15.535840,0.240118,-0.359869,0.205152,-0.877924,-20.316725,120.055916,0.254904,0.210374,0.378029,-0.435920,-0.789183,-3.907363,106.738892,-13.070023,0.311619,0.437300,-0.351550,-0.766860,2.551318,123.112999,-5.081683,-0.136583,0.902453,0.188872,0.362285,-9.264777,115.235313,21.423277,0.328505,0.863873,0.138158,-0.355977,2.930374,117.145393,33.710670,-0.089049,0.213872,0.507919,-0.829667,16.189743,105.422997,16.077225,0.034093,0.017801,0.452861,-0.890751,8.308504,123.108994,10.768558,0.076595,0.876296,0.078159,0.469180,-10.695589,87.474480,6.355295,0.066371,0.875867,-0.095465,0.468335,-12.965514,51.093441,-1.429532,-0.039807,0.917695,0.041250,0.393127,-22.693821,5.074805,3.539652,-0.090705,0.872481,-0.077432,0.473871,-0.577279,86.980537,20.906914,-0.011899,0.863395,-0.090128,0.496270,2.586930,50.767040,29.147461,-0.037924,0.803358,0.049966,0.592183,-0.672217,4.251379,37.067043,-0.039807,0.917695,0.041250,0.393127,-12.534560,0.773241,-5.858587,-0.037924,0.803358,0.049966,0.592183,12.622109,0.199148,32.958363
294,2.450000,-0.005318,0.885401,0.040394,0.463039,-5.628852,87.231133,13.626012,-0.062973,0.870596,0.131858,0.469799,-5.969255,94.476540,14.110195,-0.023507,0.874404,0.111612,0.471601,-8.906855,106.517517,16.253767,0.021884,0.919323,-0.055931,0.388893,-11.101932,121.122910,18.848240,0.026797,0.950850,-0.055463,0.303463,-8.687799,134.552460,16.443348,-0.008310,0.803500,0.243021,0.543378,-13.182226,115.692223,15.535490,0.239997,-0.360006,0.205157,-0.877899,-20.311747,120.059525,0.256522,0.210237,0.377893,-0.435971,-0.789257,-3.907426,106.743034,-13.075161,0.311587,0.437167,-0.351488,-0.766978,2.553862,123.117699,-5.087618,-0.136391,0.902543,0.188740,0.362202,-9.253388,115.237259,21.420712,0.328409,0.863838,0.138164,-0.356149,2.945691,117.143967,33.704735,-0.088968,0.213722,0.507843,-0.829761,16.202091,105.427536,16.065075,0.034177,0.017729,0.452885,-0.890737,8.315149,123.111641,10.758681,0.076611,0.876363,0.078245,0.469039,-10.692122,87.479271,6.353103,0.066349,0.875746,-0.095591,0.468539,-12.961281,51.099415,-1.437498,-0.039627,0.917723,0.041041,0.393103,-22.694420,5.082759,3.540640,-0.090672,0.872560,-0.077513,0.473719,-0.565583,86.982986,20.898920,-0.011807,0.863415,-0.090202,0.496224,2.595035,50.769962,29.142937,-0.037260,0.803318,0.050103,0.592268,-0.674717,4.255372,37.064411,-0.039627,0.917723,0.041041,0.393103,-12.537906,0.773836,-5.857202,-0.037260,0.803318,0.050103,0.592268,12.616364,0.195222,32.953037
295,2.458333,-0.005211,0.885457,0.040334,0.462938,-5.624294,87.229813,13.620615,-0.063000,0.870674,0.131878,0.469645,-5.962856,94.475304,14.104791,-0.023361,0.874509,0.111634,0.471409,-8.901613,106.518997,16.249533,0.021734,0.919390,-0.055871,0.388753,-11.092610,121.124443,18.847136,0.026838,0.950858,-0.055554,0.303419,-8.683402,134.554764,16.441582,-0.008368,0.803514,0.243050,0.543343,-13.175520,115.694641,15.534580,0.240127,-0.360174,0.205005,-0.877831,-20.306316,120.060577,0.255813,0.210183,0.377872,-0.435968,-0.789283,-3.904885,106.747139,-13.082478,0.311567,0.437073,-0.351677,-0.766953,2.557198,123.121323,-5.094162,-0.136447,0.902633,0.189040,0.361800,-9.244017,115.238060,21.417892,0.328385,0.863825,0.138165,-0.356202,2.964661,117.145813,33.692215,-0.088780,0.213442,0.507676,-0.829955,16.219961,105.431007,16.050655,0.034285,0.017564,0.452748,-0.890806,8.321632,123.110405,10.747618,0.076556,0.876407,0.078206,0.468971,-10.689238,87.479065,6.348910,0.066399,0.875878,-0.095558,0.468293,-12.956831,51.098122,-1.437062,-0.039665,0.917754,0.041030,0.393028,-22.691263,5.081511,3.538928,-0.090661,0.872606,-0.077491,0.473640,-0.559351,86.980560,20.892319,-0.011789,0.863430,-0.090328,0.496175,2.602104,50.767147,29.134304,-0.037369,0.803362,0.049956,0.592215,-0.674647,4.254675,37.065304,-0.039665,0.917754,0.041030,0.393028,-12.535942,0.772707,-5.860259,-0.037369,0.803362,0.049956,0.592215,12.615972,0.193030,32.953915
296,2.466667,-0.005171,0.885515,0.040231,0.462836,-5.619009,87.228409,13.615073,-0.062880,0.870741,0.131905,0.469528,-5.956305,94.474022,14.098234,-0.023429,0.874565,0.111609,0.471308,-8.892276,106.517136,16.245239,0.021492,0.919400,-0.056055,0.388716,-11.084395,121.122673,18.841475,0.026934,0.950828,-0.055419,0.303530,-8.679454,134.552444,16.428612,-0.008278,0.803613,0.243105,0.543174,-13.167387,115.692207,15.530041,0.240127,-0.360234,0.204898,-0.877831,-20.304632,120.060242,0.254890,0.210143,0.377751,-0.435988,-0.789341,-3.903206,106.750748,-13.087332,0.311546,0.437032,-0.351648,-0.766998,2.561691,123.124786,-5.101462,-0.136489,0.902696,0.189087,0.361604,-9.234583,115.236809,21.412577,0.328481,0.863751,0.138082,-0.356326,2.978659,117.146873,33.681995,-0.088737,0.213362,0.507734,-0.829945,16.226391,105.428528,16.037106,0.034241,0.017500,0.452951,-0.890706,8.328633,123.110023,10.735872,0.076525,0.876486,0.078247,0.468822,-10.685631,87.477371,6.344529,0.066427,0.875864,-0.095608,0.468304,-12.951061,51.096535,-1.442594,-0.039507,0.917758,0.041004,0.393036,-22.690063,5.081182,3.536053,-0.090654,0.872647,-0.077458,0.473572,-0.552387,86.979446,20.885616,-0.011750,0.863441,-0.090445,0.496136,2.610438,50.765549,29.124979,-0.037258,0.803350,0.049913,0.592242,-0.674595,4.254991,37.063759,-0.039507,0.917758,0.041004,0.393036,-12.536085,0.769930,-5.863460,-0.037258,0.803350,0.049913,0.592242,12.615292,0.190544,32.952766
297,2.475000,-0.005078,0.885524,0.040018,0.462840,-5.616547,87.224518,13.608974,-0.062808,0.870847,0.131922,0.469338,-5.951219,94.470398,14.090022,-0.023298,0.874708,0.111632,0.471043,-8.886152,106.516876,16.239494,0.021369,0.919491,-0.055924,0.388525,-11.074390,121.122429,18.838863,0.026941,0.950853,-0.055468,0.303440,-8.674672,134.553345,16.427162,-0.008322,0.803608,0.243222,0.543128,-13.160300,115.692688,15.528088,0.240148,-0.360372,0.204864,-0.877777,-20.299278,120.061302,0.253907,0.210019,0.377581,-0.436093,-0.789397,-3.902099,106.751839,-13.093578,0.311284,0.436942,-0.351451,-0.767246,2.564102,123.126587,-5.110963,-0.136471,0.902723,0.189089,0.361541,-9.223866,115.235985,21.408096,0.328487,0.863706,0.138016,-0.356454,2.991119,117.146004,33.675797,-0.088703,0.213428,0.507746,-0.829924,16.234112,105.427864,16.027205,0.034230,0.017418,0.452361,-0.891007,8.338161,123.108803,10.723439,0.076520,0.876516,0.078268,0.468763,-10.683125,87.473198,6.338387,0.066431,0.875822,-0.095698,0.468363,-12.948017,51.092552,-1.449782,-0.039664,0.917759,0.040986,0.393022,-22.691620,5.078876,3.535404,-0.090712,0.872681,-0.077380,0.473510,-0.549969,86.975845,20.879560,-0.011708,0.863377,-0.090566,0.496227,2.619996,50.761841,29.115700,-0.037401,0.803352,0.049778,0.592240,-0.674989,4.253256,37.061932,-0.039664,0.917759,0.040986,0.393022,-12.536576,0.768928,-5.863559,-0.037401,0.803352,0.049778,0.592240,12.615256,0.188136,32.952763
298,2.483333,-0.005066,0.885589,0.040028,0.462713,-5.610195,87.225189,13.602996,-0.062669,0.870892,0.132010,0.469248,-5.944717,94.471062,14.084305,-0.023416,0.874731,0.111626,0.470996,-8.877262,106.516777,16.237535,0.021479,0.919485,-0.055926,0.388532,-11.068359,121.122215,18.835173,0.026854,0.950850,-0.055467,0.303458,-8.665842,134.552841,16.424622,-0.008266,0.803661,0.243220,0.543051,-13.153384,115.691605,15.525264,0.240179,-0.360504,0.204735,-0.877744,-20.295292,120.061089,0.252709,0.209950,0.377500,-0.436126,-0.789435,-3.900254,106.755447,-13.101207,0.311255,0.436876,-0.351419,-0.767310,2.567143,123.130180,-5.119602,-0.136415,0.902764,0.189178,0.361414,-9.216407,115.236488,21.405027,0.328452,0.863671,0.138096,-0.356541,3.002325,117.144646,33.669273,-0.088576,0.213318,0.507694,-0.829998,16.243353,105.430588,16.016502,0.034272,0.017311,0.452375,-0.891001,8.343703,123.109222,10.713190,0.076524,0.876506,0.078345,0.468767,-10.678851,87.474037,6.333866,0.066417,0.875743,-0.095847,0.468483,-12.941229,51.094341,-1.459449,-0.039499,0.917780,0.040927,0.392994,-22.690830,5.083189,3.537267,-0.090737,0.872752,-0.077340,0.473380,-0.541539,86.976334,20.872126,-0.011641,0.863385,-0.090713,0.496188,2.632683,50.762211,29.106081,-0.037900,0.803342,0.049557,0.592241,-0.674355,4.255992,37.061161,-0.039499,0.917780,0.040927,0.392994,-12.538009,0.769867,-5.862545,-0.037900,0.803342,0.049557,0.592241,12.618409,0.194182,32.956890
299,2.491667,-0.005497,0.885628,0.040273,0.462614,-5.590522,87.233597,13.598310,-0.062956,0.870905,0.132139,0.469149,-5.932182,94.479118,14.079906,-0.023279,0.874790,0.111693,0.470878,-8.871437,106.519821,16.232182,0.021484,0.919503,-0.056058,0.388472,-11.059531,121.124992,18.833797,0.026772,0.950843,-0.055399,0.303501,-8.655737,134.554764,16.419786,-0.008271,0.803646,0.243347,0.543017,-13.146369,115.695465,15.523269,0.240160,-0.360619,0.204744,-0.877700,-20.289560,120.066925,0.251873,0.209877,0.377406,-0.436131,-0.789497,-3.898808,106.760361,-13.106368,0.311129,0.436811,-0.351319,-0.767444,2.571208,123.134529,-5.125503,-0.136399,0.902816,0.189259,0.361246,-9.207717,115.238403,21.401764,0.328475,0.863631,0.138146,-0.356597,3.015380,117.146408,33.661686,-0.088459,0.213158,0.507684,-0.830058,16.253662,105.433296,16.006222,0.034363,0.017202,0.452498,-0.890937,8.350444,123.112106,10.705036,0.076676,0.876591,0.078299,0.468592,-10.660726,87.477615,6.330094,0.066413,0.875517,-0.095989,0.468877,-12.936152,51.099121,-1.465005,-0.039394,0.917758,0.040811,0.393069,-22.693832,5.090484,3.539120,-0.090616,0.872820,-0.077396,0.473269,-0.520318,86.989578,20.866526,-0.011540,0.863319,-0.090807,0.496288,2.645137,50.774445,29.099434,-0.037095,0.803277,0.049548,0.592381,-0.675520,4.269615,37.056957,-0.039394,0.917758,0.040811,0.393069,-12.540780,0.773088,-5.858575,-0.037095,0.803277,0.049548,0.592381,12.612823,0.194280,32.951763
300,2.500000,-0.005505,0.885676,0.040315,0.462517,-5.582335,87.235245,13.593065,-0.062802,0.870952,0.132161,0.469075,-5.924328,94.480713,14.075182,-0.023434,0.874805,0.111690,0.470842,-8.859530,106.518539,16.229450,0.021482,0.919493,-0.056087,0.388491,-11.051554,121.123520,18.828884,0.026762,0.950827,-0.055326,0.303564,-8.647436,134.553116,16.414232,-0.008203,0.803704,0.243397,0.542910,-13.137031,115.692886,15.519293,0.240281,-0.360764,0.204606,-0.877639,-20.284315,120.066299,0.250378,0.209835,0.377374,-0.436120,-0.789530,-3.896003,106.762444,-13.113562,0.311016,0.436704,-0.351174,-0.767617,2.575236,123.135742,-5.132532,-0.136430,0.902833,0.189281,0.361183,-9.197999,115.237831,21.397686,0.328433,0.863609,0.138062,-0.356721,3.026390,117.147041,33.656128,-0.088393,0.213077,0.507660,-0.830100,16.261600,105.435478,15.997346,0.034488,0.017133,0.452505,-0.890930,8.356379,123.112663,10.697309,0.076633,0.876635,0.078364,0.468505,-10.654134,87.479408,6.325971,0.066431,0.875514,-0.096108,0.468855,-12.925254,51.101189,-1.471704,-0.039360,0.917813,0.040725,0.392953,-22.689503,5.094957,3.541640,-0.090646,0.872837,-0.077385,0.473234,-0.510536,86.991081,20.860161,-0.011456,0.863240,-0.090882,0.496412,2.657574,50.776237,29.093313,-0.037012,0.803205,0.049570,0.592482,-0.674631,4.272523,37.052521,-0.039360,0.917813,0.040725,0.392953,-12.539371,0.774929,-5.857995,-0.037012,0.803205,0.049570,0.592482,12.614234,0.196322,32.949883
301,2.508333,-0.005485,0.885734,0.040286,0.462409,-5.575803,87.234970,13.587931,-0.062815,0.870968,0.132286,0.469009,-5.917282,94.480476,14.069843,-0.023348,0.874835,0.111687,0.470792,-8.854718,106.520256,16.227367,0.021575,0.919497,-0.056185,0.388462,-11.044280,121.125374,18.828075,0.026669,0.950831,-0.055294,0.303564,-8.636919,134.554108,16.411852,-0.008292,0.803667,0.243504,0.542915,-13.130988,115.695274,15.518398,0.240289,-0.360886,0.204580,-0.877593,-20.278021,120.068253,0.249237,0.209825,0.377342,-0.436075,-0.789573,-3.893542,106.764435,-13.119452,0.311010,0.436667,-0.350997,-0.767721,2.580100,123.136581,-5.138258,-0.136340,0.902911,0.189262,0.361031,-9.191233,115.239250,21.396235,0.328033,0.863768,0.137714,-0.356840,3.037842,117.147209,33.650204,-0.088399,0.213117,0.507300,-0.830310,16.281969,105.444923,15.991947,0.034554,0.017031,0.452532,-0.890916,8.363780,123.112282,10.688307,0.076608,0.876633,0.078390,0.468509,-10.649368,87.479126,6.322066,0.066463,0.875390,-0.096223,0.469059,-12.917890,51.100922,-1.476438,-0.039292,0.917790,0.040658,0.393021,-22.691031,5.097187,3.542550,-0.090680,0.872817,-0.077328,0.473275,-0.502237,86.990822,20.853796,-0.011391,0.863220,-0.091016,0.496425,2.669715,50.775780,29.084570,-0.037010,0.803181,0.049509,0.592520,-0.674206,4.274225,37.051506,-0.039292,0.917790,0.040658,0.393021,-12.540346,0.774726,-5.855377,-0.037010,0.803181,0.049509,0.592520,12.614736,0.196634,32.950489
302,2.516667,-0.005416,0.885772,0.040216,0.462343,-5.573340,87.234360,13.583696,-0.062867,0.871040,0.132222,0.468886,-5.913424,94.479958,14.065207,-0.023207,0.874929,0.111700,0.470621,-8.851411,106.521858,16.221464,0.021536,0.919534,-0.056369,0.388351,-11.036946,121.127083,18.824942,0.026704,0.950827,-0.055197,0.303593,-8.629066,134.554749,16.403303,-0.008244,0.803719,0.243431,0.542871,-13.126132,115.697815,15.515452,0.240039,-0.360895,0.204706,-0.877628,-20.274862,120.070358,0.246966,0.209774,0.377166,-0.436060,-0.789679,-3.893322,106.765022,-13.123790,0.311028,0.436688,-0.350809,-0.767788,2.585890,123.136154,-5.145521,-0.136308,0.902937,0.189326,0.360943,-9.184005,115.240265,21.391577,0.328115,0.863729,0.137671,-0.356875,3.047567,117.147133,33.643215,-0.088342,0.213169,0.507360,-0.830265,16.287735,105.441429,15.984267,0.034603,0.017006,0.452218,-0.891074,8.372882,123.109673,10.678280,0.076497,0.876657,0.078486,0.468466,-10.648014,87.478981,6.318621,0.066543,0.875441,-0.096291,0.468937,-12.906352,51.100624,-1.482145,-0.039275,0.917820,0.040510,0.392968,-22.688316,5.099127,3.540145,-0.090713,0.872857,-0.077234,0.473209,-0.498667,86.989746,20.848770,-0.011356,0.863232,-0.091161,0.496379,2.679379,50.774063,29.074400,-0.037032,0.803201,0.049357,0.592504,-0.673766,4.274922,37.051552,-0.039275,0.917820,0.040510,0.392968,-12.539294,0.772727,-5.857757,-0.037032,0.803201,0.049357,0.592504,12.614429,0.194263,32.951172
303,2.525000,-0.005333,0.885774,0.040186,0.462343,-5.567823,87.232933,13.577041,-0.062845,0.871068,0.132335,0.468805,-5.906637,94.478584,14.058722,-0.023144,0.874991,0.111644,0.470522,-8.845787,106.522026,16.218351,0.021457,0.919577,-0.056375,0.388252,-11.028596,121.127716,18.821526,0.026739,0.950850,-0.055163,0.303524,-8.623017,134.555542,16.398502,-0.008268,0.803745,0.243402,0.542845,-13.119364,115.698563,15.512853,0.240152,-0.361019,0.204644,-0.877561,-20.269054,120.069672,0.244401,0.209798,0.377087,-0.436011,-0.789737,-3.890708,106.764236,-13.130183,0.310939,0.436616,-0.350599,-0.767961,2.592434,123.134384,-5.153537,-0.136265,0.902976,0.189300,0.360875,-9.175876,115.240776,21.388046,0.328195,0.863676,0.137536,-0.356981,3.057819,117.147270,33.637627,-0.088158,0.213161,0.507506,-0.830197,16.291615,105.437279,15.976730,0.034871,0.016698,0.452373,-0.890990,8.382658,123.107239,10.668409,0.076446,0.876691,0.078507,0.468407,-10.642511,87.478607,6.312014,0.066568,0.875297,-0.096396,0.469182,-12.897344,51.099922,-1.488207,-0.039226,0.917819,0.040420,0.392982,-22.687305,5.100641,3.538840,-0.090773,0.872901,-0.077138,0.473131,-0.493135,86.987267,20.842070,-0.011291,0.863229,-0.091324,0.496355,2.692972,50.771297,29.063309,-0.037654,0.803241,0.048976,0.592442,-0.672961,4.274851,37.050743,-0.039226,0.917819,0.040420,0.392982,-12.538700,0.771414,-5.858211,-0.037654,0.803241,0.048976,0.592442,12.617241,0.195952,32.955120
304,2.533333,-0.005354,0.885804,0.040230,0.462282,-5.560271,87.233475,13.573454,-0.062778,0.871114,0.132273,0.468746,-5.899611,94.479065,14.055581,-0.023292,0.875013,0.111624,0.470479,-8.835866,106.520737,16.214451,0.021482,0.919600,-0.056314,0.388204,-11.022159,121.126350,18.815115,0.026770,0.950878,-0.055119,0.303441,-8.616787,134.554504,16.393694,-0.008087,0.803780,0.243378,0.542807,-13.111777,115.696075,15.507555,0.240359,-0.361157,0.204583,-0.877462,-20.262999,120.071449,0.241040,0.209881,0.377088,-0.435887,-0.789783,-3.888388,106.764305,-13.136426,0.310847,0.436572,-0.350444,-0.768094,2.598750,123.132286,-5.159629,-0.136193,0.902988,0.189284,0.360882,-9.167809,115.240334,21.382587,0.328164,0.863643,0.137670,-0.357038,3.066404,117.144760,33.631977,-0.088102,0.213042,0.507458,-0.830264,16.299175,105.439415,15.967239,0.034604,0.016376,0.452672,-0.890855,8.385699,123.109344,10.660674,0.076427,0.876749,0.078544,0.468296,-10.635954,87.479134,6.309118,0.066589,0.875265,-0.096450,0.469229,-12.889186,51.100666,-1.492576,-0.039139,0.917846,0.040377,0.392933,-22.683535,5.102643,3.537434,-0.090792,0.872908,-0.077072,0.473125,-0.484588,86.987808,20.837790,-0.011229,0.863232,-0.091448,0.496328,2.705183,50.771343,29.055410,-0.037482,0.803319,0.048958,0.592349,-0.671371,4.276905,37.050030,-0.039139,0.917846,0.040377,0.392933,-12.536843,0.771300,-5.860714,-0.037482,0.803319,0.048958,0.592349,12.616584,0.194760,32.950348
305,2.541667,-0.005401,0.885821,0.040230,0.462249,-5.551977,87.235588,13.568847,-0.062736,0.871102,0.132384,0.468743,-5.891902,94.481178,14.050672,-0.023285,0.875001,0.111615,0.470503,-8.828614,106.522682,16.212502,0.021484,0.919555,-0.056654,0.388262,-11.014647,121.128372,18.812965,0.026768,0.950835,-0.054950,0.303605,-8.605449,134.554367,16.383348,-0.007863,0.803752,0.243371,0.542854,-13.104242,115.698135,15.505330,0.240423,-0.361280,0.204675,-0.877372,-20.253811,120.080063,0.239925,0.210001,0.377046,-0.435778,-0.789831,-3.885539,106.767151,-13.139550,0.310937,0.436571,-0.350218,-0.768161,2.606552,123.134193,-5.164396,-0.136176,0.903026,0.189232,0.360820,-9.160591,115.242325,21.380568,0.328194,0.863617,0.137736,-0.357048,3.075335,117.147469,33.628128,-0.088024,0.213010,0.507501,-0.830254,16.306730,105.442520,15.962095,0.034700,0.016364,0.452816,-0.890778,8.394776,123.112213,10.655449,0.076422,0.876723,0.078566,0.468341,-10.628188,87.480484,6.304856,0.066624,0.875181,-0.096593,0.469349,-12.879923,51.102222,-1.498210,-0.038986,0.917851,0.040364,0.392937,-22.684090,5.107251,3.540519,-0.090807,0.872922,-0.077021,0.473105,-0.475766,86.990692,20.832836,-0.011158,0.863126,-0.091567,0.496492,2.717002,50.773834,29.047573,-0.037029,0.803188,0.049073,0.592545,-0.672444,4.281309,37.047855,-0.038986,0.917851,0.040364,0.392937,-12.538737,0.773858,-5.858127,-0.037029,0.803188,0.049073,0.592545,12.614757,0.194230,32.950653
306,2.550000,-0.005502,0.885825,0.040354,0.462229,-5.542248,87.236824,13.563378,-0.062803,0.871110,0.132428,0.468707,-5.884305,94.482246,14.046118,-0.023117,0.875033,0.111663,0.470440,-8.823946,106.527496,16.208979,0.021820,0.919567,-0.056679,0.388210,-11.006052,121.133102,18.813223,0.026574,0.950867,-0.054983,0.303519,-8.588384,134.558075,16.386393,-0.007933,0.803778,0.243344,0.542828,-13.097530,115.704117,15.504709,0.240271,-0.361322,0.204737,-0.877382,-20.248055,120.083344,0.238973,0.209965,0.376940,-0.435706,-0.789931,-3.882530,106.769875,-13.143307,0.310869,0.436573,-0.349934,-0.768317,2.615144,123.135162,-5.168664,-0.136205,0.903043,0.189282,0.360742,-9.152922,115.246025,21.379128,0.328433,0.863493,0.137819,-0.357097,3.084710,117.152039,33.624855,-0.088001,0.212991,0.507738,-0.830116,16.306545,105.440643,15.955938,0.034714,0.016357,0.452647,-0.890864,8.403494,123.116127,10.651178,0.076395,0.876723,0.078578,0.468344,-10.618765,87.481125,6.299581,0.066688,0.875114,-0.096726,0.469438,-12.868298,51.102699,-1.503371,-0.039039,0.917849,0.040290,0.392946,-22.684076,5.110970,3.542334,-0.090915,0.872915,-0.076985,0.473105,-0.465731,86.992523,20.827175,-0.011020,0.863074,-0.091687,0.496564,2.735278,50.776718,29.043352,-0.037825,0.803246,0.048589,0.592456,-0.671765,4.285985,37.046574,-0.039039,0.917849,0.040290,0.392946,-12.538284,0.776315,-5.855258,-0.037825,0.803246,0.048589,0.592456,12.617937,0.201242,32.955147
307,2.558333,-0.005538,0.885851,0.040379,0.462176,-5.533473,87.238899,13.559225,-0.062804,0.871113,0.132445,0.468697,-5.876126,94.484291,14.042072,-0.023107,0.875027,0.111719,0.470439,-8.816220,106.530533,16.205528,0.021901,0.919551,-0.056857,0.388218,-10.998857,121.135773,18.811348,0.026532,0.950861,-0.054901,0.303555,-8.577275,134.559402,16.380999,-0.007982,0.803761,0.243371,0.542840,-13.090137,115.707085,15.502249,0.240120,-0.361315,0.204826,-0.877405,-20.240179,120.085571,0.236075,0.209937,0.376874,-0.435681,-0.789983,-3.876252,106.770752,-13.146811,0.310905,0.436522,-0.349772,-0.768405,2.623923,123.134552,-5.173073,-0.136229,0.903075,0.189423,0.360578,-9.145514,115.248489,21.376616,0.328053,0.863666,0.137604,-0.357111,3.096008,117.154709,33.618420,-0.087983,0.212891,0.507390,-0.830356,16.329823,105.453148,15.951959,0.034989,0.016315,0.452585,-0.890885,8.411922,123.119057,10.647561,0.076347,0.876743,0.078625,0.468306,-10.610851,87.482819,6.296017,0.066742,0.875029,-0.096854,0.469562,-12.855968,51.104389,-1.508208,-0.039079,0.917890,0.040110,0.392863,-22.682476,5.115682,3.544143,-0.090933,0.872837,-0.076894,0.473258,-0.456094,86.994987,20.822433,-0.010994,0.862867,-0.091791,0.496905,2.747887,50.778389,29.033943,-0.037760,0.803119,0.048596,0.592632,-0.669342,4.289392,37.042931,-0.039079,0.917890,0.040110,0.392863,-12.538544,0.776870,-5.853537,-0.037760,0.803119,0.048596,0.592632,12.621683,0.203764,32.956696
308,2.566667,-0.005454,0.885855,0.040341,0.462172,-5.528540,87.240974,13.555061,-0.062759,0.871082,0.132501,0.468745,-5.869851,94.486427,14.037986,-0.023099,0.874991,0.111679,0.470515,-8.809297,106.530678,16.202692,0.021858,0.919551,-0.056851,0.388221,-10.991402,121.136185,18.807417,0.026608,0.950877,-0.054930,0.303492,-8.570935,134.559967,16.376766,-0.007849,0.803876,0.243195,0.542751,-13.082493,115.707466,15.498241,0.239972,-0.361288,0.204897,-0.877440,-20.235998,120.085541,0.233570,0.209975,0.376775,-0.435548,-0.790094,-3.872544,106.770279,-13.149460,0.310977,0.436455,-0.349506,-0.768535,2.635246,123.132256,-5.176421,-0.136172,0.903084,0.189385,0.360597,-9.138874,115.248917,21.373289,0.328086,0.863662,0.137639,-0.357075,3.102703,117.153755,33.615257,-0.087829,0.212918,0.507380,-0.830372,16.336697,105.451180,15.949585,0.035323,0.016569,0.452357,-0.890983,8.419404,123.114540,10.641374,0.076240,0.876697,0.078695,0.468399,-10.605994,87.485893,6.291940,0.066815,0.875033,-0.096961,0.469523,-12.840861,51.107071,-1.513381,-0.038882,0.917913,0.040023,0.392839,-22.677839,5.121252,3.544899,-0.090971,0.872814,-0.076787,0.473312,-0.451084,86.996063,20.818182,-0.011004,0.862710,-0.091872,0.497162,2.758684,50.778736,29.024225,-0.037100,0.803107,0.049242,0.592636,-0.663961,4.291183,37.039261,-0.038882,0.917913,0.040023,0.392839,-12.536426,0.778014,-5.853453,-0.037100,0.803107,0.049242,0.592636,12.625492,0.209096,32.944374
309,2.575000,-0.005423,0.885865,0.040323,0.462155,-5.522334,87.240372,13.550383,-0.062647,0.871103,0.132517,0.468716,-5.863124,94.485847,14.033294,-0.023213,0.874998,0.111630,0.470509,-8.799549,106.527580,16.199284,0.022099,0.919562,-0.056824,0.388187,-10.983946,121.133270,18.801140,0.026545,0.950922,-0.054952,0.303354,-8.557870,134.556595,16.373602,-0.007802,0.803880,0.243226,0.542731,-13.074158,115.703568,15.493000,0.240052,-0.361297,0.204890,-0.877416,-20.228424,120.083389,0.229190,0.210063,0.376745,-0.435482,-0.790122,-3.865148,106.767097,-13.153028,0.311003,0.436403,-0.349344,-0.768627,2.645595,123.128197,-5.181566,-0.136277,0.903075,0.189550,0.360493,-9.130534,115.246773,21.368177,0.328073,0.863674,0.137647,-0.357055,3.112651,117.153465,33.608238,-0.087748,0.212824,0.507293,-0.830458,16.347782,105.451271,15.943180,0.035389,0.016565,0.452316,-0.891001,8.425497,123.112129,10.635509,0.076080,0.876803,0.078768,0.468214,-10.600074,87.485619,6.287473,0.066939,0.875084,-0.096994,0.469404,-12.823584,51.105820,-1.516557,-0.038706,0.917940,0.039999,0.392794,-22.671560,5.122179,3.540136,-0.090991,0.872812,-0.076681,0.473329,-0.444595,86.995132,20.813292,-0.010944,0.862617,-0.092027,0.497296,2.770070,50.776875,29.013288,-0.036752,0.803039,0.049263,0.592749,-0.666051,4.291892,37.037441,-0.038706,0.917940,0.039999,0.392794,-12.532727,0.776311,-5.859788,-0.036752,0.803039,0.049263,0.592749,12.622118,0.204517,32.943676
310,2.583333,-0.005434,0.885858,0.040278,0.462174,-5.515660,87.240181,13.547156,-0.062570,0.871087,0.132557,0.468743,-5.856297,94.485703,14.029413,-0.023196,0.874977,0.111632,0.470549,-8.791804,106.528320,16.197256,0.022074,0.919539,-0.056849,0.388239,-10.975886,121.134018,18.799292,0.026550,0.950894,-0.055053,0.303422,-8.549968,134.557251,16.371078,-0.008735,0.802752,0.244371,0.543870,-13.066013,115.704491,15.490834,0.239747,-0.361433,0.205382,-0.877329,-20.176622,120.089867,0.208229,0.209806,0.377382,-0.435745,-0.789741,-3.828348,106.756798,-13.175628,0.311114,0.436401,-0.349034,-0.768725,2.657184,123.126640,-5.185322,-0.136187,0.903093,0.189612,0.360450,-9.122912,115.247391,21.366343,0.328217,0.863566,0.137486,-0.357245,3.122222,117.150856,33.604965,-0.087891,0.212823,0.507529,-0.830299,16.345850,105.442635,15.935286,0.035436,0.016668,0.452266,-0.891023,8.431840,123.112297,10.631890,0.075997,0.876773,0.078887,0.468264,-10.593098,87.484894,6.284016,0.067038,0.875069,-0.097152,0.469385,-12.806582,51.105572,-1.525065,-0.038872,0.917955,0.039828,0.392761,-22.669495,5.126086,3.540317,-0.091005,0.872728,-0.076547,0.473502,-0.438222,86.995461,20.810297,-0.010940,0.862513,-0.092152,0.497453,2.780575,50.775875,29.002810,-0.036820,0.803124,0.049142,0.592639,-0.663229,4.293060,37.036263,-0.038872,0.917955,0.039828,0.392761,-12.530354,0.777751,-5.858135,-0.036820,0.803124,0.049142,0.592639,12.623747,0.204100,32.940193
311,2.591667,-0.005419,0.885858,0.040322,0.462168,-5.508197,87.241425,13.542229,-0.062587,0.871074,0.132550,0.468768,-5.848934,94.486900,14.025146,-0.023161,0.874961,0.111652,0.470574,-8.784660,106.528946,16.192440,0.022033,0.919522,-0.056986,0.388260,-10.968192,121.134567,18.795437,0.026623,0.950873,-0.055027,0.303486,-8.541776,134.557037,16.363474,-0.008713,0.802760,0.244451,0.543823,-13.058406,115.705368,15.486477,0.239894,-0.361407,0.205363,-0.877304,-20.170805,120.092461,0.205205,0.209987,0.377365,-0.435616,-0.789772,-3.821194,106.758141,-13.175760,0.311121,0.436487,-0.348838,-0.768762,2.668779,123.126099,-5.188017,-0.136191,0.903066,0.189598,0.360523,-9.115622,115.247658,21.362146,0.328180,0.863580,0.137553,-0.357221,3.127618,117.150810,33.602703,-0.087919,0.212832,0.507542,-0.830285,16.353310,105.445015,15.932967,0.035466,0.016613,0.452031,-0.891142,8.440042,123.115013,10.630047,0.075952,0.876762,0.078901,0.468289,-10.585725,87.486725,6.279173,0.067069,0.874942,-0.097257,0.469594,-12.795589,51.107048,-1.529290,-0.038634,0.917966,0.039769,0.392764,-22.666845,5.129889,3.540931,-0.091092,0.872632,-0.076478,0.473674,-0.430670,86.996117,20.805285,-0.010814,0.862472,-0.092276,0.497504,2.794556,50.776909,28.996923,-0.037469,0.803162,0.048322,0.592614,-0.665821,4.295993,37.034210,-0.038634,0.917966,0.039769,0.392764,-12.529972,0.777382,-5.858030,-0.037469,0.803162,0.048322,0.592614,12.621596,0.199390,32.947239
312,2.600000,-0.005455,0.885857,0.040449,0.462160,-5.496859,87.242592,13.536179,-0.062583,0.871105,0.132578,0.468703,-5.838911,94.487915,14.020482,-0.023179,0.874999,0.111741,0.470483,-8.774810,106.530167,16.188721,0.022005,0.919552,-0.056903,0.388204,-10.959785,121.135155,18.793999,0.026653,0.950877,-0.055135,0.303450,-8.535177,134.558228,16.363579,-0.008681,0.802748,0.244445,0.543845,-13.049920,115.706108,15.484756,0.239815,-0.361406,0.205396,-0.877318,-20.161516,120.094215,0.203393,0.210025,0.377417,-0.435540,-0.789779,-3.812531,106.759735,-13.178201,0.311201,0.436537,-0.348594,-0.768812,2.678263,123.125984,-5.188996,-0.136432,0.902996,0.189646,0.360582,-9.105927,115.248177,21.359602,0.328220,0.863585,0.137669,-0.357127,3.133554,117.157593,33.602951,-0.087785,0.212842,0.507487,-0.830330,16.361315,105.451393,15.935016,0.035487,0.016651,0.451949,-0.891182,8.446162,123.118935,10.628563,0.075923,0.876746,0.078872,0.468329,-10.574516,87.488358,6.273227,0.067150,0.874891,-0.097373,0.469655,-12.783164,51.108025,-1.532513,-0.038528,0.917973,0.039778,0.392757,-22.666460,5.134025,3.542861,-0.091120,0.872575,-0.076474,0.473775,-0.419202,86.996826,20.799129,-0.010759,0.862303,-0.092351,0.497785,2.807037,50.777946,28.991852,-0.037555,0.803112,0.048317,0.592678,-0.663999,4.298231,37.031483,-0.038528,0.917973,0.039778,0.392757,-12.530655,0.780527,-5.856796,-0.037555,0.803112,0.048317,0.592678,12.624648,0.202944,32.947178
313,2.608333,-0.005259,0.885844,0.040397,0.462192,-5.492689,87.240341,13.531134,-0.062488,0.871060,0.132590,0.468796,-5.831881,94.485756,14.016077,-0.023222,0.874928,0.111812,0.470596,-8.766795,106.531158,16.185938,0.021886,0.919498,-0.057644,0.388230,-10.954208,121.135620,18.792145,0.026855,0.950852,-0.054838,0.303564,-8.524712,134.554260,16.342209,-0.008631,0.802783,0.244408,0.543811,-13.042803,115.706657,15.481773,0.239453,-0.361244,0.205533,-0.877452,-20.155725,120.095146,0.201137,0.209974,0.377406,-0.435519,-0.789809,-3.803714,106.761780,-13.177855,0.311303,0.436596,-0.348342,-0.768851,2.688543,123.128044,-5.187049,-0.136485,0.902982,0.189682,0.360577,-9.100347,115.248581,21.357635,0.328129,0.863630,0.137752,-0.357070,3.138750,117.159164,33.601185,-0.087832,0.212831,0.507472,-0.830338,16.371500,105.457260,15.934152,0.035645,0.016692,0.451658,-0.891322,8.455578,123.124695,10.628962,0.075816,0.876782,0.078915,0.468270,-10.569857,87.488785,6.267933,0.067216,0.874784,-0.097517,0.469815,-12.770576,51.107742,-1.536703,-0.038504,0.917969,0.039758,0.392771,-22.666555,5.137232,3.545598,-0.091251,0.872597,-0.076454,0.473712,-0.415521,86.991890,20.794334,-0.010643,0.862276,-0.092419,0.497822,2.820487,50.774574,28.990122,-0.037365,0.802996,0.048961,0.592794,-0.663546,4.295802,37.029587,-0.038504,0.917969,0.039758,0.392771,-12.530759,0.782979,-5.853717,-0.037365,0.802996,0.048961,0.592794,12.628022,0.211793,32.943497
314,2.616667,-0.005261,0.885837,0.040375,0.462206,-5.485033,87.242195,13.527404,-0.062467,0.871029,0.132604,0.468853,-5.824119,94.487640,14.012051,-0.023230,0.874881,0.111900,0.470662,-8.758931,106.533264,16.182322,0.021848,0.919469,-0.057561,0.388311,-10.947999,121.137115,18.790533,0.026923,0.950813,-0.055014,0.303649,-8.519995,134.556396,16.342564,-0.008725,0.802751,0.244490,0.543820,-13.035607,115.708519,15.478955,0.239479,-0.361165,0.205497,-0.877486,-20.148130,120.096001,0.197849,0.210030,0.377403,-0.435465,-0.789826,-3.792524,106.764343,-13.178435,0.311098,0.436795,-0.348058,-0.768950,2.702001,123.130943,-5.187516,-0.136507,0.902956,0.189720,0.360615,-9.094043,115.249840,21.355370,0.328067,0.863660,0.137827,-0.357026,3.143898,117.160271,33.600101,-0.087871,0.212825,0.507416,-0.830370,16.380255,105.461586,15.933631,0.035613,0.016769,0.451663,-0.891320,8.461889,123.128143,10.628939,0.075831,0.876770,0.078890,0.468294,-10.561972,87.490448,6.264034,0.067239,0.874681,-0.097623,0.469981,-12.764327,51.109280,-1.539621,-0.038431,0.917981,0.039660,0.392761,-22.667807,5.141020,3.548440,-0.091233,0.872454,-0.076409,0.473985,-0.408095,86.993950,20.790773,-0.010641,0.862060,-0.092475,0.498184,2.825768,50.775867,28.984011,-0.037740,0.802982,0.048498,0.592826,-0.664422,4.298079,37.026497,-0.038431,0.917981,0.039660,0.392761,-12.533179,0.783454,-5.850600,-0.037740,0.802982,0.048498,0.592826,12.627916,0.209905,32.947083
315,2.625000,-0.005200,0.885818,0.040377,0.462244,-5.479395,87.241104,13.522701,-0.062462,0.871017,0.132597,0.468877,-5.817732,94.486549,14.007772,-0.023197,0.874876,0.111887,0.470675,-8.752638,106.533134,16.178024,0.021976,0.919320,-0.058438,0.388527,-10.940693,121.137115,18.786339,0.026857,0.950648,-0.054625,0.304241,-8.499436,134.550415,16.318903,-0.008646,0.802704,0.244480,0.543895,-13.028630,115.708710,15.474662,0.239377,-0.361105,0.205571,-0.877521,-20.138372,120.098877,0.193031,0.210052,0.377527,-0.435382,-0.789806,-3.782135,106.766151,-13.181424,0.311062,0.436875,-0.347690,-0.769086,2.711560,123.131203,-5.186705,-0.136505,0.902894,0.189741,0.360760,-9.087219,115.249680,21.351152,0.328007,0.863690,0.137901,-0.356979,3.147103,117.158531,33.599743,-0.087887,0.212843,0.507368,-0.830393,16.387144,105.462921,15.933996,0.035618,0.016812,0.451536,-0.891383,8.466959,123.128929,10.628539,0.075795,0.876735,0.078863,0.468371,-10.555731,87.490349,6.258945,0.067268,0.874511,-0.097578,0.470302,-12.755969,51.108456,-1.541894,-0.039132,0.918004,0.039190,0.392684,-22.661715,5.139729,3.537543,-0.091184,0.872364,-0.076386,0.474165,-0.403060,86.991852,20.786459,-0.010696,0.861873,-0.092512,0.498499,2.826750,50.772846,28.977203,-0.038093,0.802956,0.048211,0.592863,-0.663701,4.295817,37.024002,-0.039132,0.918004,0.039190,0.392684,-12.523697,0.778150,-5.855977,-0.038093,0.802956,0.048211,0.592863,12.630158,0.207096,32.950096
316,2.633333,-0.005597,0.885763,0.040576,0.462328,-5.457495,87.233971,13.517544,-0.062789,0.870950,0.132865,0.468883,-5.802321,94.479118,14.002460,-0.023116,0.874883,0.111915,0.470661,-8.750468,106.535172,16.176731,0.021787,0.919453,-0.057685,0.388335,-10.936752,121.139084,18.786930,0.027081,0.950764,-0.055233,0.303751,-8.508885,134.557709,16.335333,-0.008790,0.802582,0.244508,0.544060,-13.025469,115.711304,15.474704,0.239199,-0.361076,0.205646,-0.877563,-20.128860,120.099426,0.189531,0.210044,0.377635,-0.435294,-0.789805,-3.773123,106.766525,-13.185369,0.311100,0.436892,-0.347239,-0.769264,2.720061,123.128868,-5.186876,-0.136502,0.902897,0.189793,0.360726,-9.083807,115.251122,21.350937,0.327986,0.863715,0.137739,-0.357002,3.151402,117.159477,33.598717,-0.088004,0.212979,0.507369,-0.830345,16.391312,105.461647,15.934345,0.035533,0.016871,0.451305,-0.891502,8.473433,123.128319,10.627098,0.075940,0.876859,0.078880,0.468112,-10.532373,87.478676,6.252614,0.067317,0.874507,-0.097739,0.470270,-12.743707,51.098621,-1.553659,-0.038908,0.917964,0.039466,0.392772,-22.660376,5.133498,3.537027,-0.090967,0.872346,-0.076481,0.474224,-0.382617,86.989265,20.782475,-0.010748,0.861739,-0.092525,0.498728,2.829317,50.768410,28.972069,-0.037874,0.802839,0.048767,0.592990,-0.659602,4.291704,37.021370,-0.038908,0.917964,0.039466,0.392772,-12.521778,0.776418,-5.857954,-0.037874,0.802839,0.048767,0.592990,12.636641,0.211802,32.946415
317,2.641667,-0.005619,0.885754,0.040548,0.462346,-5.445568,87.235130,13.513292,-0.062724,0.870890,0.133011,0.468960,-5.790493,94.480309,13.997706,-0.023254,0.874805,0.111937,0.470792,-8.738134,106.531563,16.174885,0.021648,0.919419,-0.057562,0.388442,-10.928746,121.135124,18.783365,0.027172,0.950735,-0.055346,0.303811,-8.505220,134.554916,16.333761,-0.008666,0.802620,0.244476,0.544019,-13.015074,115.706635,15.470812,0.239093,-0.360980,0.205570,-0.877650,-20.120087,120.097260,0.187111,0.210006,0.377748,-0.435263,-0.789779,-3.759304,106.769852,-13.187094,0.310998,0.436999,-0.346895,-0.769400,2.731627,123.131073,-5.184697,-0.136460,0.902848,0.189764,0.360879,-9.075261,115.247787,21.348387,0.327870,0.863746,0.137845,-0.356991,3.156491,117.153915,33.599964,-0.088071,0.212981,0.507310,-0.830373,16.400549,105.462410,15.934525,0.035501,0.016922,0.451212,-0.891550,8.479936,123.129143,10.627897,0.075972,0.876807,0.078871,0.468205,-10.520148,87.479294,6.248138,0.067372,0.874436,-0.097847,0.470371,-12.733123,51.099503,-1.558892,-0.038890,0.917973,0.039383,0.392762,-22.659599,5.137068,3.536995,-0.090876,0.872347,-0.076562,0.474225,-0.370988,86.990967,20.778448,-0.010748,0.861667,-0.092561,0.498845,2.832122,50.769787,28.970087,-0.037161,0.803041,0.048724,0.592765,-0.659575,4.293716,37.021851,-0.038890,0.917973,0.039383,0.392762,-12.521625,0.777664,-5.857581,-0.037161,0.803041,0.048724,0.592765,12.629083,0.201028,32.934990
318,2.650000,-0.005586,0.885761,0.040667,0.462322,-5.435965,87.235794,13.507514,-0.062720,0.870843,0.133077,0.469031,-5.781247,94.480835,13.993682,-0.023294,0.874739,0.112013,0.470895,-8.730218,106.533638,16.172436,0.021660,0.919368,-0.057563,0.388562,-10.923241,121.136642,18.782074,0.027166,0.950690,-0.055471,0.303930,-8.498912,134.556381,16.333040,-0.008755,0.802559,0.244538,0.544081,-13.008091,115.708282,15.468374,0.238810,-0.360814,0.205645,-0.877778,-20.110714,120.098114,0.183333,0.209955,0.377828,-0.435262,-0.789755,-3.745498,106.773232,-13.187964,0.310997,0.437197,-0.346674,-0.769388,2.743448,123.134758,-5.182217,-0.136688,0.902797,0.189823,0.360890,-9.069677,115.249214,21.346870,0.327876,0.863784,0.137905,-0.356870,3.159641,117.161453,33.599930,-0.088053,0.213006,0.507232,-0.830416,16.407845,105.469284,15.938033,0.035424,0.017024,0.451290,-0.891511,8.484927,123.133232,10.629831,0.075982,0.876767,0.078846,0.468283,-10.510941,87.481430,6.242685,0.067380,0.874315,-0.097943,0.470574,-12.724712,51.101448,-1.563271,-0.038714,0.917985,0.039387,0.392751,-22.657257,5.140903,3.537820,-0.090855,0.872237,-0.076658,0.474417,-0.360988,86.990150,20.772343,-0.010728,0.861527,-0.092540,0.499092,2.835541,50.769783,28.970114,-0.037204,0.802985,0.048750,0.592835,-0.659145,4.293304,37.018211,-0.038714,0.917985,0.039387,0.392751,-12.521091,0.779623,-5.857840,-0.037204,0.802985,0.048750,0.592835,12.630649,0.201914,32.933739
319,2.658333,-0.005658,0.885732,0.040640,0.462380,-5.430346,87.238861,13.506627,-0.062819,0.870800,0.133027,0.469111,-5.776415,94.483925,13.991936,-0.023193,0.874698,0.112113,0.470952,-8.727034,106.536224,16.168064,0.021690,0.919342,-0.057617,0.388613,-10.918997,121.138695,18.781546,0.027184,0.950665,-0.055536,0.303995,-8.493152,134.558014,16.331713,-0.008799,0.802483,0.244578,0.544173,-13.003978,115.711464,15.466091,0.238801,-0.360681,0.205597,-0.877846,-20.103054,120.101639,0.179508,0.209970,0.377894,-0.435202,-0.789752,-3.732081,106.779877,-13.187832,0.310685,0.437492,-0.346451,-0.769446,2.756962,123.140312,-5.179843,-0.136713,0.902770,0.189882,0.360918,-9.066266,115.250381,21.344900,0.327799,0.863848,0.137979,-0.356757,3.162105,117.162369,33.598934,-0.088109,0.212976,0.507172,-0.830454,16.416838,105.473015,15.940076,0.035418,0.017006,0.451324,-0.891495,8.490491,123.137199,10.633151,0.075935,0.876764,0.078885,0.468290,-10.504350,87.483177,6.241076,0.067462,0.874334,-0.098057,0.470503,-12.713655,51.103115,-1.565763,-0.038843,0.918030,0.039208,0.392651,-22.657541,5.145738,3.541742,-0.090847,0.872130,-0.076646,0.474617,-0.356342,86.994545,20.772177,-0.010700,0.861407,-0.092519,0.499303,2.838276,50.773941,28.969639,-0.037506,0.802896,0.048597,0.592950,-0.659686,4.297048,37.013927,-0.038843,0.918030,0.039208,0.392651,-12.522751,0.781330,-5.853944,-0.037506,0.802896,0.048597,0.592950,12.632672,0.207222,32.936245
320,2.666667,-0.005729,0.885686,0.040694,0.462462,-5.419813,87.240303,13.503277,-0.062828,0.870739,0.133104,0.469202,-5.767196,94.485291,13.988775,-0.023290,0.874629,0.112179,0.471059,-8.718886,106.536018,16.165960,0.021734,0.919275,-0.057748,0.388751,-10.914622,121.137917,18.779516,0.027158,0.950613,-0.055522,0.304161,-8.485742,134.556274,16.327473,-0.008789,0.802413,0.244663,0.544239,-12.997569,115.710388,15.463251,0.238643,-0.360551,0.205607,-0.877940,-20.094181,120.103050,0.176235,0.210018,0.378139,-0.435124,-0.789665,-3.718709,106.784271,-13.188589,0.310889,0.437546,-0.346048,-0.769514,2.765357,123.142334,-5.175178,-0.136774,0.902733,0.189931,0.360961,-9.061348,115.249870,21.343102,0.327686,0.863920,0.138252,-0.356582,3.165360,117.162704,33.598667,-0.088135,0.212877,0.507058,-0.830546,16.430031,105.480705,15.942405,0.035383,0.016999,0.451334,-0.891491,8.497361,123.142799,10.638116,0.075940,0.876734,0.078825,0.468356,-10.492468,87.484016,6.236763,0.067532,0.874226,-0.098143,0.470676,-12.703601,51.103306,-1.566527,-0.038734,0.918009,0.039220,0.392710,-22.658010,5.148411,3.542830,-0.090790,0.872103,-0.076725,0.474666,-0.347159,86.996582,20.769793,-0.010682,0.861333,-0.092488,0.499437,2.840466,50.776100,28.970512,-0.039195,0.802721,0.047570,0.593161,-0.658663,4.298615,37.010895,-0.038734,0.918009,0.039220,0.392710,-12.522989,0.783119,-5.852200,-0.039195,0.802721,0.047570,0.593161,12.642975,0.213847,32.958473
321,2.675000,-0.005697,0.885657,0.040729,0.462516,-5.411789,87.239731,13.500343,-0.062854,0.870726,0.133121,0.469217,-5.759030,94.484680,13.986485,-0.023339,0.874625,0.112182,0.471064,-8.711347,106.534485,16.163534,0.021657,0.919256,-0.057731,0.388801,-10.908441,121.136284,18.776443,0.027209,0.950575,-0.055579,0.304265,-8.481454,134.554947,16.324181,-0.008956,0.802382,0.244518,0.544347,-12.990827,115.708450,15.460350,0.238305,-0.360359,0.205526,-0.878130,-20.083221,120.094635,0.169516,0.209892,0.378358,-0.435158,-0.789574,-3.699148,106.785873,-13.194736,0.311194,0.437455,-0.345948,-0.769488,2.777529,123.143921,-5.173866,-0.136860,0.902665,0.189948,0.361088,-9.054703,115.248512,21.340311,0.327662,0.863943,0.138314,-0.356524,3.167979,117.162666,33.599689,-0.088222,0.212984,0.507061,-0.830508,16.435513,105.482040,15.944661,0.035232,0.017050,0.451306,-0.891511,8.504792,123.144493,10.638947,0.075939,0.876719,0.078819,0.468386,-10.483566,87.484276,6.233244,0.067620,0.874164,-0.098244,0.470758,-12.694578,51.103485,-1.569710,-0.038704,0.917983,0.039130,0.392782,-22.661144,5.151597,3.543001,-0.090818,0.872130,-0.076795,0.474599,-0.340012,86.995186,20.767441,-0.010610,0.861440,-0.092499,0.499252,2.847498,50.775887,28.973467,-0.038342,0.802857,0.048015,0.592996,-0.656331,4.298446,37.012047,-0.038704,0.917983,0.039130,0.392782,-12.525207,0.783737,-5.849847,-0.038342,0.802857,0.048015,0.592996,12.639698,0.209476,32.945484
322,2.683333,-0.005630,0.885557,0.040751,0.462706,-5.405536,87.240784,13.497082,-0.063024,0.870647,0.133164,0.469328,-5.752172,94.485725,13.983880,-0.023185,0.874596,0.112216,0.471118,-8.709663,106.537560,16.159943,0.021606,0.919234,-0.057846,0.388839,-10.903339,121.139351,18.775805,0.027252,0.950547,-0.055615,0.304342,-8.476297,134.557419,16.320314,-0.009059,0.802288,0.244531,0.544479,-12.986794,115.712738,15.458364,0.238442,-0.360232,0.205457,-0.878160,-20.074129,120.097435,0.164759,0.210072,0.378480,-0.435084,-0.789509,-3.684098,106.790398,-13.193912,0.311164,0.437661,-0.345582,-0.769547,2.791572,123.148895,-5.172642,-0.136801,0.902641,0.189941,0.361175,-9.051291,115.250565,21.338564,0.327690,0.863960,0.138293,-0.356466,3.169765,117.162254,33.599945,-0.088321,0.213103,0.507099,-0.830444,16.438467,105.479362,15.947299,0.035088,0.017110,0.451321,-0.891507,8.510873,123.144020,10.640004,0.075896,0.876710,0.078803,0.468411,-10.474205,87.486702,6.227862,0.067681,0.874138,-0.098309,0.470784,-12.682809,51.105236,-1.572640,-0.038616,0.918026,0.039022,0.392703,-22.657373,5.155334,3.542317,-0.090729,0.871919,-0.076754,0.475011,-0.336866,86.994865,20.766300,-0.010711,0.861222,-0.092509,0.499623,2.842554,50.773895,28.968075,-0.037899,0.802908,0.048170,0.592944,-0.656991,4.296848,37.010773,-0.038616,0.918026,0.039022,0.392703,-12.524179,0.783684,-5.851723,-0.037899,0.802908,0.048170,0.592944,12.636074,0.203994,32.938435
323,2.691667,-0.005556,0.885533,0.040642,0.462762,-5.403299,87.239769,13.496441,-0.062911,0.870596,0.133151,0.469442,-5.748277,94.484840,13.982311,-0.023374,0.874510,0.112128,0.471289,-8.702909,106.535019,16.158680,0.021559,0.919170,-0.057765,0.389005,-10.900824,121.137146,18.769131,0.027323,0.950503,-0.055650,0.304468,-8.475132,134.555847,16.315788,-0.009155,0.802256,0.244451,0.544560,-12.981701,115.709068,15.452464,0.238042,-0.359958,0.205429,-0.878388,-20.065882,120.090256,0.156392,0.209937,0.378640,-0.435147,-0.789434,-3.665407,106.792595,-13.198783,0.311156,0.437833,-0.345181,-0.769633,2.803457,123.150993,-5.171961,-0.136785,0.902587,0.189926,0.361324,-9.048612,115.249542,21.334484,0.327611,0.864029,0.138223,-0.356397,3.168841,117.159691,33.599693,-0.088506,0.213299,0.507100,-0.830373,16.442541,105.477348,15.950447,0.035029,0.017314,0.451254,-0.891540,8.518014,123.143623,10.640812,0.075813,0.876590,0.078926,0.468628,-10.471061,87.485992,6.226598,0.067805,0.874186,-0.098394,0.470659,-12.668014,51.105045,-1.579570,-0.038552,0.918038,0.038895,0.392693,-22.655706,5.158305,3.538140,-0.090762,0.871905,-0.076704,0.475037,-0.335537,86.993538,20.766283,-0.010634,0.861397,-0.092560,0.499314,2.847542,50.772434,28.966049,-0.038435,0.802883,0.047818,0.592971,-0.657752,4.296109,37.010448,-0.038552,0.918038,0.038895,0.392693,-12.523672,0.782720,-5.855324,-0.038435,0.802883,0.047818,0.592971,12.637739,0.204273,32.945007
324,2.700000,-0.005530,0.885467,0.040645,0.462889,-5.398876,87.240074,13.494054,-0.062310,0.870527,0.133047,0.469680,-5.743613,94.485153,13.980097,-0.023781,0.874309,0.112127,0.471642,-8.682495,106.529549,16.159180,0.021464,0.919078,-0.057592,0.389253,-10.892125,121.131096,18.762926,0.027261,0.950493,-0.055680,0.304501,-8.469622,134.551163,16.313856,-0.009037,0.802264,0.244603,0.544482,-12.966540,115.700615,15.446152,0.237949,-0.359848,0.205379,-0.878470,-20.053751,120.087303,0.153059,0.209882,0.378738,-0.435221,-0.789360,-3.648277,106.793953,-13.200272,0.310989,0.438005,-0.344814,-0.769767,2.815300,123.153564,-5.171152,-0.136997,0.902478,0.189900,0.361529,-9.038440,115.245506,21.331852,0.327533,0.864077,0.138041,-0.356423,3.171842,117.160759,33.603405,-0.088649,0.213482,0.507073,-0.830328,16.447191,105.477943,15.955712,0.034904,0.017472,0.451500,-0.891417,8.524191,123.145424,10.642849,0.075719,0.876556,0.078964,0.468701,-10.464560,87.486839,6.222781,0.067943,0.874335,-0.098452,0.470351,-12.653361,51.105263,-1.582777,-0.038575,0.918050,0.038791,0.392673,-22.653158,5.161375,3.536940,-0.090779,0.871836,-0.076709,0.475160,-0.333193,86.993317,20.765326,-0.010600,0.861355,-0.092553,0.499389,2.849627,50.772499,28.966486,-0.037577,0.802919,0.048334,0.592936,-0.658861,4.295981,37.008389,-0.038575,0.918050,0.038791,0.392673,-12.521630,0.783402,-5.855955,-0.037577,0.802919,0.048334,0.592936,12.632592,0.201441,32.932484
325,2.708333,-0.005673,0.885361,0.040733,0.463082,-5.387827,87.241341,13.492521,-0.062343,0.870434,0.133054,0.469845,-5.735096,94.486290,13.978656,-0.023869,0.874212,0.112173,0.471805,-8.674998,106.529724,16.156780,0.021525,0.919014,-0.057519,0.389413,-10.888057,121.130836,18.760065,0.027221,0.950455,-0.055729,0.304611,-8.464151,134.551208,16.314102,-0.009103,0.802185,0.244682,0.544561,-12.960270,115.700111,15.442319,0.237853,-0.359670,0.205359,-0.878573,-20.044453,120.087173,0.147931,0.209949,0.378882,-0.435181,-0.789296,-3.632158,106.797501,-13.200694,0.311015,0.438185,-0.344440,-0.769821,2.828752,123.157478,-5.168653,-0.137008,0.902416,0.189793,0.361735,-9.034414,115.245483,21.329556,0.327424,0.864163,0.138213,-0.356247,3.170571,117.160759,33.606373,-0.088735,0.213586,0.506996,-0.830338,16.455742,105.483070,15.962670,0.034858,0.017660,0.451485,-0.891423,8.531694,123.148643,10.647897,0.075773,0.876471,0.078912,0.468859,-10.450312,87.486740,6.218975,0.067973,0.874020,-0.098608,0.470899,-12.643094,51.105179,-1.585526,-0.038438,0.918026,0.038834,0.392738,-22.655361,5.164581,3.539335,-0.090746,0.871754,-0.076766,0.475307,-0.325342,86.995941,20.766068,-0.010573,0.861281,-0.092514,0.499524,2.851939,50.775337,28.970274,-0.037458,0.802909,0.048420,0.592950,-0.658205,4.298100,37.007271,-0.038438,0.918026,0.038834,0.392738,-12.523640,0.786187,-5.853157,-0.037458,0.802909,0.048420,0.592950,12.632951,0.203519,32.930435
326,2.716667,-0.005747,0.885277,0.040767,0.463238,-5.382876,87.242989,13.492453,-0.062394,0.870312,0.133199,0.470023,-5.731411,94.487885,13.978468,-0.023853,0.874109,0.112115,0.472011,-8.674484,106.529953,16.158428,0.021498,0.918977,-0.057632,0.389484,-10.886931,121.131477,18.759903,0.027321,0.950467,-0.055685,0.304575,-8.462235,134.551208,16.311142,-0.009121,0.802040,0.244604,0.544810,-12.958297,115.700829,15.441508,0.237772,-0.359481,0.205346,-0.878676,-20.033037,120.088043,0.142798,0.209920,0.378872,-0.435177,-0.789311,-3.613712,106.801582,-13.200370,0.310427,0.438659,-0.343954,-0.770006,2.848457,123.163284,-5.166846,-0.137068,0.902424,0.189895,0.361639,-9.035190,115.246048,21.330563,0.327401,0.864238,0.138281,-0.356062,3.171640,117.162598,33.605347,-0.088960,0.213724,0.506978,-0.830290,16.464155,105.484627,15.967367,0.034704,0.017939,0.451251,-0.891542,8.541734,123.151001,10.652952,0.075703,0.876436,0.078891,0.468940,-10.442780,87.487625,6.217087,0.068088,0.874170,-0.098641,0.470596,-12.631019,51.105022,-1.583816,-0.038492,0.918071,0.038821,0.392628,-22.652500,5.166549,3.542023,-0.090802,0.871608,-0.076724,0.475572,-0.322971,86.998352,20.767820,-0.010520,0.861227,-0.092504,0.499620,2.856924,50.778019,28.972214,-0.038554,0.802818,0.047737,0.593058,-0.657893,4.300493,37.005470,-0.038492,0.918071,0.038821,0.392628,-12.522546,0.788382,-5.852473,-0.038554,0.802818,0.047737,0.593058,12.638928,0.208818,32.944237
327,2.725000,-0.005785,0.885207,0.040812,0.463367,-5.377200,87.244431,13.491636,-0.062367,0.870243,0.133124,0.470176,-5.726602,94.489265,13.977911,-0.023915,0.874019,0.112124,0.472173,-8.668275,106.530586,16.155836,0.021568,0.918891,-0.057690,0.389674,-10.882941,121.131966,18.756256,0.027243,0.950406,-0.055653,0.304776,-8.455125,134.551147,16.307587,-0.009152,0.801903,0.244648,0.544992,-12.952587,115.701088,15.437152,0.237638,-0.359277,0.205481,-0.878764,-20.020399,120.089874,0.135687,0.210035,0.379071,-0.435170,-0.789188,-3.596494,106.801437,-13.199859,0.310580,0.438858,-0.343567,-0.770004,2.860283,123.164726,-5.163651,-0.137046,0.902334,0.189740,0.361955,-9.031686,115.246712,21.327705,0.327460,0.864258,0.138363,-0.355925,3.167390,117.162025,33.610390,-0.089034,0.213933,0.507077,-0.830168,16.462835,105.481674,15.976195,0.034665,0.018126,0.451242,-0.891544,8.547798,123.150864,10.657516,0.075694,0.876358,0.078879,0.469089,-10.434988,87.488922,6.214794,0.068150,0.873981,-0.098747,0.470916,-12.621789,51.106079,-1.585370,-0.038466,0.918074,0.038713,0.392634,-22.654850,5.170372,3.542643,-0.090820,0.871512,-0.076728,0.475743,-0.319413,86.999931,20.768478,-0.010491,0.861096,-0.092467,0.499853,2.859857,50.779892,28.974400,-0.038409,0.802755,0.047864,0.593143,-0.657807,4.301670,37.002399,-0.038466,0.918074,0.038713,0.392634,-12.525341,0.789193,-5.850932,-0.038409,0.802755,0.047864,0.593143,12.639427,0.210437,32.942066
328,2.733333,-0.005676,0.885104,0.040717,0.463573,-5.376841,87.244644,13.491480,-0.062377,0.870156,0.133012,0.470367,-5.724313,94.489609,13.977196,-0.023895,0.873929,0.112081,0.472350,-8.665495,106.532120,16.152044,0.021589,0.918830,-0.057531,0.389841,-10.879557,121.133820,18.751200,0.027275,0.950357,-0.055789,0.304900,-8.452225,134.553955,16.307350,-0.009218,0.801745,0.244733,0.545185,-12.948505,115.703079,15.431433,0.237556,-0.359055,0.205637,-0.878840,-20.008945,120.093330,0.126983,0.210143,0.379213,-0.435128,-0.789114,-3.580301,106.801346,-13.199183,0.310536,0.439027,-0.343183,-0.770096,2.873605,123.164490,-5.161382,-0.137020,0.902262,0.189695,0.362167,-9.029961,115.248444,21.323534,0.327484,0.864322,0.138351,-0.355753,3.164004,117.161751,33.611603,-0.088889,0.213783,0.507001,-0.830269,16.464813,105.477951,15.983754,0.034767,0.018048,0.452268,-0.891022,8.544409,123.144104,10.666217,0.075528,0.876333,0.078859,0.469167,-10.431261,87.490234,6.212334,0.068377,0.874459,-0.098624,0.470020,-12.607270,51.105286,-1.581019,-0.038412,0.918089,0.038706,0.392606,-22.648354,5.170211,3.536953,-0.090865,0.871451,-0.076696,0.475852,-0.322421,86.999046,20.770626,-0.010463,0.861143,-0.092440,0.499778,2.859914,50.779247,28.976435,-0.038391,0.802757,0.047843,0.593143,-0.657986,4.300481,37.001205,-0.038412,0.918089,0.038706,0.392606,-12.519920,0.788213,-5.857403,-0.038391,0.802757,0.047843,0.593143,12.639016,0.208478,32.940884
329,2.741667,-0.005666,0.885008,0.040608,0.463768,-5.374594,87.243668,13.491312,-0.062424,0.870047,0.133053,0.470550,-5.721305,94.488762,13.975620,-0.023853,0.873838,0.112008,0.472538,-8.664948,106.532822,16.150522,0.021536,0.918765,-0.057610,0.389984,-10.877440,121.135071,18.747915,0.027322,0.950316,-0.055752,0.305031,-8.450033,134.554840,16.302120,-0.009252,0.801654,0.244611,0.545371,-12.946014,115.704514,15.427626,0.237421,-0.358831,0.205776,-0.878936,-19.999350,120.093140,0.119430,0.210240,0.379325,-0.435084,-0.789059,-3.565502,106.799149,-13.198339,0.310567,0.439205,-0.342882,-0.770117,2.886434,123.161957,-5.159409,-0.137003,0.902204,0.189611,0.362361,-9.029952,115.249512,21.321350,0.327600,0.864345,0.138447,-0.355553,3.159314,117.161789,33.614254,-0.089090,0.214349,0.507147,-0.830012,16.463428,105.472908,15.992247,0.034545,0.018457,0.451103,-0.891612,8.558183,123.143707,10.662322,0.075470,0.876259,0.078867,0.469314,-10.425818,87.488678,6.209926,0.068472,0.874471,-0.098660,0.469977,-12.596504,51.103157,-1.582285,-0.038356,0.918090,0.038691,0.392611,-22.646687,5.169973,3.534807,-0.090853,0.871414,-0.076641,0.475931,-0.323369,86.998657,20.772699,-0.010471,0.861122,-0.092444,0.499813,2.859424,50.778069,28.974861,-0.038400,0.802775,0.047772,0.593124,-0.658349,4.299402,37.000263,-0.038356,0.918090,0.038691,0.392611,-12.518705,0.786988,-5.859583,-0.038400,0.802775,0.047772,0.593124,12.638185,0.205953,32.939850
330,2.750000,-0.005629,0.884895,0.040535,0.463989,-5.372950,87.243874,13.492137,-0.062160,0.869935,0.132947,0.470823,-5.718816,94.489059,13.975673,-0.024019,0.873666,0.111947,0.472863,-8.655084,106.530342,16.149782,0.021453,0.918654,-0.057603,0.390252,-10.872036,121.132751,18.742428,0.027337,0.950257,-0.055706,0.305223,-8.445705,134.552795,16.296982,-0.009140,0.801756,0.244473,0.545286,-12.937133,115.701164,15.421672,0.237421,-0.358640,0.205797,-0.879009,-19.993778,120.089531,0.114937,0.210526,0.379559,-0.434969,-0.788934,-3.553532,106.796112,-13.195483,0.310986,0.439388,-0.342420,-0.770048,2.894928,123.158073,-5.155787,-0.137060,0.902109,0.189568,0.362599,-9.025545,115.248047,21.318510,0.327657,0.864374,0.138525,-0.355401,3.157150,117.160645,33.617863,-0.089148,0.214488,0.507177,-0.829951,16.464809,105.469131,16.000280,0.034522,0.018755,0.451150,-0.891583,8.562950,123.141136,10.667383,0.075384,0.876160,0.078898,0.469507,-10.420529,87.489029,6.208233,0.068599,0.874563,-0.098695,0.469780,-12.582782,51.102913,-1.583499,-0.038195,0.918120,0.038637,0.392560,-22.643835,5.172047,3.533031,-0.090858,0.871391,-0.076607,0.475976,-0.325369,86.998711,20.776043,-0.010423,0.861202,-0.092456,0.499673,2.858541,50.777805,28.976339,-0.036149,0.802786,0.048844,0.593162,-0.662422,4.299253,37.000984,-0.038195,0.918120,0.038637,0.392560,-12.518507,0.785844,-5.862708,-0.036149,0.802786,0.048844,0.593162,12.623472,0.192509,32.919247
331,2.758333,-0.005663,0.884814,0.040524,0.464145,-5.369110,87.244942,13.493250,-0.062192,0.869843,0.132866,0.471012,-5.715423,94.490143,13.976344,-0.024035,0.873560,0.111953,0.473056,-8.651634,106.530716,16.147493,0.021428,0.918584,-0.057651,0.390410,-10.869667,121.133064,18.739546,0.027413,0.950212,-0.055644,0.305368,-8.442812,134.552841,16.293283,-0.009207,0.801611,0.244514,0.545479,-12.933320,115.701569,15.417734,0.237376,-0.358418,0.205898,-0.879088,-19.982582,120.090523,0.107762,0.210758,0.379821,-0.434787,-0.788846,-3.536479,106.795296,-13.193618,0.311199,0.439652,-0.342135,-0.769938,2.910442,123.155907,-5.149578,-0.137124,0.902008,0.189492,0.362865,-9.024341,115.248276,21.316290,0.327667,0.864446,0.138531,-0.355214,3.151020,117.161598,33.622795,-0.089208,0.214719,0.507253,-0.829839,16.464973,105.467316,16.011814,0.034571,0.018811,0.451096,-0.891607,8.570366,123.140564,10.673779,0.075344,0.876026,0.078960,0.469753,-10.414125,87.489586,6.207552,0.068651,0.874401,-0.098831,0.470044,-12.569402,51.103760,-1.587464,-0.038213,0.918142,0.038513,0.392519,-22.642221,5.176115,3.534778,-0.090896,0.871297,-0.076578,0.476146,-0.324095,87.000290,20.778948,-0.010365,0.861193,-0.092434,0.499696,2.861740,50.779568,28.979319,-0.036701,0.802816,0.048439,0.593121,-0.663129,4.300508,36.999294,-0.038213,0.918142,0.038513,0.392519,-12.517945,0.786961,-5.860713,-0.036701,0.802816,0.048439,0.593121,12.624362,0.193834,32.922684
332,2.766667,-0.005787,0.884722,0.040532,0.464318,-5.363980,87.247177,13.495471,-0.062236,0.869695,0.132864,0.471280,-5.712040,94.492348,13.977761,-0.024068,0.873395,0.111904,0.473370,-8.650169,106.533989,16.147663,0.021247,0.918440,-0.057637,0.390762,-10.869308,121.136627,18.737204,0.027530,0.950070,-0.055649,0.305799,-8.445730,134.556976,16.290760,-0.009293,0.801439,0.244492,0.545741,-12.930870,115.705017,15.414270,0.237428,-0.358206,0.205990,-0.879138,-19.970137,120.093445,0.099552,0.210925,0.380036,-0.434660,-0.788768,-3.518331,106.795250,-13.191814,0.311151,0.439859,-0.341946,-0.769924,2.927446,123.157051,-5.143075,-0.137117,0.901938,0.189455,0.363062,-9.026114,115.251907,21.315638,0.327631,0.864538,0.138634,-0.354982,3.144327,117.163834,33.627220,-0.089402,0.214957,0.507168,-0.829808,16.467707,105.469826,16.023190,0.034281,0.019187,0.451035,-0.891641,8.573935,123.141708,10.681273,0.075226,0.876031,0.079018,0.469751,-10.406123,87.490074,6.207726,0.068825,0.874437,-0.098911,0.469936,-12.551689,51.103592,-1.586933,-0.038233,0.918140,0.038405,0.392532,-22.641691,5.179697,3.535192,-0.090944,0.871169,-0.076490,0.476385,-0.321838,87.004272,20.783216,-0.010306,0.861096,-0.092442,0.499862,2.867974,50.783192,28.980478,-0.036178,0.802758,0.048642,0.593215,-0.663604,4.304168,36.997719,-0.038233,0.918140,0.038405,0.392532,-12.517296,0.788036,-5.859003,-0.036178,0.802758,0.048642,0.593215,12.622033,0.193369,32.919228
333,2.775000,-0.005880,0.884616,0.040584,0.464513,-5.359328,87.248322,13.496815,-0.062181,0.869592,0.132725,0.471516,-5.709045,94.493416,13.979072,-0.024171,0.873252,0.111946,0.473619,-8.644874,106.535812,16.145798,0.021330,0.918334,-0.057548,0.391020,-10.868033,121.138023,18.734308,0.027529,0.949996,-0.055721,0.306016,-8.442289,134.558731,16.292007,-0.009283,0.801425,0.244433,0.545787,-12.926700,115.706131,15.410047,0.237364,-0.357912,0.206095,-0.879251,-19.964197,120.094131,0.094388,0.211092,0.380147,-0.434515,-0.788749,-3.504017,106.794800,-13.185469,0.311228,0.439968,-0.341827,-0.769883,2.943213,123.154938,-5.135368,-0.137147,0.901833,0.189325,0.363378,-9.025370,115.253571,21.313721,0.327576,0.864634,0.138688,-0.354778,3.136785,117.165520,33.633488,-0.089597,0.215218,0.507161,-0.829724,16.469193,105.471848,16.036064,0.034179,0.019494,0.450888,-0.891713,8.579936,123.143753,10.690299,0.075192,0.875965,0.079030,0.469879,-10.398240,87.490341,6.206804,0.068923,0.874302,-0.099016,0.470151,-12.540099,51.103622,-1.587773,-0.038024,0.918146,0.038414,0.392537,-22.643999,5.182976,3.536051,-0.091009,0.871107,-0.076464,0.476490,-0.320416,87.006310,20.786825,-0.010250,0.861010,-0.092419,0.500016,2.873512,50.785805,28.985033,-0.036617,0.802751,0.048375,0.593220,-0.662956,4.306254,36.997105,-0.038024,0.918146,0.038414,0.392537,-12.521370,0.789209,-5.859064,-0.036617,0.802751,0.048375,0.593220,12.624598,0.196753,32.923534
334,2.783333,-0.005896,0.884507,0.040569,0.464722,-5.357707,87.249695,13.498995,-0.062292,0.869464,0.132709,0.471742,-5.707635,94.494804,13.980871,-0.024129,0.873143,0.111808,0.473854,-8.646168,106.536552,16.145075,0.021421,0.918100,-0.058416,0.391436,-10.866986,121.139755,18.730034,0.027508,0.949769,-0.055263,0.306802,-8.428119,134.554642,16.268925,-0.009435,0.801217,0.244492,0.546065,-12.925321,115.707817,15.405619,0.237225,-0.357652,0.206311,-0.879344,-19.952171,120.095123,0.084873,0.211221,0.380371,-0.434431,-0.788653,-3.487134,106.790901,-13.184076,0.311272,0.440152,-0.341449,-0.769928,2.956367,123.150742,-5.129988,-0.137129,0.901722,0.189114,0.363770,-9.027111,115.255264,21.311359,0.327516,0.864744,0.138645,-0.354583,3.125302,117.166183,33.640907,-0.089795,0.215602,0.507122,-0.829626,16.466608,105.471191,16.051104,0.033948,0.019822,0.450857,-0.891730,8.582823,123.142036,10.697553,0.074955,0.876141,0.078991,0.469594,-10.393175,87.491516,6.206597,0.069175,0.874616,-0.098911,0.469551,-12.523599,51.101685,-1.576579,-0.038185,0.918176,0.038371,0.392457,-22.640074,5.182350,3.534151,-0.091046,0.871075,-0.076406,0.476551,-0.322238,87.007881,20.791393,-0.010187,0.861061,-0.092407,0.499932,2.875614,50.787235,28.987438,-0.036452,0.802760,0.048445,0.593212,-0.664661,4.307363,36.995953,-0.038185,0.918176,0.038371,0.392457,-12.517731,0.789254,-5.861589,-0.036452,0.802760,0.048445,0.593212,12.621966,0.196697,32.920536
335,2.791667,-0.005914,0.884400,0.040532,0.464929,-5.357703,87.248421,13.501845,-0.062349,0.869363,0.132686,0.471927,-5.707725,94.493568,13.983043,-0.024123,0.873056,0.111707,0.474039,-8.647873,106.536079,16.145578,0.021386,0.918024,-0.058559,0.391592,-10.867639,121.139954,18.727552,0.027663,0.949709,-0.055210,0.306983,-8.427518,134.554016,16.263166,-0.009441,0.801144,0.244344,0.546238,-12.925392,115.707848,15.403069,0.237188,-0.357423,0.206418,-0.879422,-19.945648,120.093666,0.078879,0.211467,0.380587,-0.434219,-0.788599,-3.474647,106.787323,-13.180518,0.311421,0.440424,-0.341099,-0.769867,2.969384,123.144592,-5.123353,-0.137126,0.901624,0.188929,0.364110,-9.029675,115.255569,21.310467,0.327477,0.864842,0.138504,-0.354434,3.114147,117.166031,33.648533,-0.089801,0.215652,0.507079,-0.829639,16.461971,105.467606,16.065973,0.033947,0.019828,0.451922,-0.891191,8.577664,123.136642,10.710868,0.074878,0.876032,0.079055,0.469800,-10.389757,87.489807,6.207080,0.069289,0.874655,-0.098951,0.469454,-12.511084,51.099873,-1.578089,-0.038093,0.918192,0.038344,0.392431,-22.638098,5.182791,3.531978,-0.091071,0.871000,-0.076302,0.476701,-0.325649,87.007034,20.796610,-0.010165,0.861062,-0.092408,0.499929,2.876135,50.785530,28.987324,-0.035895,0.802715,0.048691,0.593288,-0.665953,4.305622,36.994823,-0.038093,0.918192,0.038344,0.392431,-12.517199,0.787970,-5.864508,-0.035895,0.802715,0.048691,0.593288,12.618600,0.191234,32.916412
336,2.800000,-0.005424,0.884332,0.040233,0.465089,-5.372339,87.254158,13.507265,-0.062209,0.869302,0.132442,0.472126,-5.714129,94.499733,13.987881,-0.024212,0.872953,0.111634,0.474242,-8.646553,106.534767,16.144518,0.021463,0.917897,-0.058642,0.391874,-10.868209,121.139015,18.722816,0.027685,0.949594,-0.055173,0.307346,-8.424144,134.552353,16.258358,-0.009533,0.800994,0.244356,0.546451,-12.924139,115.706215,15.398333,0.237359,-0.357202,0.206501,-0.879446,-19.936234,120.091568,0.070274,0.211817,0.380957,-0.434002,-0.788447,-3.459059,106.780884,-13.177094,0.311719,0.440518,-0.340728,-0.769857,2.980933,123.136009,-5.115522,-0.137151,0.901509,0.188826,0.364439,-9.031202,115.255165,21.307659,0.327479,0.864925,0.138612,-0.354189,3.104012,117.165009,33.654289,-0.089810,0.215791,0.507058,-0.829615,16.460470,105.465355,16.079090,0.033836,0.019869,0.452324,-0.890990,8.578037,123.133064,10.719893,0.074584,0.875893,0.079199,0.470080,-10.401842,87.500885,6.210919,0.069415,0.874702,-0.098917,0.469353,-12.496470,51.109386,-1.574153,-0.037824,0.918242,0.038044,0.392369,-22.631794,5.193311,3.528543,-0.091274,0.870977,-0.076091,0.476737,-0.342837,87.007423,20.803610,-0.010131,0.861113,-0.092432,0.499837,2.879242,50.786282,28.987980,-0.035898,0.802743,0.048526,0.593263,-0.665912,4.306736,36.996223,-0.037824,0.918242,0.038044,0.392369,-12.515533,0.787826,-5.867943,-0.035898,0.802743,0.048526,0.593263,12.617606,0.188704,32.918121
337,2.808333,-0.005441,0.884243,0.040199,0.465261,-5.372033,87.254265,13.510299,-0.062199,0.869190,0.132455,0.472330,-5.713900,94.499878,13.990292,-0.024272,0.872830,0.111604,0.474472,-8.646317,106.533005,16.146324,0.021147,0.917902,-0.057965,0.391981,-10.869821,121.137360,18.722422,0.027994,0.949590,-0.055618,0.307249,-8.440396,134.555862,16.271713,-0.009649,0.800846,0.244313,0.546685,-12.923801,115.704262,15.397217,0.237295,-0.356981,0.206577,-0.879535,-19.926893,120.087563,0.064452,0.211975,0.381167,-0.433848,-0.788387,-3.443393,106.776405,-13.174571,0.311707,0.440844,-0.340395,-0.769822,2.995649,123.130203,-5.108730,-0.137272,0.901432,0.188761,0.364617,-9.034002,115.253746,21.308653,0.327444,0.865018,0.138549,-0.354017,3.095548,117.166672,33.660374,-0.090021,0.216068,0.507043,-0.829529,16.459204,105.464684,16.092201,0.033669,0.020166,0.452293,-0.891006,8.580885,123.133194,10.728667,0.074477,0.875852,0.079276,0.470161,-10.398695,87.500580,6.211980,0.069523,0.874742,-0.098962,0.469254,-12.482928,51.108788,-1.574559,-0.037975,0.918268,0.037926,0.392305,-22.628500,5.194974,3.528134,-0.091356,0.870982,-0.075990,0.476728,-0.345371,87.007942,20.808619,-0.010055,0.861140,-0.092449,0.499790,2.885726,50.786770,28.989279,-0.036490,0.802801,0.048164,0.593178,-0.665914,4.307368,36.995487,-0.037975,0.918268,0.037926,0.392305,-12.512506,0.788170,-5.868027,-0.036490,0.802801,0.048164,0.593178,12.619272,0.191028,32.921104
338,2.816667,-0.005611,0.884138,0.040278,0.465453,-5.367031,87.255058,13.513983,-0.062269,0.869054,0.132432,0.472578,-5.711727,94.500557,13.993770,-0.024344,0.872679,0.111609,0.474744,-8.646189,106.534340,16.147738,0.021083,0.917776,-0.057998,0.392274,-10.872441,121.138550,18.722237,0.028204,0.949469,-0.055683,0.307592,-8.443075,134.557007,16.271194,-0.009772,0.800722,0.244222,0.546904,-12.923897,115.705261,15.395800,0.237624,-0.356763,0.206505,-0.879551,-19.918571,120.085320,0.058271,0.212340,0.381503,-0.433675,-0.788221,-3.425838,106.773865,-13.168934,0.311805,0.441081,-0.339999,-0.769823,3.008711,123.126747,-5.100463,-0.137231,0.901352,0.188601,0.364914,-9.037816,115.255119,21.309706,0.327326,0.865144,0.138583,-0.353806,3.084566,117.166451,33.668701,-0.090292,0.216348,0.506972,-0.829470,16.459560,105.466629,16.107719,0.033412,0.020485,0.452301,-0.891004,8.583529,123.134232,10.740863,0.074407,0.875716,0.079407,0.470403,-10.390498,87.499504,6.213404,0.069598,0.874193,-0.099253,0.470204,-12.463349,51.108479,-1.579734,-0.037800,0.918265,0.037852,0.392337,-22.633400,5.201119,3.532261,-0.091404,0.870869,-0.075905,0.476938,-0.343564,87.010605,20.814562,-0.010036,0.861128,-0.092434,0.499813,2.891766,50.789131,28.992235,-0.037780,0.802889,0.047523,0.593028,-0.660933,4.309434,36.996262,-0.037800,0.918265,0.037852,0.392337,-12.518594,0.790507,-5.863384,-0.037780,0.802889,0.047523,0.593028,12.628968,0.200132,32.930172
339,2.825000,-0.005739,0.884029,0.040369,0.465650,-5.362570,87.256569,13.517824,-0.062910,0.868894,0.132513,0.472764,-5.709636,94.501938,13.997841,-0.023878,0.872636,0.111624,0.474843,-8.661778,106.542709,16.146833,0.021114,0.917682,-0.058349,0.392439,-10.876359,121.147491,18.728140,0.028313,0.949337,-0.055731,0.307979,-8.441840,134.563614,16.269436,-0.010066,0.800354,0.244386,0.547364,-12.931898,115.717484,15.398857,0.237617,-0.356499,0.206864,-0.879576,-19.908827,120.096497,0.052945,0.212695,0.381666,-0.433457,-0.788167,-3.414072,106.772270,-13.158894,0.311999,0.441317,-0.339678,-0.769750,3.022468,123.122871,-5.091099,-0.137242,0.901319,0.188693,0.364944,-9.046830,115.261314,21.312969,0.327284,0.865265,0.138592,-0.353546,3.074694,117.171478,33.672993,-0.090413,0.216591,0.506938,-0.829414,16.460279,105.469872,16.121269,0.033434,0.020897,0.452610,-0.890837,8.586681,123.138023,10.748867,0.074383,0.875593,0.079444,0.470631,-10.382756,87.499924,6.214949,0.069701,0.874021,-0.099368,0.470483,-12.450758,51.109077,-1.580305,-0.037707,0.918249,0.037798,0.392387,-22.635937,5.205244,3.533186,-0.091416,0.870811,-0.075923,0.477040,-0.342384,87.013214,20.820698,-0.009969,0.860984,-0.092371,0.500075,2.892039,50.792110,29.000324,-0.036096,0.802761,0.048478,0.593230,-0.665579,4.311183,36.995010,-0.037707,0.918249,0.037798,0.392387,-12.521122,0.792252,-5.861338,-0.036096,0.802761,0.048478,0.593230,12.618809,0.195352,32.917507
340,2.833333,-0.005911,0.883947,0.040468,0.465795,-5.356059,87.256500,13.522077,-0.063045,0.868766,0.132463,0.472995,-5.706088,94.501724,14.002132,-0.023977,0.872489,0.111656,0.475102,-8.661105,106.542229,16.147614,0.021029,0.917548,-0.058474,0.392738,-10.879467,121.146667,18.727661,0.028481,0.949206,-0.055762,0.308362,-8.444540,134.562210,16.266169,-0.010215,0.800180,0.244450,0.547587,-12.932152,115.716377,15.397088,0.237689,-0.356276,0.206830,-0.879655,-19.900461,120.094429,0.046991,0.212906,0.381917,-0.433276,-0.788088,-3.397074,106.772232,-13.156096,0.311992,0.441716,-0.339534,-0.769588,3.038524,123.122200,-5.083364,-0.137350,0.901210,0.188624,0.365208,-9.050630,115.260742,21.313568,0.327219,0.865383,0.138712,-0.353270,3.063155,117.172920,33.680866,-0.090551,0.216722,0.506904,-0.829385,16.460606,105.472420,16.137474,0.033391,0.020948,0.452302,-0.890993,8.588122,123.140060,10.763777,0.074332,0.875553,0.079541,0.470696,-10.373809,87.498077,6.217470,0.069847,0.873822,-0.099640,0.470774,-12.434470,51.107811,-1.582492,-0.037646,0.918238,0.037675,0.392433,-22.645224,5.211005,3.543162,-0.091395,0.870808,-0.075906,0.477053,-0.338309,87.014923,20.826683,-0.009901,0.861030,-0.092367,0.499997,2.895267,50.793339,29.004526,-0.035627,0.802756,0.048703,0.593247,-0.667015,4.312214,36.995979,-0.037646,0.918238,0.037675,0.392433,-12.530434,0.794232,-5.849609,-0.035627,0.802756,0.048703,0.593247,12.615253,0.193663,32.914333
341,2.841667,-0.005828,0.883792,0.040371,0.466099,-5.363411,87.254646,13.527112,-0.063044,0.868650,0.132402,0.473225,-5.711878,94.499992,14.006363,-0.023987,0.872386,0.111547,0.475315,-8.666620,106.540405,16.149677,0.020980,0.917415,-0.058671,0.393024,-10.884349,121.145546,18.726240,0.028656,0.949062,-0.055755,0.308790,-8.447417,134.559937,16.260502,-0.010317,0.799970,0.244426,0.547903,-12.936134,115.714966,15.395586,0.237722,-0.355956,0.207015,-0.879732,-19.892342,120.092484,0.039844,0.213172,0.382227,-0.433231,-0.787891,-3.381392,106.764603,-13.148043,0.312297,0.441792,-0.339267,-0.769538,3.046195,123.115395,-5.073328,-0.137384,0.901114,0.188603,0.365443,-9.057502,115.259827,21.314001,0.327125,0.865492,0.138697,-0.353095,3.049979,117.171326,33.687576,-0.090661,0.217018,0.506852,-0.829328,16.456669,105.471596,16.150715,0.033338,0.021356,0.452842,-0.890711,8.586660,123.139641,10.769300,0.074204,0.875406,0.079689,0.470965,-10.376164,87.496948,6.219100,0.069968,0.873935,-0.099685,0.470536,-12.420826,51.107018,-1.586581,-0.037619,0.918249,0.037613,0.392415,-22.642117,5.212679,3.540059,-0.091535,0.870665,-0.075727,0.477314,-0.350657,87.012337,20.835123,-0.009893,0.861033,-0.092335,0.499998,2.895982,50.790649,29.007330,-0.037549,0.802783,0.047791,0.593166,-0.665405,4.308957,36.995869,-0.037619,0.918249,0.037613,0.392415,-12.528122,0.794048,-5.852694,-0.037549,0.802783,0.047791,0.593166,12.625501,0.201842,32.930843
342,2.850000,-0.005849,0.883656,0.040363,0.466357,-5.365555,87.250748,13.532567,-0.062844,0.868549,0.132218,0.473488,-5.714371,94.496101,14.011474,-0.024115,0.872233,0.111527,0.475594,-8.663024,106.537354,16.152233,0.021288,0.917304,-0.058174,0.393340,-10.884632,121.142448,18.725737,0.028546,0.948990,-0.056190,0.308942,-8.444028,134.559280,16.276901,-0.009693,0.800950,0.243382,0.546946,-12.933405,115.711197,15.394320,0.237744,-0.355472,0.206698,-0.879996,-19.926517,120.077744,0.052226,0.213646,0.381746,-0.432946,-0.788151,-3.391819,106.766418,-13.122620,0.312609,0.442092,-0.339010,-0.769352,3.057375,123.110603,-5.066942,-0.137481,0.900993,0.188518,0.365747,-9.058620,115.257278,21.315346,0.327138,0.865551,0.138647,-0.352957,3.040165,117.170334,33.697174,-0.090796,0.217304,0.506833,-0.829250,16.451294,105.467247,16.165960,0.033225,0.021773,0.452701,-0.890777,8.585002,123.136391,10.778058,0.074170,0.875384,0.079690,0.471011,-10.374035,87.492867,6.221621,0.069996,0.873834,-0.099698,0.470717,-12.416044,51.102577,-1.583095,-0.037494,0.918274,0.037679,0.392361,-22.641239,5.208841,3.541167,-0.091647,0.870715,-0.075575,0.477225,-0.357075,87.008629,20.843513,-0.009758,0.861198,-0.092402,0.499705,2.903045,50.786736,29.009468,-0.036784,0.802773,0.048106,0.593202,-0.669785,4.305956,36.998257,-0.037494,0.918274,0.037679,0.392361,-12.529278,0.790424,-5.853872,-0.036784,0.802773,0.048106,0.593202,12.617479,0.193188,32.927055
343,2.858333,-0.006143,0.883542,0.040490,0.466557,-5.359755,87.252464,13.538432,-0.062861,0.868417,0.132165,0.473744,-5.713328,94.497620,14.016895,-0.024266,0.872070,0.111499,0.475891,-8.660688,106.532333,16.154228,0.021071,0.917174,-0.058158,0.393656,-10.886732,121.137405,18.724079,0.028733,0.948862,-0.056299,0.309298,-8.450434,134.554886,16.274548,-0.010632,0.799722,0.244504,0.548224,-12.932176,115.705299,15.391986,0.237776,-0.355330,0.207118,-0.879946,-19.875898,120.078362,0.029325,0.213637,0.382731,-0.433219,-0.787526,-3.344822,106.750214,-13.133067,0.312680,0.442432,-0.338888,-0.769182,3.068048,123.105118,-5.056360,-0.137602,0.900849,0.188456,0.366088,-9.061499,115.252922,21.315819,0.326919,0.865722,0.138910,-0.352639,3.027437,117.167641,33.707016,-0.090759,0.217469,0.506616,-0.829343,16.456949,105.473694,16.183767,0.033311,0.021990,0.452594,-0.890823,8.585647,123.135666,10.788639,0.074094,0.875332,0.079772,0.471106,-10.364866,87.491173,6.225064,0.070154,0.873846,-0.099731,0.470664,-12.398196,51.101017,-1.582556,-0.037446,0.918294,0.037621,0.392324,-22.637493,5.210006,3.537966,-0.091526,0.870596,-0.075477,0.477482,-0.354644,87.013748,20.851799,-0.009836,0.861032,-0.092357,0.499998,2.898814,50.789112,29.008207,-0.036435,0.802757,0.048215,0.593236,-0.668255,4.307699,36.995865,-0.037446,0.918294,0.037621,0.392324,-12.526878,0.789572,-5.857578,-0.036435,0.802757,0.048215,0.593236,12.617372,0.191612,32.922657
344,2.866667,-0.006244,0.883430,0.040596,0.466759,-5.356762,87.250946,13.542888,-0.063025,0.868274,0.132208,0.473971,-5.712451,94.495964,14.021940,-0.024248,0.871949,0.111433,0.476129,-8.665649,106.534805,16.158291,0.020995,0.917042,-0.058278,0.393950,-10.890964,121.140335,18.726099,0.028887,0.948719,-0.056436,0.309698,-8.454122,134.557251,16.273972,-0.010030,0.800582,0.243398,0.547472,-12.935419,115.708336,15.393244,0.237984,-0.354854,0.206886,-0.880137,-19.908257,120.070374,0.040638,0.214189,0.382372,-0.432836,-0.787762,-3.355473,106.752441,-13.104786,0.313112,0.442437,-0.338956,-0.768973,3.078869,123.099670,-5.044111,-0.137657,0.900750,0.188434,0.366324,-9.067944,115.255753,21.319151,0.327082,0.865718,0.138785,-0.352545,3.014442,117.170441,33.716740,-0.090995,0.217772,0.506836,-0.829103,16.441919,105.466614,16.198536,0.033197,0.022263,0.452460,-0.890888,8.583746,123.136780,10.800231,0.074161,0.875119,0.079934,0.471462,-10.358513,87.489113,6.227204,0.070148,0.873594,-0.099945,0.471088,-12.387242,51.101639,-1.594066,-0.036928,0.918276,0.037818,0.392397,-22.637897,5.214587,3.539199,-0.091579,0.870533,-0.075402,0.477599,-0.355012,87.012779,20.858570,-0.009777,0.860992,-0.092358,0.500067,2.903475,50.788021,29.012430,-0.036594,0.802773,0.048059,0.593217,-0.669160,4.306519,36.997063,-0.036928,0.918276,0.037818,0.392397,-12.529950,0.793341,-5.858831,-0.036594,0.802773,0.048059,0.593217,12.616652,0.189559,32.925358
345,2.875000,-0.006373,0.883337,0.040751,0.466921,-5.353369,87.252487,13.546860,-0.063015,0.868139,0.132136,0.474241,-5.711863,94.497292,14.026959,-0.024545,0.871752,0.111537,0.476451,-8.663444,106.531754,16.160116,0.021016,0.916864,-0.058434,0.394341,-10.898951,121.136154,18.725504,0.029006,0.948564,-0.056515,0.310146,-8.458352,134.552002,16.271358,-0.010070,0.800435,0.243380,0.547695,-12.937689,115.702881,15.391226,0.237777,-0.354349,0.207089,-0.880348,-19.901997,120.065392,0.034888,0.214311,0.382591,-0.432948,-0.787560,-3.335543,106.745972,-13.091798,0.313266,0.442671,-0.338835,-0.768829,3.088315,123.096230,-5.030711,-0.137776,0.900644,0.188457,0.366526,-9.074762,115.252701,21.320280,0.326931,0.865846,0.139120,-0.352239,3.001324,117.169014,33.723751,-0.091310,0.217852,0.506690,-0.829137,16.444525,105.473412,16.212112,0.032596,0.022258,0.452429,-0.890927,8.581712,123.142639,10.816672,0.074133,0.875029,0.079944,0.471633,-10.352405,87.490044,6.229302,0.070226,0.873390,-0.100039,0.471434,-12.377428,51.102364,-1.592004,-0.037014,0.918261,0.037724,0.392434,-22.640642,5.218122,3.541292,-0.091661,0.870391,-0.075326,0.477854,-0.354334,87.014931,20.864418,-0.009678,0.861066,-0.092359,0.499941,2.909810,50.790451,29.017246,-0.036588,0.802748,0.048146,0.593244,-0.669736,4.308781,36.997780,-0.037014,0.918261,0.037724,0.392434,-12.531442,0.795493,-5.854737,-0.036588,0.802748,0.048146,0.593244,12.616730,0.193672,32.926338
346,2.883333,-0.006561,0.883241,0.040884,0.467088,-5.346776,87.253792,13.551967,-0.063191,0.867982,0.132186,0.474491,-5.708667,94.498405,14.032422,-0.024589,0.871601,0.111491,0.476736,-8.664906,106.530502,16.163387,0.020983,0.916625,-0.059207,0.394781,-10.901765,121.135139,18.726217,0.029061,0.948328,-0.056258,0.310910,-8.451999,134.546082,16.254433,-0.010194,0.800320,0.243367,0.547865,-12.938441,115.701660,15.391011,0.237861,-0.353977,0.207197,-0.880450,-19.896177,120.061943,0.031060,0.214581,0.382866,-0.432931,-0.787362,-3.318785,106.739662,-13.078919,0.313381,0.442982,-0.338653,-0.768683,3.097369,123.092010,-5.016968,-0.138297,0.900414,0.188810,0.366714,-9.079408,115.251839,21.322628,0.327034,0.865934,0.139182,-0.351904,2.986871,117.177666,33.734173,-0.091489,0.218053,0.506548,-0.829151,16.438503,105.474976,16.233744,0.032540,0.023261,0.452013,-0.891114,8.574042,123.140717,10.835039,0.074179,0.874917,0.079932,0.471836,-10.342999,87.489639,6.232431,0.070318,0.873372,-0.100076,0.471445,-12.369658,51.102329,-1.590144,-0.036972,0.918254,0.037705,0.392456,-22.642149,5.220014,3.541862,-0.091689,0.870390,-0.075312,0.477852,-0.350553,87.017944,20.871502,-0.009567,0.861090,-0.092316,0.499910,2.915895,50.793671,29.024363,-0.036592,0.802718,0.048138,0.593286,-0.670392,4.311052,36.996346,-0.036972,0.918254,0.037705,0.392456,-12.532944,0.796428,-5.853714,-0.036592,0.802718,0.048138,0.593286,12.616478,0.195827,32.926338
347,2.891667,-0.006658,0.883161,0.040909,0.467235,-5.342646,87.254120,13.555729,-0.063258,0.867869,0.132217,0.474680,-5.706038,94.498680,14.035781,-0.024742,0.871470,0.111554,0.476952,-8.664180,106.528809,16.165661,0.020863,0.916497,-0.059290,0.395073,-10.906562,121.132805,18.727358,0.029175,0.948190,-0.056403,0.311293,-8.457734,134.543518,16.253393,-0.010187,0.800078,0.243621,0.548106,-12.939919,115.698753,15.391050,0.237775,-0.353589,0.207552,-0.880545,-19.888433,120.066223,0.028968,0.214855,0.382974,-0.432871,-0.787268,-3.304683,106.733467,-13.062300,0.313556,0.443173,-0.338484,-0.768576,3.109912,123.086464,-5.002963,-0.138273,0.900200,0.188442,0.367437,-9.083908,115.250000,21.324713,0.326711,0.866127,0.139043,-0.351782,2.964110,117.173973,33.754272,-0.091716,0.218608,0.506405,-0.829067,16.430565,105.478775,16.260237,0.032397,0.023529,0.451874,-0.891183,8.570308,123.141502,10.848062,0.074131,0.874850,0.079970,0.471961,-10.336417,87.488762,6.234483,0.070421,0.873300,-0.100134,0.471552,-12.357450,51.101364,-1.589154,-0.036966,0.918273,0.037646,0.392416,-22.641560,5.221522,3.541666,-0.091682,0.870247,-0.075251,0.478124,-0.348875,87.019478,20.876976,-0.009613,0.861008,-0.092247,0.500063,2.916818,50.794434,29.026684,-0.036633,0.802745,0.048491,0.593218,-0.663834,4.310688,36.994656,-0.036966,0.918273,0.037646,0.392416,-12.533398,0.796376,-5.854300,-0.036633,0.802745,0.048491,0.593218,12.624378,0.204048,32.920361
348,2.900000,-0.006653,0.883053,0.040886,0.467442,-5.346646,87.251190,13.559916,-0.063219,0.867748,0.132206,0.474908,-5.709929,94.495781,14.039625,-0.024780,0.871332,0.111608,0.477190,-8.667679,106.526230,16.168997,0.020457,0.916517,-0.058621,0.395148,-10.912503,121.129814,18.730923,0.029512,0.948198,-0.056998,0.311129,-8.480622,134.545883,16.269342,-0.010330,0.799926,0.243548,0.548358,-12.943631,115.695969,15.392944,0.237800,-0.353222,0.207623,-0.880669,-19.882429,120.060257,0.025569,0.215110,0.383260,-0.432841,-0.787076,-3.287178,106.727005,-13.050606,0.313811,0.443414,-0.338328,-0.768401,3.120031,123.082115,-4.989352,-0.138622,0.900029,0.188669,0.367607,-9.090873,115.246880,21.328693,0.326991,0.866083,0.139837,-0.351315,2.949430,117.176941,33.764778,-0.091356,0.218486,0.506436,-0.829120,16.423117,105.481018,16.276796,0.032388,0.023631,0.451951,-0.891141,8.562764,123.140427,10.861578,0.074101,0.874688,0.080002,0.472260,-10.336990,87.485886,6.236337,0.070461,0.873248,-0.100135,0.471642,-12.352253,51.098549,-1.589060,-0.036833,0.918272,0.037715,0.392425,-22.640148,5.219236,3.538927,-0.091825,0.870242,-0.075170,0.478117,-0.356302,87.016487,20.883495,-0.009499,0.861152,-0.092257,0.499815,2.921561,50.792492,29.032967,-0.037239,0.802871,0.047720,0.593072,-0.666516,4.308715,36.997379,-0.036833,0.918272,0.037715,0.392425,-12.532809,0.794335,-5.858037,-0.037239,0.802871,0.047720,0.593072,12.620865,0.194846,32.927670
349,2.908333,-0.006807,0.882930,0.040968,0.467665,-5.339860,87.248383,13.562912,-0.063402,0.867584,0.132353,0.475143,-5.705795,94.492844,14.042529,-0.024884,0.871189,0.111564,0.477455,-8.670342,106.523773,16.172367,0.020282,0.916395,-0.058552,0.395449,-10.918036,121.127495,18.730980,0.029677,0.948067,-0.057261,0.311465,-8.490028,134.544449,16.270416,-0.010504,0.799792,0.243492,0.548575,-12.946611,115.693031,15.392449,0.237898,-0.352855,0.207658,-0.880782,-19.876989,120.053276,0.020124,0.215370,0.383564,-0.432747,-0.786908,-3.269525,106.719971,-13.040483,0.313594,0.443956,-0.337745,-0.768434,3.131697,123.075531,-4.976210,-0.138636,0.899841,0.188480,0.368161,-9.097510,115.245071,21.330658,0.326780,0.866231,0.139890,-0.351126,2.928472,117.173454,33.780853,-0.091575,0.218893,0.506340,-0.829048,16.415724,105.483864,16.299093,0.032137,0.023931,0.452162,-0.891035,8.558657,123.141861,10.875095,0.074101,0.874658,0.079968,0.472321,-10.326466,87.481522,6.236733,0.070565,0.873336,-0.100114,0.471467,-12.342394,51.093781,-1.586594,-0.036968,0.918287,0.037726,0.392376,-22.636932,5.215478,3.537090,-0.091889,0.870293,-0.075181,0.478010,-0.353256,87.015236,20.889090,-0.009352,0.861376,-0.092242,0.499435,2.929277,50.792240,29.041147,-0.036617,0.802856,0.048381,0.593077,-0.666558,4.307943,36.999043,-0.036968,0.918287,0.037726,0.392376,-12.529317,0.792351,-5.860416,-0.036617,0.802856,0.048381,0.593077,12.619615,0.198569,32.920834
350,2.916667,-0.006918,0.882835,0.041076,0.467833,-5.338284,87.248482,13.567211,-0.063443,0.867462,0.132355,0.475359,-5.706466,94.492790,14.047390,-0.025006,0.871050,0.111591,0.477697,-8.671812,106.521095,16.175591,0.020090,0.916260,-0.058682,0.395753,-10.923786,121.124443,18.732504,0.029821,0.947919,-0.057440,0.311868,-8.497972,134.541061,16.267872,-0.010557,0.799699,0.243368,0.548764,-12.949380,115.689514,15.392940,0.237890,-0.352443,0.207761,-0.880924,-19.872507,120.047546,0.016718,0.215633,0.383852,-0.432689,-0.786728,-3.252661,106.713234,-13.027099,0.313715,0.444333,-0.337479,-0.768283,3.142061,123.070618,-4.960478,-0.138908,0.899646,0.188694,0.368425,-9.103647,115.242432,21.333399,0.326615,0.866393,0.139890,-0.350880,2.912915,117.173920,33.792206,-0.091601,0.219200,0.506361,-0.828951,16.414188,105.487106,16.319407,0.032299,0.023689,0.452000,-0.891118,8.563603,123.144699,10.886802,0.074096,0.874530,0.079942,0.472563,-10.322083,87.480919,6.239102,0.070631,0.873320,-0.100128,0.471485,-12.336494,51.092815,-1.582949,-0.036934,0.918278,0.037775,0.392396,-22.637104,5.215639,3.538609,-0.091876,0.870119,-0.075126,0.478339,-0.354483,87.016037,20.895321,-0.009308,0.861063,-0.092028,0.500015,2.926148,50.792240,29.044550,-0.036923,0.802591,0.048305,0.593423,-0.668523,4.304132,36.980659,-0.036934,0.918278,0.037775,0.392396,-12.529263,0.793359,-5.859049,-0.036923,0.802591,0.048305,0.593423,12.622920,0.198150,32.916241
351,2.925000,-0.007080,0.882698,0.041127,0.468085,-5.333915,87.247787,13.572524,-0.063519,0.867319,0.132340,0.475614,-5.704671,94.492012,14.052144,-0.025143,0.870892,0.111664,0.477960,-8.672178,106.520485,16.178265,0.019823,0.916127,-0.058746,0.396065,-10.929544,121.123146,18.734419,0.029971,0.947771,-0.057633,0.312266,-8.508466,134.540039,16.266571,-0.010751,0.799497,0.243512,0.548991,-12.951614,115.687836,15.393316,0.238065,-0.352121,0.207803,-0.880996,-19.865898,120.045219,0.012934,0.215990,0.384245,-0.432509,-0.786537,-3.235596,106.709076,-13.015684,0.313976,0.444532,-0.337179,-0.768193,3.153422,123.066261,-4.944488,-0.139061,0.899494,0.188676,0.368747,-9.109542,115.241478,21.336197,0.326256,0.866656,0.140143,-0.350464,2.897292,117.175140,33.804047,-0.091677,0.219336,0.505961,-0.829150,16.424847,105.501152,16.343008,0.032190,0.023893,0.451901,-0.891167,8.560635,123.150101,10.904378,0.074142,0.874441,0.079935,0.472722,-10.313492,87.478302,6.241484,0.070685,0.873247,-0.100176,0.471602,-12.329671,51.090622,-1.582084,-0.036989,0.918271,0.037791,0.392405,-22.637573,5.215099,3.539579,-0.091984,0.870069,-0.075084,0.478416,-0.354339,87.017273,20.903564,-0.009236,0.861334,-0.092134,0.499531,2.934031,50.794487,29.054207,-0.036453,0.802786,0.048563,0.593168,-0.667017,4.308093,36.997475,-0.036989,0.918271,0.037791,0.392405,-12.528976,0.793850,-5.857758,-0.036453,0.802786,0.048563,0.593168,12.619755,0.200082,32.919853
352,2.933333,-0.007244,0.882591,0.041244,0.468274,-5.329534,87.250275,13.578240,-0.063708,0.867163,0.132340,0.475874,-5.703294,94.494316,14.058167,-0.025324,0.870719,0.111764,0.478243,-8.674913,106.519592,16.180634,0.019142,0.915974,-0.059201,0.396384,-10.939262,121.121307,18.735994,0.030404,0.947571,-0.057604,0.312836,-8.528993,134.536926,16.250778,-0.010842,0.799363,0.243452,0.549211,-12.957074,115.685448,15.393204,0.234778,-0.350958,0.209326,-0.881981,-19.862885,120.041069,0.008518,0.214840,0.383697,-0.433112,-0.786788,-3.223442,106.699081,-13.002438,0.314103,0.444979,-0.336992,-0.767964,3.164497,123.064217,-4.926471,-0.139208,0.899396,0.188855,0.368838,-9.118967,115.240158,21.338724,0.326005,0.866857,0.140302,-0.350136,2.884083,117.175064,33.810020,-0.092260,0.219372,0.505538,-0.829334,16.431273,105.509102,16.358845,0.031509,0.024744,0.451718,-0.891261,8.550440,123.153114,10.927618,0.074186,0.874321,0.079875,0.472947,-10.305931,87.479355,6.244997,0.070756,0.873202,-0.100186,0.471673,-12.325133,51.091446,-1.576705,-0.037111,0.918288,0.037778,0.392355,-22.639673,5.217057,3.541787,-0.092015,0.870010,-0.075085,0.478517,-0.353137,87.021194,20.911486,-0.009155,0.861404,-0.092075,0.499422,2.936244,50.798859,29.063713,-0.037031,0.802726,0.048265,0.593237,-0.667645,4.311305,36.998920,-0.037111,0.918288,0.037778,0.392355,-12.531013,0.796826,-5.855955,-0.037031,0.802726,0.048265,0.593237,12.622531,0.206203,32.929474
353,2.941667,-0.007407,0.882447,0.041345,0.468532,-5.327830,87.249779,13.581485,-0.063703,0.867015,0.132366,0.476136,-5.704503,94.493668,14.061480,-0.025437,0.870561,0.111741,0.478529,-8.676931,106.518677,16.183649,0.019060,0.915699,-0.060042,0.396896,-10.944726,121.120384,18.736044,0.030378,0.947285,-0.057395,0.313742,-8.525431,134.530731,16.231289,-0.010955,0.799191,0.243536,0.549421,-12.959639,115.683960,15.392425,0.238205,-0.351285,0.207953,-0.881257,-19.857319,120.039902,0.004183,0.216655,0.385009,-0.432213,-0.786142,-3.200735,106.701950,-12.988943,0.314405,0.445239,-0.336758,-0.767793,3.175603,123.060059,-4.908877,-0.139355,0.899225,0.188891,0.369182,-9.125498,115.239693,21.340582,0.325843,0.867020,0.140402,-0.349843,2.867296,117.175636,33.821575,-0.092610,0.219659,0.505440,-0.829279,16.430037,105.513748,16.379768,0.031238,0.025104,0.451499,-0.891371,8.549770,123.158661,10.945881,0.074156,0.874286,0.079830,0.473025,-10.299892,87.477348,6.245254,0.070853,0.873263,-0.100168,0.471548,-12.318045,51.088558,-1.572661,-0.037105,0.918269,0.037852,0.392394,-22.639067,5.215132,3.541374,-0.092047,0.869808,-0.075073,0.478880,-0.355769,87.022209,20.917715,-0.009174,0.861315,-0.091958,0.499596,2.932703,50.800179,29.071659,-0.037345,0.802675,0.048168,0.593295,-0.665696,4.310623,36.997620,-0.037105,0.918269,0.037852,0.392394,-12.529448,0.796735,-5.856202,-0.037345,0.802675,0.048168,0.593295,12.626854,0.208558,32.932861
354,2.950000,-0.007485,0.882337,0.041337,0.468739,-5.325855,87.248863,13.588001,-0.063842,0.866861,0.132424,0.476382,-5.703591,94.492744,14.067276,-0.025578,0.870404,0.111762,0.478803,-8.680315,106.516945,16.188133,0.019086,0.915547,-0.060077,0.397241,-10.952910,121.118286,18.738323,0.030297,0.947150,-0.057689,0.314103,-8.531183,134.528351,16.234386,-0.011018,0.799003,0.243617,0.549658,-12.964458,115.681267,15.393643,0.235004,-0.350199,0.209539,-0.882172,-19.853046,120.039078,0.001858,0.215613,0.384492,-0.432713,-0.786407,-3.191471,106.690643,-12.974104,0.314720,0.445567,-0.336567,-0.767557,3.186049,123.055016,-4.889402,-0.139586,0.899102,0.188932,0.369371,-9.134138,115.238121,21.344343,0.325871,0.867102,0.140691,-0.349497,2.851532,117.178932,33.831425,-0.092778,0.219774,0.505379,-0.829267,16.425465,105.517128,16.398270,0.030884,0.025398,0.451697,-0.891275,8.545472,123.160126,10.964328,0.074194,0.874148,0.079799,0.473279,-10.294458,87.475311,6.249393,0.070899,0.873228,-0.100159,0.471608,-12.313891,51.086582,-1.568433,-0.037175,0.918257,0.037886,0.392412,-22.638617,5.213600,3.542124,-0.092067,0.869759,-0.075030,0.478972,-0.357252,87.022415,20.926609,-0.009149,0.861335,-0.091923,0.499569,2.933170,50.800156,29.078775,-0.037290,0.802723,0.048184,0.593231,-0.665368,4.309937,37.000771,-0.037175,0.918257,0.037886,0.392412,-12.527900,0.796849,-5.855043,-0.037290,0.802723,0.048184,0.593231,12.626230,0.207321,32.933468
355,2.958333,-0.007269,0.882205,0.041203,0.469003,-5.332716,87.242958,13.591928,-0.063791,0.866731,0.132400,0.476632,-5.706908,94.487053,14.070848,-0.025631,0.870259,0.111839,0.479045,-8.683661,106.514862,16.191521,0.018900,0.915618,-0.058802,0.397276,-10.959429,121.115601,18.742287,0.030421,0.947237,-0.058663,0.313648,-8.555849,134.534409,16.267868,-0.011193,0.798887,0.243450,0.549897,-12.968437,115.678787,15.395771,0.235102,-0.349801,0.209545,-0.882302,-19.847736,120.030594,-0.001872,0.215934,0.384848,-0.432616,-0.786199,-3.172390,106.683472,-12.961478,0.314861,0.446000,-0.336251,-0.767387,3.197640,123.048637,-4.873852,-0.139968,0.898935,0.189043,0.369578,-9.141441,115.235313,21.348589,0.325796,0.867253,0.140560,-0.349245,2.835188,117.184464,33.843048,-0.092975,0.220067,0.505265,-0.829237,16.420328,105.519394,16.420811,0.030688,0.025688,0.451770,-0.891236,8.541077,123.160362,10.981096,0.074114,0.874064,0.079791,0.473448,-10.296993,87.471893,6.250469,0.070966,0.873291,-0.100110,0.471492,-12.310078,51.082184,-1.564458,-0.037075,0.918254,0.038001,0.392418,-22.637520,5.209178,3.540368,-0.092262,0.869722,-0.074965,0.479011,-0.368439,87.014030,20.933386,-0.009030,0.861540,-0.091888,0.499224,2.936463,50.793736,29.088408,-0.036647,0.802831,0.048632,0.593088,-0.666951,4.302711,37.003452,-0.037075,0.918254,0.038001,0.392418,-12.527239,0.794216,-5.858106,-0.036647,0.802831,0.048632,0.593088,12.620772,0.199471,32.924126
356,2.966667,-0.007355,0.882102,0.041200,0.469196,-5.332546,87.240921,13.596892,-0.063821,0.866590,0.132414,0.476881,-5.707924,94.485001,14.075108,-0.025849,0.870092,0.111820,0.479341,-8.685475,106.510139,16.194433,0.018093,0.915470,-0.059247,0.397590,-10.967525,121.110680,18.740791,0.030810,0.947046,-0.058587,0.314200,-8.578028,134.528564,16.247808,-0.011262,0.798708,0.243508,0.550130,-12.972455,115.672615,15.393847,0.235037,-0.349325,0.209651,-0.882483,-19.842749,120.025673,-0.007458,0.216213,0.385304,-0.432490,-0.785968,-3.152986,106.678734,-12.948688,0.315146,0.446369,-0.336072,-0.767133,3.207567,123.043915,-4.854380,-0.140100,0.898755,0.188944,0.370017,-9.149642,115.231430,21.349518,0.325516,0.867462,0.140546,-0.348992,2.814393,117.182228,33.855778,-0.093360,0.220474,0.505133,-0.829166,16.417484,105.523849,16.443066,0.030415,0.025992,0.451647,-0.891299,8.540257,123.163460,10.997876,0.074120,0.873944,0.079768,0.473671,-10.293587,87.468643,6.253210,0.071031,0.873385,-0.100057,0.471320,-12.305798,51.078724,-1.560982,-0.037063,0.918254,0.038107,0.392407,-22.635218,5.205575,3.538572,-0.092251,0.869551,-0.074891,0.479336,-0.371505,87.013206,20.940575,-0.009060,0.861421,-0.091841,0.499436,2.932395,50.791931,29.091648,-0.035634,0.802726,0.049161,0.593249,-0.668301,4.300136,37.003414,-0.037063,0.918254,0.038107,0.392407,-12.524936,0.793150,-5.861093,-0.035634,0.802726,0.049161,0.593249,12.616287,0.191960,32.918854
357,2.975000,-0.007478,0.881965,0.041308,0.469441,-5.330782,87.239586,13.603117,-0.063956,0.866440,0.132341,0.477155,-5.708615,94.483505,14.081766,-0.025912,0.869931,0.111895,0.479612,-8.689057,106.509247,16.197056,0.018048,0.915373,-0.059018,0.397849,-10.974607,121.109177,18.743700,0.030731,0.946974,-0.058956,0.314357,-8.587631,134.528671,16.256933,-0.011395,0.798520,0.243567,0.550373,-12.976709,115.671249,15.394834,0.234982,-0.348899,0.209761,-0.882640,-19.837572,120.023857,-0.010809,0.216516,0.385774,-0.432350,-0.785730,-3.135265,106.676353,-12.935283,0.315493,0.446746,-0.335818,-0.766882,3.215729,123.041298,-4.834362,-0.139972,0.898455,0.188114,0.371213,-9.157625,115.229866,21.352884,0.325242,0.867648,0.140881,-0.348650,2.776769,117.178055,33.887844,-0.093493,0.221332,0.505110,-0.828936,16.400709,105.531967,16.483208,0.030116,0.026366,0.451759,-0.891242,8.539014,123.167732,11.015001,0.074171,0.873805,0.079696,0.473932,-10.287716,87.466469,6.256631,0.071068,0.873208,-0.100082,0.471637,-12.303538,51.076271,-1.555300,-0.037231,0.918234,0.038115,0.392438,-22.638966,5.204105,3.540919,-0.092310,0.869427,-0.074847,0.479555,-0.373850,87.012711,20.949602,-0.008972,0.861119,-0.091597,0.500004,2.933344,50.791752,29.100756,-0.037061,0.802548,0.048704,0.593440,-0.668143,4.295573,36.986351,-0.037231,0.918234,0.038115,0.392438,-12.526506,0.793785,-5.857400,-0.037061,0.802548,0.048704,0.593440,12.626410,0.200805,32.920776
358,2.983333,-0.007614,0.881827,0.041458,0.469685,-5.330875,87.241592,13.606673,-0.064462,0.866413,0.132322,0.477142,-5.711601,94.485298,14.086206,-0.026151,0.869981,0.111965,0.479493,-8.702988,106.510521,16.195101,0.018638,0.915247,-0.059209,0.398084,-10.995447,121.109604,18.740396,0.030451,0.946818,-0.059107,0.314826,-8.590783,134.526443,16.256344,-0.011473,0.798105,0.243602,0.550958,-12.995463,115.670250,15.392615,0.235100,-0.348304,0.209933,-0.882802,-19.833847,120.026489,-0.021988,0.216918,0.386225,-0.432242,-0.785458,-3.114429,106.674622,-12.919786,0.315639,0.447103,-0.335533,-0.766739,3.226776,123.041618,-4.815016,-0.139914,0.898375,0.188162,0.371406,-9.174941,115.231537,21.349939,0.324900,0.867931,0.141083,-0.348183,2.755037,117.175636,33.889729,-0.093972,0.221528,0.504857,-0.828984,16.406349,105.540024,16.499542,0.029730,0.026664,0.451875,-0.891187,8.537381,123.174561,11.032794,0.074197,0.873610,0.079625,0.474300,-10.283709,87.467789,6.257406,0.071119,0.873120,-0.100127,0.471782,-12.300436,51.077034,-1.551694,-0.037379,0.918212,0.038072,0.392478,-22.642841,5.206394,3.544148,-0.092369,0.869236,-0.074791,0.479899,-0.378043,87.015388,20.955940,-0.009061,0.861167,-0.091675,0.499904,2.931725,50.794621,29.106876,-0.038022,0.802825,0.047923,0.593068,-0.665342,4.299948,37.003387,-0.037379,0.918212,0.038072,0.392478,-12.528345,0.796683,-5.852254,-0.038022,0.802825,0.047923,0.593068,12.628642,0.203596,32.937572
359,2.991667,-0.007748,0.881703,0.041446,0.469917,-5.329707,87.243446,13.615152,-0.064656,0.866216,0.132247,0.477494,-5.712195,94.487137,14.093520,-0.026368,0.869743,0.112105,0.479880,-8.708564,106.515503,16.197807,0.018712,0.915098,-0.059291,0.398410,-11.009797,121.113312,18.742544,0.030407,0.946741,-0.059314,0.315023,-8.601082,134.529449,16.258610,-0.011550,0.797920,0.243538,0.551253,-13.004285,115.673447,15.392287,0.235024,-0.347741,0.210101,-0.883005,-19.831253,120.028900,-0.027597,0.217242,0.386619,-0.432119,-0.785242,-3.095767,106.675446,-12.902885,0.315771,0.447620,-0.335215,-0.766522,3.237493,123.042503,-4.794104,-0.139905,0.898316,0.188283,0.371491,-9.189179,115.235748,21.353155,0.324677,0.868133,0.141230,-0.347829,2.738698,117.177155,33.895363,-0.094217,0.221722,0.504691,-0.829005,16.409557,105.548004,16.516216,0.029708,0.027165,0.452165,-0.891025,8.536933,123.181244,11.046850,0.074250,0.873402,0.079585,0.474682,-10.278635,87.467644,6.263193,0.071176,0.873015,-0.100140,0.471964,-12.296808,51.076984,-1.545995,-0.037261,0.918169,0.038161,0.392582,-22.645500,5.207360,3.546176,-0.092401,0.869206,-0.074796,0.479947,-0.380779,87.019241,20.967112,-0.009017,0.861184,-0.091551,0.499900,2.930437,50.798977,29.119709,-0.037265,0.802762,0.048690,0.593139,-0.664286,4.302075,37.004139,-0.037261,0.918169,0.038161,0.392582,-12.529713,0.798619,-5.849295,-0.037265,0.802762,0.048690,0.593139,12.628677,0.210359,32.930325
360,3.000000,-0.007835,0.881604,0.041452,0.470100,-5.329686,87.242439,13.621053,-0.064736,0.866130,0.132099,0.477681,-5.713439,94.486107,14.098825,-0.026540,0.869630,0.112159,0.480062,-8.710022,106.514320,16.198175,0.018684,0.915001,-0.059035,0.398671,-11.017045,121.111488,18.741304,0.030295,0.946649,-0.059563,0.315263,-8.610734,134.529358,16.264412,-0.011631,0.797728,0.243582,0.551510,-13.008266,115.670868,15.390330,0.234911,-0.347239,0.210222,-0.883204,-19.825312,120.027161,-0.033702,0.217416,0.386980,-0.431979,-0.785093,-3.074919,106.674149,-12.890044,0.315758,0.447935,-0.335043,-0.766419,3.252252,123.040199,-4.774201,-0.140014,0.898149,0.188299,0.371844,-9.195773,115.234612,21.352974,0.324553,0.868274,0.141296,-0.347565,2.721886,117.176102,33.904873,-0.094489,0.221977,0.504652,-0.828930,16.405928,105.549309,16.534529,0.029556,0.027460,0.452245,-0.890981,8.535799,123.184113,11.062397,0.074252,0.873307,0.079584,0.474855,-10.275533,87.465477,6.266986,0.071226,0.873000,-0.100137,0.471986,-12.292315,51.074825,-1.542624,-0.037390,0.918159,0.038193,0.392591,-22.645153,5.205828,3.546761,-0.092423,0.869076,-0.074759,0.480183,-0.383839,87.019409,20.975121,-0.009019,0.861105,-0.091455,0.500053,2.927925,50.799034,29.126995,-0.037905,0.802671,0.048436,0.593242,-0.663454,4.300487,37.003201,-0.037390,0.918159,0.038193,0.392591,-12.527903,0.799353,-5.848196,-0.037905,0.802671,0.048436,0.593242,12.633904,0.213701,32.938789
361,3.008333,-0.007865,0.881455,0.041423,0.470383,-5.331236,87.239426,13.627307,-0.065000,0.865960,0.132187,0.477928,-5.715318,94.483116,14.104372,-0.026378,0.869526,0.112013,0.480293,-8.719821,106.512085,16.201889,0.018586,0.914938,-0.059226,0.398793,-11.021207,121.110489,18.743011,0.030157,0.946632,-0.059686,0.315304,-8.614790,134.527344,16.260826,-0.011865,0.797493,0.243603,0.551835,-13.013392,115.670601,15.391438,0.234830,-0.346786,0.210324,-0.883379,-19.817762,120.023659,-0.039107,0.217652,0.387405,-0.431862,-0.784882,-3.053813,106.671013,-12.878159,0.315930,0.448322,-0.334825,-0.766216,3.264360,123.036705,-4.755741,-0.140103,0.898049,0.188196,0.372104,-9.203925,115.232918,21.355911,0.324439,0.868439,0.141073,-0.347349,2.706141,117.176346,33.914722,-0.094898,0.222427,0.504600,-0.828794,16.401377,105.546425,16.555288,0.029289,0.027877,0.451952,-0.891125,8.537283,123.181892,11.077548,0.074216,0.873180,0.079593,0.475093,-10.272362,87.461975,6.270052,0.071299,0.873022,-0.100117,0.471938,-12.284414,51.071049,-1.539458,-0.037250,0.918180,0.038239,0.392549,-22.642073,5.202654,3.545548,-0.092438,0.868930,-0.074718,0.480451,-0.390111,87.016876,20.984562,-0.009041,0.861145,-0.091356,0.500002,2.921586,50.796246,29.135317,-0.038013,0.802678,0.048394,0.593230,-0.662873,4.296011,37.004723,-0.037250,0.918180,0.038239,0.392549,-12.526796,0.795740,-5.851326,-0.038013,0.802678,0.048394,0.593230,12.634939,0.210079,32.940941
362,3.016667,-0.007870,0.881314,0.041272,0.470659,-5.336232,87.238319,13.635072,-0.065057,0.865810,0.132153,0.478202,-5.719490,94.482193,14.110059,-0.026454,0.869375,0.111930,0.480582,-8.725185,106.509987,16.204996,0.018706,0.914813,-0.059176,0.399081,-11.028209,121.108833,18.742132,0.029868,0.946567,-0.059908,0.315484,-8.618187,134.525742,16.263666,-0.011961,0.797316,0.243572,0.552102,-13.018173,115.668381,15.390137,0.234707,-0.346281,0.210448,-0.883580,-19.812176,120.020531,-0.045229,0.217899,0.387793,-0.431735,-0.784692,-3.033345,106.668365,-12.865323,0.316083,0.448720,-0.334536,-0.766047,3.277386,123.033813,-4.737116,-0.140227,0.897966,0.188275,0.372217,-9.212703,115.231682,21.357233,0.324527,0.868519,0.141172,-0.347028,2.693216,117.176796,33.919716,-0.095047,0.222565,0.504591,-0.828745,16.396749,105.541245,16.570606,0.029014,0.028085,0.452216,-0.890994,8.533758,123.179604,11.090986,0.074144,0.873085,0.079627,0.475273,-10.272746,87.459763,6.274688,0.071381,0.873044,-0.100078,0.471894,-12.277312,51.068451,-1.534942,-0.037371,0.918157,0.038195,0.392598,-22.639669,5.200413,3.543703,-0.092510,0.868883,-0.074665,0.480530,-0.399718,87.016876,20.995457,-0.009020,0.861231,-0.091250,0.499874,2.917776,50.796658,29.145712,-0.037086,0.802798,0.048903,0.593084,-0.662200,4.294565,37.006199,-0.037371,0.918157,0.038195,0.392598,-12.522444,0.793792,-5.851214,-0.037086,0.802798,0.048903,0.593084,12.629960,0.204647,32.927956
363,3.025000,-0.007918,0.881194,0.041328,0.470879,-5.337109,87.238243,13.640740,-0.065008,0.865675,0.131957,0.478505,-5.721487,94.482033,14.116017,-0.026672,0.869174,0.112023,0.480911,-8.724384,106.510605,16.206217,0.018585,0.914708,-0.059188,0.399324,-11.035374,121.108482,18.741676,0.029728,0.946533,-0.060005,0.315582,-8.627256,134.525620,16.262575,-0.012998,0.795973,0.244797,0.553473,-13.020423,115.667274,15.388001,0.234253,-0.345948,0.211060,-0.883685,-19.760754,120.026482,-0.068890,0.217816,0.388880,-0.431961,-0.784053,-2.983300,106.657913,-12.873693,0.316275,0.449259,-0.334177,-0.765808,3.289217,123.032570,-4.720117,-0.140347,0.897841,0.188268,0.372478,-9.219603,115.232040,21.358168,0.324466,0.868634,0.141139,-0.346810,2.678364,117.178680,33.927940,-0.095283,0.222811,0.504513,-0.828700,16.391415,105.541779,16.587254,0.028763,0.028402,0.452256,-0.890972,8.529676,123.179535,11.104341,0.074164,0.872867,0.079649,0.475667,-10.269943,87.459579,6.277887,0.071426,0.873007,-0.100110,0.471949,-12.271478,51.068733,-1.534698,-0.037374,0.918175,0.038241,0.392551,-22.639246,5.201909,3.543853,-0.092547,0.868790,-0.074642,0.480694,-0.404274,87.016907,21.003593,-0.009008,0.861173,-0.091152,0.499992,2.914868,50.796936,29.154270,-0.037711,0.802734,0.048669,0.593150,-0.662507,4.293126,37.005737,-0.037374,0.918175,0.038241,0.392551,-12.522808,0.796440,-5.852450,-0.037711,0.802734,0.048669,0.593150,12.633668,0.208316,32.935474
364,3.033333,-0.008048,0.881090,0.041388,0.471067,-5.339001,87.240959,13.646986,-0.065236,0.865576,0.131819,0.478692,-5.725553,94.484650,14.122057,-0.026564,0.869100,0.111957,0.481066,-8.732461,106.514465,16.206060,0.018815,0.914526,-0.059987,0.399611,-11.040136,121.112968,18.740988,0.029346,0.946393,-0.059639,0.316104,-8.616508,134.524353,16.245914,-0.013080,0.795880,0.244647,0.553671,-13.025649,115.672363,15.386600,0.234159,-0.345450,0.211173,-0.883878,-19.758245,120.028130,-0.074632,0.218074,0.389254,-0.431785,-0.783892,-2.965973,106.659996,-12.860449,0.316157,0.449814,-0.333559,-0.765800,3.300884,123.033051,-4.701079,-0.140478,0.897707,0.188275,0.372748,-9.226862,115.235970,21.357979,0.324421,0.868771,0.141212,-0.346478,2.662823,117.184189,33.935345,-0.095438,0.223047,0.504459,-0.828651,16.388826,105.545929,16.605833,0.028661,0.028608,0.452097,-0.891049,8.529338,123.182747,11.118586,0.074148,0.872755,0.079666,0.475872,-10.268666,87.460915,6.281968,0.071490,0.872969,-0.100144,0.472001,-12.266681,51.070095,-1.531630,-0.037251,0.918172,0.038317,0.392562,-22.641567,5.204791,3.546147,-0.092590,0.868716,-0.074687,0.480813,-0.409336,87.020996,21.012003,-0.008977,0.861139,-0.091009,0.500076,2.909797,50.802113,29.167505,-0.037175,0.802749,0.049079,0.593131,-0.664079,4.295775,37.005653,-0.037251,0.918172,0.038317,0.392562,-12.525782,0.799866,-5.851116,-0.037175,0.802749,0.049079,0.593131,12.630038,0.211266,32.928368
365,3.041667,-0.008204,0.880950,0.041482,0.471317,-5.337175,87.243401,13.653609,-0.065357,0.865402,0.131767,0.479004,-5.726503,94.486946,14.128704,-0.026669,0.868906,0.112032,0.481395,-8.736472,106.517967,16.209242,0.019032,0.914420,-0.060104,0.399826,-11.048938,121.115791,18.743700,0.029021,0.946399,-0.059709,0.316103,-8.617774,134.525879,16.249012,-0.013281,0.795549,0.244783,0.554081,-13.030789,115.675117,15.387276,0.236733,-0.345604,0.210145,-0.883377,-19.747370,120.031593,-0.080715,0.219488,0.390520,-0.430991,-0.783305,-2.938762,106.667885,-12.849670,0.316385,0.450284,-0.333414,-0.765493,3.314624,123.034393,-4.680024,-0.140490,0.897576,0.188011,0.373191,-9.236566,115.238907,21.361565,0.324296,0.868914,0.141281,-0.346209,2.641483,117.187393,33.949871,-0.095601,0.223431,0.504437,-0.828543,16.380873,105.551552,16.629341,0.028536,0.028824,0.452245,-0.890971,8.527884,123.187164,11.133902,0.074157,0.872580,0.079669,0.476191,-10.262611,87.461922,6.285723,0.071599,0.872879,-0.100240,0.472131,-12.258268,51.071239,-1.529130,-0.037230,0.918133,0.038333,0.392654,-22.647053,5.209231,3.549953,-0.092594,0.868636,-0.074768,0.480945,-0.411738,87.024887,21.021496,-0.008868,0.860922,-0.090699,0.500507,2.903502,50.806969,29.182884,-0.038849,0.802420,0.048017,0.593555,-0.668504,4.295137,36.989178,-0.037230,0.918133,0.038333,0.392654,-12.529569,0.804519,-5.845575,-0.038849,0.802420,0.048017,0.593555,12.636712,0.214683,32.944183
366,3.050000,-0.008742,0.880760,0.041626,0.471648,-5.326138,87.238922,13.660380,-0.065517,0.865262,0.131644,0.479269,-5.723525,94.482162,14.133469,-0.026669,0.868770,0.112074,0.481629,-8.737911,106.520554,16.209728,0.018905,0.914487,-0.058909,0.399858,-11.051631,121.118103,18.744635,0.028874,0.946512,-0.060353,0.315655,-8.636412,134.536285,16.278093,-0.013463,0.795335,0.244856,0.554353,-13.031724,115.677818,15.386518,0.236604,-0.345242,0.210247,-0.883529,-19.737658,120.033073,-0.086442,0.219615,0.391011,-0.430799,-0.783129,-2.918695,106.669762,-12.842176,0.316429,0.450647,-0.333306,-0.765308,3.326295,123.033798,-4.660689,-0.140649,0.897327,0.187668,0.373901,-9.240703,115.240906,21.362791,0.324501,0.868917,0.141985,-0.345721,2.617309,117.192932,33.969433,-0.095340,0.223882,0.504548,-0.828383,16.366890,105.556854,16.657145,0.028343,0.029090,0.452225,-0.890979,8.528063,123.188828,11.144381,0.074348,0.872530,0.079630,0.476259,-10.245874,87.450500,6.288482,0.071642,0.872753,-0.100345,0.472334,-12.254648,51.061462,-1.530671,-0.037336,0.918073,0.038574,0.392760,-22.652685,5.202016,3.552609,-0.092478,0.868575,-0.074860,0.481064,-0.406401,87.027344,21.032278,-0.008961,0.861118,-0.090694,0.500170,2.896915,50.808842,29.195904,-0.038070,0.802764,0.048429,0.593107,-0.664219,4.297078,37.007587,-0.037336,0.918073,0.038574,0.392760,-12.531346,0.804646,-5.842208,-0.038070,0.802764,0.048429,0.593107,12.632951,0.212865,32.939976
367,3.058333,-0.008661,0.880611,0.041485,0.471941,-5.333007,87.238533,13.668161,-0.065536,0.865127,0.131519,0.479545,-5.728555,94.481964,14.139873,-0.026781,0.868620,0.112039,0.481902,-8.742852,106.522369,16.212481,0.018959,0.914408,-0.058931,0.400033,-11.059810,121.119965,18.744146,0.028679,0.946514,-0.060388,0.315662,-8.642298,134.537857,16.278379,-0.013553,0.795157,0.244761,0.554647,-13.037136,115.679062,15.385405,0.236380,-0.344805,0.210435,-0.883714,-19.731617,120.032585,-0.092998,0.219810,0.391380,-0.430640,-0.782978,-2.901559,106.668053,-12.832811,0.316594,0.451087,-0.333103,-0.765069,3.337778,123.031319,-4.644120,-0.140600,0.897262,0.187617,0.374102,-9.249928,115.243279,21.364174,0.324539,0.868984,0.141856,-0.345570,2.603347,117.192825,33.975655,-0.095535,0.224105,0.504638,-0.828245,16.356934,105.550728,16.670599,0.028345,0.029365,0.452387,-0.890887,8.525387,123.186363,11.155659,0.074208,0.872452,0.079663,0.476418,-10.247870,87.450432,6.293022,0.071805,0.872930,-0.100256,0.472003,-12.245044,51.060249,-1.523766,-0.037747,0.918112,0.038216,0.392664,-22.650633,5.201325,3.548843,-0.092526,0.868478,-0.074812,0.481237,-0.418144,87.026634,21.043301,-0.009023,0.861076,-0.090548,0.500268,2.888396,50.808262,29.206192,-0.038966,0.802745,0.047929,0.593114,-0.661638,4.294091,37.008595,-0.037747,0.918112,0.038216,0.392664,-12.528574,0.799494,-5.843112,-0.038966,0.802745,0.047929,0.593114,12.639636,0.213570,32.950703
368,3.066667,-0.008621,0.880462,0.041399,0.472228,-5.338285,87.236259,13.675432,-0.065624,0.865002,0.131351,0.479804,-5.732882,94.479805,14.146198,-0.026825,0.868499,0.111906,0.482149,-8.747728,106.521080,16.213249,0.018592,0.914350,-0.059028,0.400168,-11.064634,121.119499,18.740206,0.028701,0.946491,-0.060280,0.315749,-8.654663,134.537674,16.268536,-0.013674,0.794998,0.244689,0.554904,-13.040620,115.678009,15.381619,0.236010,-0.344240,0.210715,-0.883967,-19.725044,120.029045,-0.101835,0.219957,0.391655,-0.430658,-0.782789,-2.881421,106.662521,-12.821618,0.316811,0.451500,-0.332927,-0.764813,3.348986,123.027756,-4.630047,-0.140574,0.897172,0.187487,0.374392,-9.256822,115.243240,21.362623,0.324541,0.869080,0.141676,-0.345401,2.589118,117.191353,33.981216,-0.095769,0.224528,0.504614,-0.828118,16.348490,105.543282,16.684780,0.028053,0.029793,0.452478,-0.890836,8.523275,123.179916,11.161391,0.074220,0.872316,0.079568,0.476682,-10.248363,87.448311,6.297110,0.071754,0.872647,-0.100084,0.472570,-12.247333,51.057125,-1.514559,-0.037752,0.918098,0.038303,0.392687,-22.644497,5.194256,3.539558,-0.092573,0.868442,-0.074801,0.481294,-0.428206,87.024216,21.053753,-0.009036,0.861200,-0.090437,0.500075,2.881203,50.806381,29.217869,-0.037347,0.802957,0.048783,0.592863,-0.660748,4.290333,37.012749,-0.037752,0.918098,0.038303,0.392687,-12.521660,0.794683,-5.852620,-0.037347,0.802957,0.048783,0.592863,12.630506,0.202044,32.929916
369,3.075000,-0.008645,0.880324,0.041275,0.472494,-5.342301,87.234497,13.682631,-0.065720,0.864885,0.131208,0.480040,-5.736496,94.478188,14.151527,-0.026798,0.868393,0.111779,0.482371,-8.752374,106.520424,16.213593,0.018659,0.914188,-0.059971,0.400394,-11.067395,121.119736,18.737101,0.028429,0.946405,-0.059754,0.316133,-8.644650,134.531631,16.243904,-0.013679,0.794880,0.244520,0.555147,-13.042906,115.678146,15.378416,0.235936,-0.343673,0.211031,-0.884132,-19.717953,120.027901,-0.109440,0.220213,0.391792,-0.430811,-0.782565,-2.861477,106.653656,-12.804052,0.316850,0.451877,-0.332740,-0.764655,3.359827,123.025085,-4.617196,-0.140570,0.897068,0.187317,0.374729,-9.262115,115.243515,21.361334,0.324790,0.869068,0.142147,-0.345003,2.575084,117.190994,33.988224,-0.095607,0.224662,0.504745,-0.828021,16.340088,105.537590,16.699863,0.028058,0.030011,0.452535,-0.890800,8.523175,123.174408,11.170504,0.074178,0.872161,0.079617,0.476964,-10.247909,87.445343,6.301301,0.071837,0.872717,-0.100060,0.472433,-12.239855,51.054276,-1.512712,-0.037643,0.918103,0.038351,0.392682,-22.641977,5.192077,3.537291,-0.092582,0.868335,-0.074724,0.481497,-0.436694,87.023651,21.063959,-0.009030,0.861370,-0.090354,0.499796,2.874186,50.805092,29.224241,-0.037172,0.802984,0.048999,0.592819,-0.661778,4.287624,37.013332,-0.037643,0.918103,0.038351,0.392682,-12.520099,0.792496,-5.855914,-0.037172,0.802984,0.048999,0.592819,12.628834,0.201284,32.926460
370,3.083333,-0.008697,0.880143,0.041249,0.472832,-5.346049,87.234566,13.690001,-0.065660,0.864751,0.131023,0.480341,-5.740911,94.478271,14.158050,-0.026964,0.868231,0.111681,0.482676,-8.754001,106.521896,16.215876,0.018638,0.914077,-0.059943,0.400653,-11.072827,121.121597,18.733620,0.028255,0.946364,-0.059648,0.316290,-8.649882,134.533722,16.241928,-0.013873,0.794621,0.244626,0.555467,-13.045155,115.678802,15.375013,0.235662,-0.343268,0.211231,-0.884315,-19.707621,120.028069,-0.118397,0.220302,0.392178,-0.430754,-0.782377,-2.841473,106.652519,-12.798784,0.316996,0.452235,-0.332648,-0.764423,3.370317,123.024559,-4.603666,-0.140582,0.896975,0.187243,0.374984,-9.268672,115.246346,21.360809,0.324763,0.869176,0.142070,-0.344787,2.561750,117.193047,33.994167,-0.095743,0.224876,0.504752,-0.827943,16.335068,105.536224,16.714733,0.028118,0.030321,0.452815,-0.890645,8.521657,123.175140,11.181313,0.074160,0.872135,0.079586,0.477019,-10.245971,87.444656,6.304872,0.071917,0.873001,-0.099936,0.471922,-12.237365,51.053017,-1.506630,-0.037739,0.918122,0.038430,0.392621,-22.637684,5.189565,3.535762,-0.092610,0.868127,-0.074741,0.481863,-0.446127,87.024483,21.075130,-0.009099,0.861316,-0.090149,0.499925,2.862494,50.806488,29.238850,-0.038186,0.802918,0.048488,0.592885,-0.659336,4.285636,37.014149,-0.037739,0.918122,0.038430,0.392621,-12.515918,0.793019,-5.858989,-0.038186,0.802918,0.048488,0.592885,12.636754,0.204651,32.939766
371,3.091667,-0.008802,0.879998,0.041310,0.473096,-5.347762,87.236870,13.696011,-0.065738,0.864606,0.130947,0.480612,-5.744524,94.480476,14.164001,-0.026962,0.868086,0.111639,0.482947,-8.758917,106.523750,16.218185,0.019077,0.914002,-0.059728,0.400835,-11.077859,121.123741,18.734180,0.027818,0.946401,-0.059763,0.316196,-8.645577,134.536209,16.253372,-0.013996,0.794481,0.244535,0.555703,-13.048662,115.681061,15.374492,0.235428,-0.343178,0.211080,-0.884448,-19.701868,120.027283,-0.123754,0.220259,0.392680,-0.430369,-0.782350,-2.829428,106.662094,-12.806704,0.317000,0.452565,-0.332468,-0.764304,3.379808,123.025429,-4.592923,-0.140640,0.896909,0.187134,0.375174,-9.275884,115.248367,21.362606,0.324808,0.869265,0.142129,-0.344495,2.549004,117.196739,34.000893,-0.095868,0.225183,0.504751,-0.827846,16.330931,105.535469,16.731319,0.028024,0.030760,0.452789,-0.890646,8.522847,123.175064,11.190955,0.074183,0.871976,0.079526,0.477316,-10.243220,87.446053,6.307896,0.071946,0.872698,-0.100009,0.472462,-12.235653,51.053967,-1.501258,-0.037840,0.918107,0.038389,0.392650,-22.644684,5.192298,3.539349,-0.092628,0.868055,-0.074804,0.481980,-0.452305,87.027687,21.084124,-0.009674,0.861306,-0.089588,0.500032,2.854049,50.810635,29.252947,-0.037668,0.803016,0.048804,0.592760,-0.595308,4.281259,37.009697,-0.037840,0.918107,0.038389,0.392650,-12.521538,0.795871,-5.853971,-0.037668,0.803016,0.048804,0.592760,12.697348,0.198765,32.925625
372,3.100000,-0.008873,0.879809,0.041232,0.473453,-5.352797,87.236450,13.703882,-0.065750,0.864482,0.130809,0.480871,-5.750117,94.480133,14.170237,-0.027021,0.867959,0.111653,0.483168,-8.763792,106.524506,16.220491,0.019096,0.913968,-0.059724,0.400913,-11.085127,121.124306,18.735386,0.027700,0.946442,-0.059796,0.316078,-8.652089,134.536743,16.255198,-0.014197,0.794235,0.244580,0.556031,-13.053781,115.681496,15.374637,0.235443,-0.342918,0.211084,-0.884543,-19.694105,120.025925,-0.129630,0.220458,0.393008,-0.430274,-0.782181,-2.812871,106.662308,-12.802526,0.317147,0.452903,-0.332253,-0.764137,3.389602,123.025917,-4.583857,-0.140755,0.896860,0.187103,0.375264,-9.284080,115.249046,21.364704,0.324777,0.869376,0.142118,-0.344248,2.537327,117.200592,34.005749,-0.096163,0.225516,0.504628,-0.827796,16.328743,105.536903,16.745407,0.027628,0.031393,0.452846,-0.890607,8.521793,123.175117,11.199987,0.074210,0.871812,0.079477,0.477620,-10.242253,87.444176,6.311757,0.071996,0.872751,-0.099981,0.472363,-12.235501,51.051796,-1.495832,-0.037920,0.918098,0.038470,0.392656,-22.646811,5.190271,3.541388,-0.092732,0.868037,-0.074883,0.481980,-0.463340,87.028732,21.096008,-0.009605,0.861433,-0.089370,0.499854,2.846768,50.813995,29.273590,-0.038306,0.802929,0.048636,0.592851,-0.596309,4.280806,37.010235,-0.037920,0.918098,0.038470,0.392656,-12.522566,0.796809,-5.852130,-0.038306,0.802929,0.048636,0.592851,12.701023,0.205135,32.934582
373,3.108333,-0.008831,0.879610,0.041074,0.473837,-5.362010,87.235329,13.711655,-0.065671,0.864372,0.130558,0.481147,-5.757914,94.479210,14.176104,-0.027066,0.867835,0.111592,0.483402,-8.767238,106.524155,16.220812,0.019046,0.913919,-0.059596,0.401045,-11.089541,121.124290,18.732851,0.027585,0.946453,-0.059764,0.316060,-8.658612,134.537689,16.255789,-0.014415,0.794129,0.244316,0.556292,-13.056522,115.681168,15.371634,0.235110,-0.342253,0.211416,-0.884811,-19.686523,120.016731,-0.139530,0.220501,0.393008,-0.430701,-0.781934,-2.789515,106.649162,-12.787205,0.317211,0.453164,-0.332264,-0.763950,3.399414,123.023842,-4.575822,-0.141003,0.896744,0.187007,0.375494,-9.290072,115.249275,21.363787,0.324941,0.869447,0.142009,-0.343960,2.522870,117.207779,34.011665,-0.096266,0.225963,0.504688,-0.827625,16.318905,105.531906,16.763252,0.027422,0.031815,0.452968,-0.890537,8.522244,123.171890,11.206725,0.074201,0.871624,0.079418,0.477974,-10.245022,87.442688,6.315261,0.072038,0.872773,-0.099905,0.472331,-12.236582,51.049519,-1.489059,-0.037903,0.918079,0.038535,0.392694,-22.647831,5.187133,3.540399,-0.092839,0.867909,-0.074848,0.482195,-0.478999,87.027977,21.108049,-0.009622,0.861481,-0.089209,0.499800,2.837216,50.814342,29.288017,-0.038425,0.802989,0.048591,0.592766,-0.596312,4.278472,37.012760,-0.037903,0.918079,0.038535,0.392694,-12.522766,0.795146,-5.852925,-0.038425,0.802989,0.048591,0.592766,12.700808,0.203753,32.935478
374,3.116667,-0.008800,0.879584,0.040832,0.473906,-5.374724,87.229179,13.720237,-0.065543,0.864329,0.130254,0.481324,-5.768604,94.473358,14.181783,-0.027089,0.867728,0.111532,0.483607,-8.772043,106.521072,16.221046,0.018689,0.914007,-0.058840,0.400973,-11.094646,121.121574,18.730671,0.027743,0.946580,-0.060074,0.315606,-8.681078,134.540741,16.267973,-0.014534,0.794050,0.244114,0.556490,-13.060387,115.678261,15.369037,0.235190,-0.342229,0.211109,-0.884872,-19.682560,120.008347,-0.146997,0.220600,0.393468,-0.430345,-0.781870,-2.778247,106.652626,-12.797412,0.317357,0.453402,-0.332188,-0.763782,3.408301,123.020348,-4.571971,-0.141049,0.896660,0.186808,0.375779,-9.296753,115.246689,21.362980,0.324999,0.869519,0.142046,-0.343707,2.508301,117.206940,34.017952,-0.096288,0.226318,0.504657,-0.827545,16.311100,105.526207,16.778252,0.027242,0.032184,0.453136,-0.890444,8.519762,123.164856,11.211030,0.074098,0.871522,0.079555,0.478152,-10.256587,87.435036,6.323043,0.072090,0.872850,-0.099854,0.472193,-12.234987,51.042343,-1.486845,-0.037879,0.918070,0.038654,0.392706,-22.647427,5.179697,3.537757,-0.092834,0.867782,-0.074828,0.482427,-0.492862,87.023323,21.117432,-0.009717,0.861570,-0.089072,0.499670,2.821527,50.809395,29.296816,-0.038528,0.803077,0.048523,0.592645,-0.596617,4.271385,37.015469,-0.037879,0.918070,0.038654,0.392706,-12.521976,0.790439,-5.856422,-0.038528,0.803077,0.048523,0.592645,12.699715,0.196855,32.935436
375,3.125000,-0.008726,0.879418,0.040742,0.474224,-5.381018,87.225548,13.724810,-0.065605,0.864218,0.130139,0.481547,-5.773499,94.469849,14.185572,-0.027089,0.867642,0.111349,0.483803,-8.777790,106.519424,16.221077,0.018835,0.913822,-0.059651,0.401268,-11.098346,121.121147,18.725492,0.027536,0.946444,-0.059523,0.316136,-8.671158,134.534698,16.245668,-0.014720,0.793862,0.244079,0.556768,-13.063797,115.677299,15.364573,0.235158,-0.341680,0.211477,-0.885004,-19.674999,120.004013,-0.157081,0.220839,0.393381,-0.430713,-0.781645,-2.759716,106.637596,-12.781522,0.317449,0.453628,-0.332157,-0.763623,3.417545,123.016251,-4.568910,-0.140955,0.896518,0.186471,0.376320,-9.302855,115.246643,21.360271,0.324903,0.869668,0.141837,-0.343507,2.488950,117.204155,34.028011,-0.096352,0.226853,0.504662,-0.827388,16.301758,105.520210,16.798494,0.027315,0.032382,0.453112,-0.890447,8.520496,123.158035,11.216387,0.074141,0.871324,0.079443,0.478525,-10.257563,87.432053,6.324127,0.072079,0.872865,-0.099740,0.472190,-12.239413,51.038517,-1.480954,-0.038100,0.918063,0.038664,0.392700,-22.645967,5.173576,3.534909,-0.092820,0.867804,-0.074908,0.482379,-0.504474,87.019035,21.125492,-0.009806,0.861670,-0.088908,0.499524,2.806582,50.805794,29.309273,-0.037764,0.803203,0.049009,0.592483,-0.595214,4.265180,37.019463,-0.038100,0.918063,0.038664,0.392700,-12.518602,0.787071,-5.858491,-0.037764,0.803203,0.049009,0.592483,12.696359,0.188860,32.925724
376,3.133333,-0.008737,0.879244,0.040589,0.474559,-5.388289,87.224991,13.732472,-0.065655,0.863994,0.130019,0.481973,-5.780035,94.469467,14.191058,-0.027161,0.867391,0.111264,0.484268,-8.785303,106.520988,16.222118,0.018740,0.913793,-0.059118,0.401417,-11.107841,121.123161,18.722065,0.027564,0.946531,-0.059770,0.315829,-8.688199,134.540421,16.254900,-0.014865,0.793710,0.243948,0.557039,-13.069955,115.678940,15.359780,0.235104,-0.341356,0.211598,-0.885115,-19.670509,120.001472,-0.167574,0.220989,0.393539,-0.430703,-0.781528,-2.746721,106.633293,-12.778732,0.317567,0.453795,-0.332125,-0.763488,3.426110,123.013557,-4.565435,-0.141193,0.896635,0.187218,0.375579,-9.315454,115.248932,21.359562,0.325093,0.869730,0.141693,-0.343231,2.493412,117.209503,34.010933,-0.096631,0.226606,0.504625,-0.827445,16.309553,105.511856,16.793390,0.027185,0.032638,0.453161,-0.890416,8.521080,123.154045,11.223546,0.074033,0.871271,0.079395,0.478646,-10.259199,87.430305,6.328044,0.072217,0.873120,-0.099594,0.471727,-12.234797,51.035004,-1.470382,-0.038094,0.918073,0.038765,0.392667,-22.643614,5.169195,3.532803,-0.092851,0.867640,-0.074869,0.482674,-0.517380,87.019676,21.136900,-0.009882,0.861695,-0.088709,0.499514,2.794314,50.806438,29.320442,-0.037817,0.803098,0.049392,0.592590,-0.591864,4.262635,37.018242,-0.038094,0.918073,0.038765,0.392667,-12.516663,0.785151,-5.862196,-0.037817,0.803098,0.049392,0.592590,12.703011,0.195788,32.925800
377,3.141667,-0.008776,0.879110,0.040576,0.474807,-5.391313,87.226227,13.739185,-0.065772,0.863877,0.129849,0.482213,-5.783586,94.470711,14.197217,-0.027164,0.867279,0.111143,0.484496,-8.789695,106.522057,16.222235,0.018679,0.913719,-0.059162,0.401584,-11.111231,121.125031,18.718431,0.027510,0.946501,-0.059637,0.315946,-8.691978,134.542160,16.250191,-0.014950,0.793602,0.243818,0.557248,-13.072475,115.680527,15.356103,0.235161,-0.341096,0.211673,-0.885182,-19.664846,120.000031,-0.175568,0.221197,0.393742,-0.430701,-0.781368,-2.733791,106.629875,-12.774892,0.317824,0.453914,-0.332101,-0.763321,3.432982,123.012375,-4.561325,-0.141282,0.896501,0.186967,0.375990,-9.321107,115.250984,21.357876,0.325047,0.869847,0.141680,-0.342982,2.476119,117.214294,34.019676,-0.096811,0.227017,0.504586,-0.827335,16.302235,105.514740,16.811443,0.027022,0.033134,0.453318,-0.890323,8.519946,123.156013,11.232643,0.074106,0.871141,0.079356,0.478879,-10.258025,87.431023,6.331983,0.072196,0.873147,-0.099542,0.471693,-12.237586,51.036064,-1.467057,-0.037979,0.918098,0.038892,0.392608,-22.642168,5.168981,3.533263,-0.092814,0.867479,-0.074944,0.482960,-0.524600,87.021431,21.146387,-0.009962,0.861627,-0.088548,0.499660,2.779305,50.808525,29.334568,-0.038528,0.803192,0.048796,0.592467,-0.593956,4.262158,37.022537,-0.037979,0.918098,0.038892,0.392608,-12.517053,0.786827,-5.864600,-0.038528,0.803192,0.048796,0.592467,12.701919,0.193714,32.934929
378,3.150000,-0.008825,0.878832,0.040623,0.475317,-5.388659,87.229813,13.742711,-0.065991,0.863662,0.129815,0.482578,-5.782157,94.474228,14.200786,-0.027293,0.867107,0.111015,0.484826,-8.793262,106.524208,16.220955,0.019066,0.913484,-0.059891,0.401991,-11.117249,121.127823,18.711090,0.027256,0.946361,-0.059133,0.316483,-8.678809,134.539276,16.230881,-0.014975,0.793473,0.243755,0.557459,-13.075694,115.682266,15.348831,0.235156,-0.340804,0.211800,-0.885266,-19.659834,120.001724,-0.186345,0.221377,0.393886,-0.430647,-0.781274,-2.721505,106.628586,-12.772712,0.317952,0.454106,-0.332206,-0.763108,3.442639,123.011673,-4.558820,-0.141296,0.896400,0.186912,0.376253,-9.328962,115.254608,21.353634,0.324949,0.869996,0.141680,-0.342698,2.461250,117.216858,34.022125,-0.097082,0.227339,0.504504,-0.827265,16.300295,105.517159,16.824390,0.026783,0.033556,0.453533,-0.890205,8.520442,123.158302,11.240585,0.074218,0.871008,0.079116,0.479143,-10.246762,87.434654,6.329863,0.072229,0.873086,-0.099488,0.471812,-12.239884,51.038097,-1.458235,-0.038123,0.918050,0.038883,0.392708,-22.645456,5.170441,3.534764,-0.092750,0.867263,-0.075041,0.483344,-0.530555,87.024971,21.155558,-0.010048,0.861483,-0.088341,0.499942,2.762053,50.812256,29.349148,-0.037798,0.803217,0.049194,0.592448,-0.596956,4.262599,37.023438,-0.038123,0.918050,0.038883,0.392708,-12.517049,0.789736,-5.860223,-0.037798,0.803217,0.049194,0.592448,12.695400,0.190985,32.927559
379,3.158333,-0.008873,0.878683,0.040616,0.475592,-5.392590,87.229195,13.746849,-0.065991,0.863509,0.129705,0.482881,-5.786796,94.473610,14.204380,-0.027324,0.866938,0.110960,0.485140,-8.797161,106.523811,16.221083,0.018996,0.913376,-0.060121,0.402205,-11.122038,121.127747,18.708530,0.027210,0.946322,-0.058946,0.316637,-8.681998,134.537888,16.222775,-0.015207,0.793235,0.243761,0.557788,-13.078403,115.682076,15.345245,0.235066,-0.340544,0.211921,-0.885361,-19.649534,119.998146,-0.196379,0.221477,0.394065,-0.430717,-0.781117,-2.704911,106.623253,-12.772407,0.318235,0.454135,-0.332219,-0.762967,3.451791,123.009834,-4.557327,-0.141372,0.896327,0.186783,0.376463,-9.336010,115.254608,21.352766,0.325028,0.870068,0.141759,-0.342408,2.447938,117.219200,34.026726,-0.097273,0.227665,0.504562,-0.827118,16.294340,105.514168,16.838526,0.026603,0.033879,0.453178,-0.890379,8.523192,123.156380,11.249642,0.074276,0.870811,0.079023,0.479506,-10.246046,87.433456,6.330939,0.072236,0.873036,-0.099466,0.471908,-12.243092,51.036453,-1.454053,-0.038304,0.918034,0.038926,0.392722,-22.648844,5.168483,3.535701,-0.092748,0.867171,-0.075149,0.483493,-0.539135,87.024940,21.162758,-0.010105,0.861472,-0.088158,0.499993,2.747974,50.813400,29.363733,-0.037708,0.803239,0.049333,0.592412,-0.598105,4.260790,37.025745,-0.038304,0.918034,0.038926,0.392722,-12.518367,0.790899,-5.858512,-0.037708,0.803239,0.049333,0.592412,12.693921,0.190801,32.927170
380,3.166667,-0.008867,0.878554,0.040462,0.475843,-5.398004,87.225655,13.753205,-0.066090,0.863398,0.129555,0.483106,-5.791196,94.470253,14.208694,-0.027367,0.866832,0.110812,0.485360,-8.802230,106.520248,16.220053,0.018914,0.913322,-0.060081,0.402337,-11.126735,121.125092,18.702482,0.027269,0.946309,-0.058894,0.316682,-8.688611,134.535675,16.217333,-0.015238,0.793116,0.243670,0.557996,-13.082016,115.678764,15.339650,0.235148,-0.340327,0.212024,-0.885398,-19.645008,119.994019,-0.205636,0.221730,0.394204,-0.430644,-0.781015,-2.695186,106.615356,-12.770635,0.318435,0.454340,-0.332168,-0.762783,3.459674,123.003044,-4.556536,-0.141483,0.896219,0.186689,0.376726,-9.342688,115.252457,21.349163,0.325046,0.870167,0.141693,-0.342167,2.433275,117.219521,34.030159,-0.097356,0.227955,0.504571,-0.827023,16.287357,105.509315,16.851690,0.026589,0.034149,0.453350,-0.890281,8.521771,123.151993,11.255683,0.074304,0.870714,0.078993,0.479683,-10.247223,87.428909,6.334498,0.072244,0.873061,-0.099399,0.471874,-12.245553,51.031864,-1.449997,-0.038128,0.918030,0.039020,0.392740,-22.648834,5.162740,3.534326,-0.092700,0.867065,-0.075232,0.483680,-0.548783,87.022408,21.171913,-0.010177,0.861592,-0.087965,0.499817,2.730466,50.811131,29.377192,-0.037728,0.803275,0.049352,0.592360,-0.599074,4.255441,37.027699,-0.038128,0.918030,0.039020,0.392740,-12.519325,0.785559,-5.861115,-0.037728,0.803275,0.049352,0.592360,12.692657,0.186202,32.927437
381,3.175000,-0.008771,0.878424,0.040233,0.476105,-5.407731,87.222061,13.760574,-0.065958,0.863272,0.129338,0.483408,-5.798253,94.466949,14.213695,-0.027426,0.866661,0.110716,0.485683,-8.804642,106.519127,16.221098,0.019184,0.913374,-0.058970,0.402372,-11.130222,121.124504,18.699366,0.027105,0.946475,-0.059532,0.316079,-8.697330,134.541656,16.244654,-0.015497,0.793088,0.243486,0.558110,-13.083288,115.677711,15.335986,0.235103,-0.340096,0.212054,-0.885491,-19.641586,119.983246,-0.213978,0.221925,0.394281,-0.430575,-0.780959,-2.684553,106.605721,-12.770468,0.318794,0.454298,-0.331931,-0.762762,3.470079,122.993553,-4.557810,-0.141503,0.896119,0.186626,0.376987,-9.348455,115.252220,21.348351,0.325449,0.870080,0.142805,-0.341542,2.420455,117.218506,34.036011,-0.096824,0.227932,0.504628,-0.827057,16.282791,105.506721,16.865284,0.026470,0.034404,0.453569,-0.890163,8.519910,123.145126,11.259786,0.074266,0.870593,0.078994,0.479909,-10.252566,87.425079,6.338996,0.072284,0.873226,-0.099262,0.471591,-12.246373,51.027618,-1.444706,-0.038019,0.918025,0.039131,0.392752,-22.645319,5.156469,3.529980,-0.092668,0.867050,-0.075253,0.483708,-0.562895,87.019043,21.182152,-0.010312,0.861611,-0.087787,0.499814,2.713277,50.807571,29.387764,-0.037871,0.803327,0.049281,0.592286,-0.596846,4.249191,37.030296,-0.038019,0.918025,0.039131,0.392752,-12.516205,0.780870,-5.866627,-0.037871,0.803327,0.049281,0.592286,12.694839,0.180717,32.929115
382,3.183333,-0.008639,0.878258,0.039999,0.476432,-5.418142,87.220718,13.766456,-0.065994,0.863130,0.129231,0.483685,-5.805529,94.465912,14.217361,-0.027404,0.866534,0.110530,0.485953,-8.811789,106.517517,16.220888,0.019291,0.913294,-0.059065,0.402533,-11.134866,121.124176,18.694002,0.026999,0.946471,-0.059494,0.316107,-8.697634,134.540451,16.238806,-0.015576,0.792966,0.243330,0.558348,-13.087410,115.677048,15.330863,0.235238,-0.339899,0.212083,-0.885524,-19.636360,119.979439,-0.223905,0.222194,0.394520,-0.430442,-0.780835,-2.673227,106.600334,-12.770441,0.319098,0.454423,-0.331931,-0.762560,3.478406,122.987953,-4.555929,-0.141145,0.895885,0.185597,0.378181,-9.356279,115.252075,21.345564,0.325258,0.870241,0.142939,-0.341257,2.384731,117.211868,34.060047,-0.096805,0.228899,0.504658,-0.826774,16.263002,105.506012,16.898153,0.026355,0.034750,0.453632,-0.890121,8.520408,123.140205,11.263865,0.074250,0.870503,0.078941,0.480083,-10.257483,87.424072,6.341307,0.072264,0.873429,-0.099101,0.471253,-12.250641,51.025806,-1.438803,-0.038154,0.918070,0.039140,0.392633,-22.638935,5.151358,3.527724,-0.092682,0.866978,-0.075230,0.483838,-0.578801,87.017365,21.191605,-0.010402,0.861689,-0.087636,0.499704,2.697895,50.805832,29.396772,-0.037652,0.803411,0.049376,0.592178,-0.596723,4.245114,37.031784,-0.038154,0.918070,0.039140,0.392633,-12.510979,0.777453,-5.870914,-0.037652,0.803411,0.049376,0.592178,12.692761,0.175158,32.924965
383,3.191667,-0.008663,0.878138,0.039932,0.476659,-5.423321,87.221504,13.771275,-0.066088,0.862977,0.129073,0.483987,-5.810666,94.466766,14.221064,-0.027424,0.866366,0.110425,0.486275,-8.817215,106.516899,16.218649,0.019334,0.913210,-0.059051,0.402723,-11.140223,121.124222,18.687893,0.027001,0.946461,-0.059506,0.316135,-8.701319,134.540482,16.234312,-0.015501,0.792944,0.243182,0.558447,-13.091003,115.676842,15.324134,0.235216,-0.339643,0.212250,-0.885588,-19.636206,119.979271,-0.232208,0.222439,0.394541,-0.430316,-0.780825,-2.667917,106.595459,-12.766767,0.319268,0.454556,-0.331795,-0.762468,3.487083,122.982452,-4.555046,-0.141170,0.895796,0.185489,0.378436,-9.364334,115.252289,21.341629,0.325377,0.870284,0.143269,-0.340894,2.369721,117.212189,34.062523,-0.096842,0.229141,0.504723,-0.826662,16.256489,105.503502,16.909422,0.026233,0.035130,0.453726,-0.890062,8.521317,123.138115,11.269363,0.074274,0.870395,0.078866,0.480287,-10.258829,87.424103,6.343605,0.072260,0.873463,-0.099004,0.471211,-12.254456,51.025223,-1.433013,-0.038196,0.918080,0.039201,0.392598,-22.637939,5.148900,3.526280,-0.092640,0.866905,-0.075301,0.483967,-0.587812,87.018906,21.198944,-0.010506,0.861637,-0.087444,0.499825,2.682350,50.807583,29.407619,-0.037637,0.803412,0.049462,0.592170,-0.595816,4.243896,37.031601,-0.038196,0.918080,0.039201,0.392598,-12.510130,0.776969,-5.873444,-0.037637,0.803412,0.049462,0.592170,12.693906,0.175616,32.923862
384,3.200000,-0.008762,0.878003,0.039921,0.476908,-5.425665,87.223427,13.776314,-0.066207,0.862857,0.128880,0.484236,-5.814316,94.468681,14.225171,-0.027416,0.866243,0.110390,0.486503,-8.821464,106.518723,16.216145,0.019415,0.913167,-0.058850,0.402847,-11.144384,121.126282,18.684011,0.026975,0.946469,-0.059719,0.316075,-8.705145,134.543640,16.236765,-0.015701,0.792624,0.243324,0.558833,-13.093943,115.679047,15.319318,0.234957,-0.339397,0.212556,-0.885678,-19.623869,119.982185,-0.243245,0.222505,0.394706,-0.430337,-0.780710,-2.653740,106.591164,-12.767603,0.319423,0.454726,-0.331630,-0.762374,3.495847,122.980293,-4.553454,-0.141143,0.895654,0.185143,0.378951,-9.370407,115.254227,21.338734,0.325353,0.870384,0.143331,-0.340638,2.350321,117.213821,34.071953,-0.096996,0.229639,0.504772,-0.826476,16.246588,105.503784,16.927479,0.026070,0.035530,0.453874,-0.889976,8.522684,123.139381,11.276010,0.074335,0.870288,0.078799,0.480482,-10.256937,87.424599,6.345849,0.072267,0.873380,-0.099008,0.471362,-12.257153,51.025616,-1.429059,-0.038130,0.918047,0.039285,0.392673,-22.642252,5.149475,3.528466,-0.092635,0.866728,-0.075377,0.484273,-0.594394,87.022255,21.206779,-0.010559,0.861600,-0.087249,0.499921,2.669752,50.811726,29.421347,-0.038575,0.803334,0.049056,0.592250,-0.595691,4.244933,37.031754,-0.038130,0.918047,0.039285,0.392673,-12.513256,0.778979,-5.870645,-0.038575,0.803334,0.049056,0.592250,12.699601,0.183093,32.935696
385,3.208333,-0.008830,0.877882,0.039958,0.477125,-5.432015,87.224663,13.778940,-0.066181,0.862702,0.128786,0.484541,-5.821908,94.469856,14.227690,-0.027398,0.866065,0.110299,0.486843,-8.828482,106.522194,16.216209,0.019695,0.913042,-0.059181,0.403068,-11.150588,121.130386,18.681114,0.026787,0.946453,-0.059612,0.316157,-8.699915,134.544907,16.229744,-0.015706,0.792532,0.243208,0.559013,-13.098582,115.683235,15.315378,0.234915,-0.339191,0.212695,-0.885735,-19.621498,119.985542,-0.250357,0.222660,0.394775,-0.430222,-0.780695,-2.647314,106.590912,-12.765368,0.319426,0.455026,-0.331681,-0.762172,3.503781,122.978630,-4.551262,-0.141245,0.895629,0.185210,0.378941,-9.379719,115.258217,21.337669,0.325556,0.870415,0.143448,-0.340315,2.340272,117.220032,34.071224,-0.097068,0.229811,0.504874,-0.826357,16.240940,105.500328,16.936918,0.026023,0.035896,0.453925,-0.889936,8.523558,123.140076,11.282091,0.074365,0.870164,0.078701,0.480720,-10.259592,87.425247,6.346057,0.072275,0.873338,-0.099007,0.471440,-12.263169,51.025436,-1.424147,-0.038333,0.918008,0.039264,0.392748,-22.649351,5.149385,3.531971,-0.092666,0.866777,-0.075565,0.484149,-0.604438,87.024078,21.211823,-0.010558,0.861677,-0.087039,0.499825,2.655994,50.816093,29.439085,-0.037935,0.803361,0.049485,0.592219,-0.598708,4.245824,37.032837,-0.038333,0.918008,0.039264,0.392748,-12.517071,0.780684,-5.864434,-0.037935,0.803361,0.049485,0.592219,12.693747,0.182991,32.928547
386,3.216667,-0.009104,0.877687,0.039891,0.477485,-5.435764,87.229988,13.788610,-0.066233,0.862581,0.128501,0.484825,-5.828874,94.475189,14.234452,-0.027376,0.865937,0.110231,0.487087,-8.832041,106.522057,16.214115,0.019463,0.913000,-0.059146,0.403180,-11.153296,121.130737,18.676931,0.026923,0.946439,-0.059750,0.316161,-8.708338,134.546082,16.224310,-0.015777,0.792378,0.243248,0.559212,-13.100272,115.683701,15.310435,0.235191,-0.339086,0.212701,-0.885700,-19.615368,119.986580,-0.258414,0.223005,0.395041,-0.430011,-0.780578,-2.637781,106.588577,-12.765203,0.319552,0.455287,-0.331341,-0.762111,3.511844,122.974632,-4.549223,-0.141399,0.895530,0.185156,0.379143,-9.384763,115.258453,21.334782,0.325695,0.870464,0.143528,-0.340022,2.328385,117.223999,34.074055,-0.097080,0.230054,0.504943,-0.826247,16.234503,105.496689,16.949373,0.025964,0.036138,0.454069,-0.889855,8.524275,123.137749,11.287978,0.074393,0.870102,0.078619,0.480840,-10.257164,87.426033,6.351598,0.072332,0.873469,-0.098880,0.471214,-12.264439,51.025570,-1.414578,-0.038341,0.917999,0.039324,0.392762,-22.648453,5.147922,3.531342,-0.092511,0.866625,-0.075626,0.484441,-0.614364,87.033943,21.225622,-0.010216,0.861395,-0.087126,0.500303,2.631138,50.824501,29.452366,-0.038373,0.803247,0.048986,0.592387,-0.659797,4.254997,37.035175,-0.038341,0.917999,0.039324,0.392762,-12.515624,0.780852,-5.865229,-0.038373,0.803247,0.048986,0.592387,12.635080,0.188238,32.942642
387,3.225000,-0.009043,0.877562,0.039744,0.477728,-5.444298,87.226189,13.791931,-0.066159,0.862430,0.128463,0.485113,-5.835735,94.471573,14.236210,-0.027455,0.865773,0.109987,0.487428,-8.838251,106.521904,16.215464,0.019746,0.912876,-0.059224,0.403436,-11.158969,121.132065,18.669987,0.026760,0.946411,-0.059869,0.316236,-8.705094,134.546204,16.219662,-0.015826,0.792221,0.243179,0.559464,-13.104230,115.683853,15.304385,0.235147,-0.338862,0.212885,-0.885753,-19.609455,119.986275,-0.268719,0.223255,0.395218,-0.429822,-0.780521,-2.628192,106.582939,-12.764785,0.319817,0.455476,-0.331249,-0.761927,3.522259,122.967506,-4.546954,-0.141281,0.895494,0.185075,0.379311,-9.393504,115.260658,21.331823,0.325720,0.870550,0.143360,-0.339849,2.316362,117.222343,34.074707,-0.097131,0.230395,0.504939,-0.826148,16.227535,105.488457,16.958643,0.025865,0.036383,0.454480,-0.889638,8.522959,123.130379,11.287492,0.074398,0.869921,0.078570,0.481175,-10.261592,87.422119,6.352257,0.072307,0.873580,-0.098763,0.471037,-12.268030,51.021149,-1.411731,-0.038296,0.918024,0.039433,0.392696,-22.643883,5.140975,3.527838,-0.092565,0.866611,-0.075680,0.484448,-0.627004,87.030258,21.231604,-0.010218,0.861521,-0.086989,0.500110,2.619888,50.822163,29.463774,-0.035704,0.803137,0.050723,0.592557,-0.662690,4.250407,37.036396,-0.038296,0.918024,0.039433,0.392696,-12.512478,0.776099,-5.871285,-0.035704,0.803137,0.050723,0.592557,12.623117,0.178450,32.919666
388,3.233333,-0.009022,0.877425,0.039600,0.477991,-5.450243,87.222878,13.795036,-0.066285,0.862361,0.128246,0.485277,-5.840538,94.468430,14.237517,-0.027285,0.865736,0.109888,0.487526,-8.842555,106.515762,16.209373,0.019473,0.912861,-0.059333,0.403467,-11.157717,121.126854,18.663603,0.026866,0.946388,-0.059848,0.316299,-8.709310,134.540970,16.207699,-0.015812,0.792147,0.243130,0.559589,-13.104624,115.679466,15.297623,0.234991,-0.338655,0.212996,-0.885847,-19.604980,119.982422,-0.277364,0.223334,0.395315,-0.429708,-0.780512,-2.619076,106.578278,-12.766248,0.319981,0.455500,-0.331204,-0.761864,3.532254,122.961487,-4.545857,-0.141422,0.895371,0.184889,0.379640,-9.395120,115.254715,21.325701,0.325944,0.870525,0.143332,-0.339711,2.304671,117.220535,34.077202,-0.097209,0.230715,0.505161,-0.825914,16.213238,105.475853,16.966415,0.025822,0.036729,0.454634,-0.889546,8.523103,123.123489,11.288910,0.074395,0.869831,0.078475,0.481353,-10.263088,87.418137,6.352464,0.072321,0.873680,-0.098640,0.470875,-12.271157,51.016010,-1.405740,-0.038372,0.918026,0.039518,0.392676,-22.641838,5.133718,3.525076,-0.092594,0.866580,-0.075772,0.484483,-0.637399,87.027618,21.237608,-0.010811,0.861820,-0.086423,0.499680,2.607619,50.820969,29.476837,-0.037462,0.803297,0.050247,0.592271,-0.596030,4.241103,37.033348,-0.038372,0.918026,0.039518,0.392676,-12.509876,0.771848,-5.874844,-0.037462,0.803297,0.050247,0.592271,12.697227,0.187531,32.922523
389,3.241667,-0.008931,0.877282,0.039334,0.478277,-5.460954,87.223213,13.799847,-0.066188,0.862199,0.128214,0.485586,-5.848385,94.469101,14.239443,-0.027365,0.865559,0.109666,0.487886,-8.848799,106.517685,16.210886,0.019605,0.912785,-0.059287,0.403639,-11.163833,121.130112,18.657307,0.026866,0.946411,-0.060027,0.316197,-8.711967,134.544189,16.204706,-0.015814,0.792012,0.243083,0.559801,-13.108762,115.681648,15.291919,0.234994,-0.338449,0.213195,-0.885877,-19.600868,119.985497,-0.286262,0.223552,0.395463,-0.429556,-0.780459,-2.612215,106.574585,-12.764144,0.320059,0.455636,-0.330947,-0.761861,3.539420,122.956154,-4.542773,-0.141404,0.895330,0.184851,0.379763,-9.404299,115.258774,21.323227,0.326021,0.870604,0.143224,-0.339479,2.292404,117.223526,34.077724,-0.097210,0.230961,0.505209,-0.825816,16.206301,105.470703,16.976868,0.025840,0.036824,0.454933,-0.889389,8.522811,123.118591,11.292459,0.074373,0.869702,0.078391,0.481604,-10.268986,87.417854,6.354149,0.072331,0.873840,-0.098492,0.470607,-12.276450,51.014496,-1.398409,-0.038349,0.918017,0.039625,0.392688,-22.639919,5.129573,3.523042,-0.092636,0.866577,-0.075774,0.484481,-0.652921,87.028572,21.245544,-0.010882,0.861913,-0.086289,0.499541,2.594746,50.822510,29.486322,-0.036762,0.803405,0.050364,0.592159,-0.595551,4.240599,37.035912,-0.038349,0.918017,0.039625,0.392688,-12.507608,0.770143,-5.877632,-0.036762,0.803405,0.050364,0.592159,12.692128,0.178079,32.915894
390,3.250000,-0.008470,0.877179,0.039053,0.478498,-5.480854,87.233025,13.803157,-0.065998,0.862098,0.128021,0.485842,-5.860573,94.479347,14.242291,-0.027290,0.865427,0.109618,0.488135,-8.852848,106.520416,16.209579,0.019723,0.912727,-0.059393,0.403748,-11.165943,121.133278,18.655222,0.026786,0.946426,-0.060163,0.316135,-8.709558,134.546371,16.201763,-0.015809,0.791946,0.242887,0.559981,-13.110253,115.685364,15.288589,0.235019,-0.338376,0.213188,-0.885900,-19.595341,119.987091,-0.293098,0.223733,0.395706,-0.429256,-0.780448,-2.604094,106.576660,-12.767956,0.320204,0.455825,-0.330798,-0.761751,3.550124,122.954086,-4.539718,-0.141373,0.895274,0.184738,0.379961,-9.409182,115.261459,21.321907,0.326200,0.870581,0.143312,-0.339329,2.282592,117.225197,34.081074,-0.097347,0.231261,0.505353,-0.825627,16.195744,105.465378,16.984428,0.025570,0.037228,0.455125,-0.889282,8.523310,123.117516,11.294892,0.074241,0.869432,0.078321,0.482123,-10.285269,87.432617,6.355257,0.072297,0.873797,-0.098381,0.470716,-12.282199,51.026993,-1.389381,-0.038362,0.918041,0.039400,0.392653,-22.638697,5.139554,3.523289,-0.092804,0.866469,-0.075724,0.484649,-0.676439,87.033432,21.251059,-0.010948,0.861933,-0.086167,0.499528,2.582190,50.829147,29.495298,-0.036652,0.803454,0.050421,0.592095,-0.596830,4.245389,37.038177,-0.038362,0.918041,0.039400,0.392653,-12.507651,0.774582,-5.876178,-0.036652,0.803454,0.050421,0.592095,12.689694,0.182329,32.914967
391,3.258333,-0.008517,0.877059,0.039040,0.478718,-5.485231,87.234344,13.805267,-0.065956,0.862001,0.127807,0.486076,-5.865558,94.480667,14.243809,-0.027306,0.865300,0.109611,0.488360,-8.854966,106.523476,16.206316,0.020107,0.912664,-0.059446,0.403863,-11.169012,121.136353,18.650934,0.026614,0.946455,-0.060294,0.316035,-8.702042,134.548141,16.200933,-0.015810,0.791767,0.243131,0.560127,-13.111698,115.688530,15.283233,0.232312,-0.337620,0.214545,-0.886574,-19.591085,119.996307,-0.299150,0.222843,0.395116,-0.429597,-0.780814,-2.603319,106.573128,-12.765015,0.320418,0.455939,-0.330548,-0.761702,3.559431,122.953079,-4.534754,-0.141600,0.895335,0.185307,0.379454,-9.413757,115.264473,21.318459,0.326435,0.870561,0.143307,-0.339156,2.289170,117.231331,34.066917,-0.097490,0.230906,0.505418,-0.825670,16.200521,105.460312,16.976536,0.025543,0.037337,0.455455,-0.889109,8.523080,123.117828,11.300716,0.074283,0.869196,0.078141,0.482570,-10.285894,87.433266,6.354932,0.072366,0.873870,-0.098424,0.470561,-12.288071,51.025997,-1.380614,-0.038511,0.917993,0.039472,0.392744,-22.651245,5.140307,3.534270,-0.092847,0.866444,-0.075833,0.484668,-0.684568,87.035416,21.255602,-0.010368,0.862015,-0.086460,0.499346,2.572591,50.832951,29.508396,-0.037581,0.803411,0.049504,0.592173,-0.665964,4.252810,37.048317,-0.038511,0.917993,0.039472,0.392744,-12.516800,0.778873,-5.863167,-0.037581,0.803411,0.049504,0.592173,12.623577,0.184548,32.939999
392,3.266667,-0.008509,0.876893,0.038931,0.479031,-5.493749,87.234177,13.808778,-0.065904,0.861872,0.127603,0.486365,-5.873366,94.480629,14.245852,-0.027397,0.865146,0.109533,0.488646,-8.859832,106.524750,16.203659,0.020310,0.912605,-0.059363,0.404000,-11.175902,121.138000,18.644186,0.026682,0.946474,-0.060520,0.315930,-8.704265,134.549805,16.199053,-0.014893,0.792675,0.242052,0.559335,-13.116190,115.689529,15.276135,0.232502,-0.337264,0.214328,-0.886713,-19.627439,119.994392,-0.293770,0.223360,0.394726,-0.429088,-0.781143,-2.622983,106.580269,-12.746647,0.320572,0.456111,-0.330290,-0.761647,3.566284,122.948708,-4.530390,-0.141644,0.895223,0.185281,0.379715,-9.422274,115.266624,21.313906,0.326307,0.870709,0.143519,-0.338810,2.273329,117.232956,34.069164,-0.097488,0.231162,0.505267,-0.825691,16.200611,105.466202,16.988806,0.025444,0.037559,0.455664,-0.888995,8.523195,123.117004,11.304673,0.074289,0.869135,0.077964,0.482709,-10.289108,87.432541,6.355012,0.072387,0.873929,-0.098274,0.470480,-12.296896,51.023281,-1.369692,-0.038181,0.917937,0.039902,0.392864,-22.654734,5.135083,3.532999,-0.092909,0.866394,-0.075844,0.484743,-0.698390,87.035812,21.262545,-0.010405,0.861958,-0.086313,0.499470,2.561659,50.834335,29.518566,-0.037871,0.803386,0.049475,0.592190,-0.667980,4.251859,37.047882,-0.038181,0.917937,0.039902,0.392864,-12.519552,0.780862,-5.866992,-0.037871,0.803386,0.049475,0.592190,12.623683,0.187749,32.942314
393,3.275000,-0.008475,0.876801,0.038876,0.479205,-5.501209,87.232994,13.810129,-0.065896,0.861785,0.127497,0.486547,-5.880106,94.479523,14.246668,-0.027384,0.865057,0.109397,0.488834,-8.865320,106.523537,16.201563,0.020288,0.912579,-0.059407,0.404052,-11.179624,121.137688,18.638294,0.026803,0.946490,-0.060654,0.315846,-8.707836,134.549271,16.192051,-0.014789,0.792550,0.241950,0.559559,-13.119544,115.688942,15.270488,0.232342,-0.337046,0.214527,-0.886789,-19.622166,119.996666,-0.302237,0.223554,0.394899,-0.428913,-0.781097,-2.614653,106.578125,-12.746176,0.320823,0.456303,-0.330043,-0.761532,3.575138,122.944962,-4.527112,-0.141595,0.895167,0.185148,0.379930,-9.428230,115.266502,21.309883,0.326643,0.870611,0.144372,-0.338376,2.262159,117.231415,34.070137,-0.097165,0.231124,0.505428,-0.825641,16.193163,105.462959,16.993996,0.025403,0.037742,0.455808,-0.888915,8.522571,123.112579,11.306453,0.074337,0.868967,0.077820,0.483027,-10.293622,87.431549,6.354474,0.072355,0.873897,-0.098187,0.470561,-12.306951,51.021149,-1.363415,-0.038249,0.917904,0.040002,0.392924,-22.658815,5.130893,3.532671,-0.092952,0.866378,-0.075888,0.484758,-0.708796,87.034439,21.265785,-0.011013,0.862053,-0.085793,0.499383,2.552250,50.834049,29.526171,-0.036984,0.803345,0.050485,0.592216,-0.602446,4.244337,37.042488,-0.038249,0.917904,0.040002,0.392924,-12.521502,0.780021,-5.866571,-0.036984,0.803345,0.050485,0.592216,12.687975,0.188189,32.925049
394,3.283333,-0.008476,0.876700,0.038741,0.479401,-5.506699,87.231537,13.811986,-0.065943,0.861688,0.127367,0.486748,-5.884762,94.478210,14.246723,-0.027273,0.864967,0.109266,0.489029,-8.869614,106.521843,16.197399,0.020116,0.912533,-0.059650,0.404130,-11.179663,121.137047,18.631895,0.026953,0.946469,-0.060640,0.315901,-8.709201,134.547501,16.178082,-0.014852,0.792396,0.241978,0.559763,-13.120169,115.688690,15.263781,0.232149,-0.336855,0.214761,-0.886856,-19.614752,119.997009,-0.312130,0.223731,0.395108,-0.428683,-0.781067,-2.605809,106.572853,-12.748051,0.320998,0.456543,-0.329713,-0.761458,3.585200,122.936668,-4.524107,-0.141580,0.895071,0.185036,0.380216,-9.431465,115.265465,21.304716,0.326751,0.870619,0.144404,-0.338236,2.251504,117.229065,34.071968,-0.097230,0.231327,0.505585,-0.825480,16.183678,105.455307,17.000439,0.025447,0.037882,0.455764,-0.888930,8.523178,123.108421,11.309534,0.074369,0.868860,0.077701,0.483234,-10.295781,87.429092,6.354166,0.072320,0.874030,-0.098058,0.470347,-12.313657,51.017673,-1.357707,-0.038200,0.917907,0.040176,0.392903,-22.655846,5.124545,3.531912,-0.092980,0.866332,-0.075880,0.484836,-0.717615,87.033989,21.269808,-0.011048,0.862026,-0.085826,0.499423,2.544721,50.833893,29.530985,-0.036545,0.803465,0.050578,0.592072,-0.609009,4.244786,37.051453,-0.038200,0.917907,0.040176,0.392903,-12.518859,0.777494,-5.869447,-0.036545,0.803465,0.050578,0.592072,12.677277,0.183491,32.925743
395,3.291667,-0.008550,0.876603,0.038650,0.479583,-5.509892,87.231400,13.812773,-0.066004,0.861591,0.127273,0.486936,-5.888348,94.478157,14.245750,-0.027218,0.864875,0.109171,0.489217,-8.874006,106.522980,16.193161,0.020363,0.912501,-0.059769,0.404173,-11.181770,121.138893,18.625546,0.026909,0.946513,-0.060745,0.315753,-8.703690,134.547943,16.171738,-0.014865,0.792284,0.241887,0.559961,-13.122124,115.690704,15.257074,0.232116,-0.336640,0.214948,-0.886901,-19.609007,119.998619,-0.322165,0.223956,0.395289,-0.428432,-0.781048,-2.596834,106.568741,-12.747497,0.321128,0.456682,-0.329538,-0.761396,3.596913,122.929558,-4.520031,-0.141509,0.894993,0.184868,0.380509,-9.435981,115.267136,21.299549,0.326958,0.870589,0.144668,-0.338000,2.239945,117.228470,34.073597,-0.097069,0.231506,0.505704,-0.825376,16.173353,105.448959,17.007027,0.025401,0.038077,0.456137,-0.888732,8.521371,123.102257,11.308615,0.074455,0.868785,0.077599,0.483370,-10.295853,87.427162,6.352897,0.072272,0.874165,-0.097946,0.470126,-12.321796,51.015507,-1.355767,-0.038482,0.917925,0.040181,0.392833,-22.653896,5.119648,3.529481,-0.092890,0.866339,-0.075963,0.484828,-0.723930,87.035629,21.272650,-0.011193,0.862058,-0.085602,0.499403,2.529694,50.835228,29.535913,-0.036909,0.803420,0.050429,0.592125,-0.601457,4.242793,37.045212,-0.038482,0.917925,0.040181,0.392833,-12.515759,0.775862,-5.872158,-0.036909,0.803420,0.050429,0.592125,12.687248,0.184158,32.924660
396,3.300000,-0.008540,0.876514,0.038627,0.479749,-5.515589,87.233131,13.812630,-0.065965,0.861519,0.127042,0.487128,-5.893848,94.479919,14.245317,-0.027155,0.864784,0.109077,0.489401,-8.875604,106.523392,16.187174,0.020504,0.912463,-0.059781,0.404249,-11.180890,121.140030,18.617620,0.026913,0.946526,-0.060878,0.315685,-8.698874,134.548645,16.165407,-0.014802,0.792288,0.241718,0.560030,-13.121186,115.692055,15.248756,0.232093,-0.336409,0.215074,-0.886964,-19.605436,119.998978,-0.331849,0.224216,0.395548,-0.428183,-0.780979,-2.588220,106.565903,-12.746819,0.321409,0.456788,-0.329260,-0.761333,3.606054,122.924873,-4.514424,-0.141483,0.894839,0.184556,0.381031,-9.437551,115.268036,21.292730,0.327105,0.870559,0.145053,-0.337771,2.224772,117.228592,34.079315,-0.096694,0.231364,0.505765,-0.825423,16.161121,105.448021,17.015892,0.025509,0.037967,0.457497,-0.888034,8.509730,123.098495,11.314953,0.074384,0.868796,0.077462,0.483385,-10.298742,87.428978,6.350957,0.072332,0.874375,-0.097797,0.469758,-12.324972,51.014965,-1.346467,-0.038281,0.917928,0.040296,0.392834,-22.653416,5.117166,3.528317,-0.092901,0.866309,-0.076008,0.484872,-0.732436,87.037285,21.274303,-0.011252,0.861876,-0.085555,0.499723,2.519813,50.837547,29.541025,-0.036988,0.803444,0.050299,0.592098,-0.607155,4.244485,37.048172,-0.038281,0.917928,0.040296,0.392834,-12.516728,0.774017,-5.875179,-0.036988,0.803444,0.050299,0.592098,12.681219,0.184239,32.928146
397,3.308333,-0.008643,0.876436,0.038656,0.479887,-5.517536,87.234756,13.812290,-0.065996,0.861417,0.126921,0.487336,-5.897384,94.481483,14.244564,-0.027144,0.864662,0.109044,0.489625,-8.879214,106.527283,16.183031,0.020561,0.912414,-0.059888,0.404342,-11.184376,121.144142,18.612181,0.027049,0.946528,-0.060955,0.315654,-8.699409,134.551910,16.158367,-0.014865,0.792190,0.241673,0.560186,-13.123469,115.696335,15.242381,0.231957,-0.336179,0.215269,-0.887039,-19.601555,120.001999,-0.341134,0.224434,0.395759,-0.427934,-0.780946,-2.580789,106.564423,-12.746360,0.321641,0.456951,-0.328961,-0.761267,3.615073,122.919907,-4.509836,-0.141450,0.894780,0.184448,0.381235,-9.442937,115.272018,21.288223,0.327208,0.870594,0.145139,-0.337543,2.214301,117.231384,34.079628,-0.097002,0.231942,0.505930,-0.825123,16.154940,105.445541,17.023338,0.025368,0.038526,0.456169,-0.888697,8.521015,123.100494,11.312922,0.074495,0.868696,0.077316,0.483570,-10.298311,87.429352,6.349061,0.072265,0.874342,-0.097760,0.469836,-12.335384,51.014870,-1.343300,-0.038759,0.917902,0.040322,0.392845,-22.657173,5.115476,3.530554,-0.092901,0.866200,-0.076084,0.485055,-0.736761,87.040154,21.275518,-0.011263,0.861903,-0.085481,0.499689,2.510972,50.841290,29.547810,-0.037805,0.803485,0.049522,0.592056,-0.611223,4.247055,37.049625,-0.038759,0.917902,0.040322,0.392845,-12.515853,0.778393,-5.870743,-0.037805,0.803485,0.049522,0.592056,12.678848,0.182888,32.938957
398,3.316667,-0.008426,0.876357,0.038540,0.480043,-5.528824,87.231918,13.810606,-0.065906,0.861274,0.126687,0.487662,-5.905170,94.478836,14.242850,-0.027218,0.864455,0.109004,0.489995,-8.884713,106.533348,16.177469,0.021335,0.912161,-0.060886,0.404722,-11.192228,121.150360,18.603514,0.026827,0.946416,-0.060657,0.316066,-8.675669,134.549622,16.135450,-0.014927,0.792084,0.241576,0.560376,-13.128317,115.702248,15.232460,0.231376,-0.335737,0.215718,-0.887249,-19.598904,120.006004,-0.354695,0.224512,0.395841,-0.427772,-0.780971,-2.572978,106.561134,-12.744933,0.321850,0.457143,-0.328704,-0.761174,3.626249,122.915337,-4.504792,-0.141310,0.894770,0.184359,0.381353,-9.452994,115.278473,21.281507,0.327445,0.870578,0.145130,-0.337359,2.202472,117.233826,34.075134,-0.097165,0.232104,0.506206,-0.824889,16.141582,105.436417,17.025589,0.025383,0.038713,0.456294,-0.888624,8.520738,123.100517,11.315532,0.074486,0.868569,0.077280,0.483805,-10.306998,87.429024,6.345778,0.072228,0.874285,-0.097801,0.469940,-12.342752,51.014042,-1.344555,-0.038579,0.917842,0.040455,0.392990,-22.663801,5.114883,3.533044,-0.093069,0.866127,-0.076117,0.485148,-0.750650,87.034821,21.275434,-0.011278,0.861934,-0.085350,0.499658,2.505713,50.838661,29.556173,-0.037899,0.803305,0.050135,0.592242,-0.608769,4.242337,37.048203,-0.038579,0.917842,0.040455,0.392990,-12.520787,0.779218,-5.867075,-0.037899,0.803305,0.050135,0.592242,12.686795,0.193500,32.940178
399,3.325000,-0.008452,0.876269,0.038349,0.480220,-5.535914,87.235382,13.812828,-0.065933,0.861200,0.126467,0.487846,-5.911341,94.482498,14.242394,-0.027210,0.864363,0.108948,0.490169,-8.889007,106.537376,16.171234,0.021621,0.912104,-0.061105,0.404802,-11.195989,121.154762,18.595509,0.026879,0.946422,-0.060690,0.316038,-8.669605,134.551834,16.125610,-0.014931,0.791988,0.241473,0.560556,-13.131311,115.706657,15.224019,0.231897,-0.335581,0.215721,-0.887172,-19.594877,120.009819,-0.366217,0.225071,0.396237,-0.427400,-0.780813,-2.563779,106.558731,-12.742585,0.322160,0.457317,-0.328444,-0.761051,3.635300,122.910286,-4.499324,-0.141337,0.894691,0.184278,0.381568,-9.458398,115.282860,21.274529,0.327552,0.870626,0.145170,-0.337114,2.191091,117.238365,34.073578,-0.097224,0.232374,0.506239,-0.824786,16.134949,105.434418,17.032442,0.025253,0.039019,0.456330,-0.888596,8.520538,123.098862,11.315838,0.074513,0.868507,0.077216,0.483922,-10.311074,87.430595,6.346023,0.072181,0.874231,-0.097751,0.470058,-12.349836,51.015163,-1.341393,-0.039055,0.917826,0.040400,0.392986,-22.665579,5.114451,3.532863,-0.093074,0.866056,-0.076096,0.485277,-0.760754,87.040161,21.279633,-0.011346,0.861843,-0.085283,0.499826,2.495430,50.843822,29.559643,-0.038032,0.803413,0.049585,0.592134,-0.611804,4.246563,37.048866,-0.039055,0.917826,0.040400,0.392986,-12.518519,0.782762,-5.864725,-0.038032,0.803413,0.049585,0.592134,12.680981,0.187587,32.941849
400,3.333333,-0.008653,0.876171,0.038314,0.480397,-5.537363,87.232086,13.811559,-0.065922,0.861110,0.126387,0.488027,-5.915196,94.479195,14.239201,-0.027213,0.864271,0.108747,0.490377,-8.893010,106.538429,16.166481,0.021408,0.912046,-0.061301,0.404914,-11.197708,121.157120,18.585032,0.027158,0.946379,-0.060644,0.316150,-8.674039,134.553452,16.108410,-0.014906,0.791922,0.241385,0.560688,-13.132745,115.708389,15.214388,0.231949,-0.335343,0.215931,-0.887197,-19.591185,120.011650,-0.377940,0.225398,0.396451,-0.427141,-0.780752,-2.556638,106.552864,-12.741166,0.322376,0.457508,-0.328246,-0.760930,3.644280,122.902000,-4.495780,-0.141304,0.894633,0.184150,0.381778,-9.462719,115.285667,21.266724,0.327677,0.870650,0.145124,-0.336949,2.181534,117.240211,34.070683,-0.097284,0.232575,0.506325,-0.824669,16.126854,105.428467,17.036156,0.025253,0.039277,0.456362,-0.888568,8.519886,123.094368,11.315645,0.074600,0.868492,0.077128,0.483950,-10.309442,87.424019,6.342698,0.072120,0.874213,-0.097740,0.470104,-12.356791,51.008560,-1.342282,-0.039191,0.917814,0.040517,0.392989,-22.667276,5.106810,3.533285,-0.093004,0.866030,-0.076163,0.485327,-0.765285,87.040154,21.280420,-0.011457,0.861750,-0.085182,0.500000,2.483502,50.843597,29.562384,-0.038068,0.803421,0.049561,0.592122,-0.611455,4.244947,37.048050,-0.039191,0.917814,0.040517,0.392989,-12.518564,0.779640,-5.864602,-0.038068,0.803421,0.049561,0.592122,12.681350,0.186013,32.941059
401,3.341667,-0.008565,0.876055,0.038245,0.480616,-5.546565,87.230492,13.808465,-0.065844,0.861023,0.126268,0.488221,-5.922903,94.477699,14.235750,-0.027125,0.864188,0.108574,0.490565,-8.897931,106.537544,16.160744,0.021543,0.912012,-0.061306,0.404982,-11.198370,121.157501,18.575680,0.027242,0.946392,-0.060791,0.316075,-8.671011,134.553452,16.100739,-0.014937,0.791878,0.241255,0.560805,-13.134011,115.708839,15.205276,0.232003,-0.335138,0.216099,-0.887219,-19.587837,120.009758,-0.389607,0.225691,0.396680,-0.426944,-0.780659,-2.550067,106.544746,-12.741613,0.322525,0.457702,-0.327802,-0.760942,3.650063,122.892128,-4.494215,-0.141307,0.894562,0.184013,0.382009,-9.466541,115.285934,21.259148,0.327710,0.870729,0.145311,-0.336633,2.171510,117.240562,34.068726,-0.097085,0.232719,0.506212,-0.824722,16.126383,105.426956,17.043333,0.025261,0.039400,0.456512,-0.888485,8.517815,123.088203,11.313307,0.074626,0.868399,0.077016,0.484131,-10.314943,87.423363,6.337266,0.072037,0.874121,-0.097705,0.470294,-12.366391,51.006901,-1.341851,-0.039223,0.917780,0.040585,0.393059,-22.669598,5.103376,3.532426,-0.093095,0.866062,-0.076129,0.485258,-0.778187,87.037621,21.279663,-0.011550,0.861889,-0.085294,0.499739,2.478340,50.841946,29.562462,-0.037815,0.803647,0.049653,0.591825,-0.612053,4.245305,37.062485,-0.039223,0.917780,0.040585,0.393059,-12.518978,0.778337,-5.864377,-0.037815,0.803647,0.049653,0.591825,12.676400,0.184242,32.943542
402,3.350000,-0.008581,0.875997,0.038233,0.480723,-5.549676,87.230972,13.805437,-0.065711,0.860916,0.126120,0.488467,-5.926191,94.478188,14.232402,-0.027281,0.864016,0.108513,0.490874,-8.897164,106.539513,16.155083,0.020907,0.911958,-0.061688,0.405080,-11.201618,121.159615,18.565340,0.027923,0.946345,-0.060693,0.316178,-8.685467,134.554703,16.074322,-0.014932,0.791802,0.241216,0.560929,-13.133934,115.709976,15.194612,0.231572,-0.334796,0.216527,-0.887357,-19.582935,120.011314,-0.402153,0.225813,0.396741,-0.426841,-0.780648,-2.542946,106.537018,-12.740978,0.322838,0.457838,-0.327706,-0.760768,3.659030,122.884438,-4.492540,-0.141272,0.894504,0.183970,0.382179,-9.470883,115.288857,21.251284,0.327917,0.870696,0.145021,-0.336642,2.162996,117.241608,34.064941,-0.097289,0.232962,0.506480,-0.824465,16.110792,105.414757,17.042933,0.025245,0.039560,0.456539,-0.888465,8.516882,123.084236,11.311891,0.074654,0.868356,0.076910,0.484220,-10.316223,87.423569,6.333062,0.071991,0.874244,-0.097615,0.470092,-12.372640,51.006199,-1.340450,-0.039290,0.917793,0.040613,0.393018,-22.666996,5.100381,3.530946,-0.093038,0.865982,-0.076216,0.485398,-0.783130,87.038383,21.277813,-0.011627,0.861702,-0.085044,0.500102,2.465258,50.842903,29.564671,-0.038094,0.803389,0.049663,0.592155,-0.610203,4.242411,37.046879,-0.039290,0.917793,0.040613,0.393018,-12.516514,0.776779,-5.866665,-0.038094,0.803389,0.049663,0.592155,12.683608,0.186188,32.940468
403,3.358333,-0.008612,0.875953,0.038190,0.480805,-5.554822,87.232285,13.805458,-0.065810,0.860811,0.125750,0.488733,-5.931458,94.479546,14.231626,-0.027131,0.863862,0.108590,0.491136,-8.901475,106.546043,16.144825,0.021043,0.911909,-0.061827,0.405161,-11.203892,121.165894,18.558565,0.028039,0.946362,-0.060799,0.316096,-8.682515,134.559708,16.066006,-0.014952,0.791753,0.241100,0.561048,-13.135566,115.717804,15.184957,0.232081,-0.334662,0.216625,-0.887250,-19.579893,120.017365,-0.414230,0.226329,0.396970,-0.426568,-0.780532,-2.537568,106.532906,-12.738715,0.323056,0.457928,-0.327519,-0.760703,3.666064,122.879265,-4.491724,-0.141215,0.894451,0.183891,0.382362,-9.476045,115.293846,21.243565,0.327769,0.870869,0.144910,-0.336386,2.153526,117.244423,34.061466,-0.097313,0.233215,0.506285,-0.824510,16.114784,105.417427,17.050591,0.025252,0.039754,0.456583,-0.888433,8.517859,123.082146,11.310617,0.074694,0.868334,0.076872,0.484260,-10.319965,87.424103,6.332168,0.071931,0.874163,-0.097638,0.470247,-12.379972,51.006733,-1.340380,-0.039315,0.917762,0.040676,0.393082,-22.671328,5.100539,3.533750,-0.092977,0.865889,-0.076274,0.485566,-0.789680,87.040466,21.278748,-0.011219,0.861607,-0.085225,0.500244,2.451058,50.844799,29.567762,-0.038277,0.803260,0.049506,0.592332,-0.667426,4.246327,37.044758,-0.039315,0.917762,0.040676,0.393082,-12.519137,0.778835,-5.862894,-0.038277,0.803260,0.049506,0.592332,12.628714,0.189627,32.946362
404,3.366667,-0.008734,0.875914,0.038280,0.480867,-5.553752,87.236198,13.803501,-0.065911,0.860760,0.125557,0.488859,-5.932607,94.483322,14.229936,-0.027171,0.863789,0.108593,0.491262,-8.902743,106.550690,16.137342,0.021214,0.911866,-0.061980,0.405227,-11.206576,121.170464,18.550222,0.028166,0.946353,-0.060866,0.316098,-8.679017,134.562820,16.056114,-0.014905,0.791731,0.240958,0.561141,-13.136985,115.722237,15.176105,0.231671,-0.334336,0.217036,-0.887380,-19.577734,120.021095,-0.424749,0.226419,0.396979,-0.426505,-0.780535,-2.533403,106.527672,-12.736636,0.323286,0.458004,-0.327360,-0.760628,3.672238,122.874191,-4.489962,-0.141206,0.894383,0.183847,0.382545,-9.479248,115.298531,21.235806,0.327916,0.870893,0.145062,-0.336114,2.145538,117.247925,34.058224,-0.097358,0.233411,0.506291,-0.824445,16.111113,105.414703,17.055223,0.025040,0.040122,0.456587,-0.888421,8.517707,123.080429,11.309971,0.074761,0.868305,0.076771,0.484317,-10.317797,87.426933,6.329484,0.071970,0.874095,-0.097661,0.470362,-12.385267,51.009148,-1.339100,-0.039417,0.917657,0.040657,0.393318,-22.681450,5.103907,3.533791,-0.092896,0.865884,-0.076395,0.485571,-0.789709,87.045464,21.277519,-0.011290,0.861644,-0.085140,0.500194,2.441344,50.850060,29.571449,-0.038286,0.803238,0.049426,0.592368,-0.666848,4.250365,37.045139,-0.039417,0.917657,0.040657,0.393318,-12.523640,0.783024,-5.857148,-0.038286,0.803238,0.049426,0.592368,12.629336,0.192045,32.948498
405,3.375000,-0.008749,0.875850,0.038248,0.480986,-5.556945,87.239090,13.802492,-0.065925,0.860681,0.125430,0.489030,-5.935835,94.486252,14.228365,-0.027130,0.863694,0.108562,0.491438,-8.904801,106.553040,16.132107,0.021711,0.911808,-0.062102,0.405313,-11.207617,121.173073,18.544350,0.028088,0.946377,-0.061000,0.316008,-8.666071,134.563324,16.053156,-0.014959,0.791688,0.240855,0.561245,-13.137439,115.725174,15.169384,0.232058,-0.334238,0.216996,-0.887326,-19.574068,120.021423,-0.433889,0.226818,0.397250,-0.426270,-0.780410,-2.525573,106.525055,-12.736771,0.323614,0.458096,-0.327317,-0.760451,3.678773,122.869026,-4.489304,-0.141378,0.894323,0.183752,0.382666,-9.482123,115.300858,21.230503,0.328087,0.870906,0.145050,-0.335919,2.137746,117.255798,34.056534,-0.097307,0.233604,0.506376,-0.824345,16.104265,105.413345,17.060747,0.025072,0.040364,0.456809,-0.888295,8.517880,123.080238,11.309290,0.074793,0.868256,0.076695,0.484413,-10.318956,87.429413,6.327169,0.071908,0.874221,-0.097604,0.470149,-12.390436,51.011131,-1.337970,-0.039369,0.917697,0.040745,0.393220,-22.677803,5.103984,3.535601,-0.092912,0.865811,-0.076364,0.485703,-0.794933,87.048775,21.277815,-0.011295,0.861461,-0.085214,0.500496,2.437021,50.853241,29.570843,-0.037753,0.803196,0.049616,0.592444,-0.677006,4.254765,37.049683,-0.039369,0.917697,0.040745,0.393220,-12.522120,0.784739,-5.858398,-0.037753,0.803196,0.049616,0.592444,12.617019,0.191862,32.950573
406,3.383333,-0.008708,0.875760,0.038143,0.481159,-5.565395,87.238770,13.801291,-0.065886,0.860624,0.125240,0.489184,-5.943110,94.486061,14.226045,-0.027003,0.863635,0.108483,0.491565,-8.908120,106.549522,16.124987,0.021696,0.911771,-0.062085,0.405399,-11.206865,121.170280,18.536749,0.028249,0.946339,-0.061156,0.316077,-8.665523,134.560699,16.046185,-0.014932,0.791633,0.240778,0.561356,-13.137571,115.723015,15.161247,0.231597,-0.333969,0.217361,-0.887458,-19.569883,120.019485,-0.443749,0.226783,0.397157,-0.426351,-0.780423,-2.520341,106.516266,-12.737674,0.323716,0.458189,-0.327205,-0.760400,3.684711,122.862839,-4.492279,-0.141425,0.894267,0.183555,0.382875,-9.483939,115.297493,21.223297,0.328379,0.870821,0.145804,-0.335528,2.129870,117.254929,34.054436,-0.097008,0.233575,0.506517,-0.824301,16.099960,105.410973,17.062622,0.025129,0.040583,0.456791,-0.888292,8.519628,123.076691,11.307708,0.074792,0.868205,0.076643,0.484511,-10.324460,87.428970,6.324090,0.071878,0.874098,-0.097620,0.470379,-12.396929,51.010086,-1.337903,-0.039693,0.917645,0.040695,0.393313,-22.683802,5.102807,3.535544,-0.092973,0.865861,-0.076382,0.485600,-0.806331,87.048569,21.278494,-0.011897,0.861548,-0.084766,0.500407,2.429802,50.854076,29.574409,-0.037845,0.803242,0.049708,0.592368,-0.613070,4.249704,37.045807,-0.039693,0.917645,0.040695,0.393313,-12.523466,0.785998,-5.854539,-0.037845,0.803242,0.049708,0.592368,12.681301,0.190378,32.944283
407,3.391667,-0.008659,0.875694,0.038018,0.481289,-5.571295,87.238747,13.798684,-0.065950,0.860527,0.125207,0.489354,-5.947568,94.486183,14.222124,-0.026918,0.863548,0.108364,0.491750,-8.913883,106.549385,16.118938,0.021384,0.911735,-0.062357,0.405454,-11.209199,121.171043,18.528439,0.028629,0.946302,-0.061178,0.316149,-8.672391,134.560471,16.027943,-0.014850,0.791639,0.240625,0.561415,-13.140212,115.724052,15.152687,0.231546,-0.333754,0.217588,-0.887497,-19.570276,120.020279,-0.453301,0.227018,0.397107,-0.426293,-0.780412,-2.518478,106.509949,-12.736267,0.323920,0.458349,-0.327102,-0.760260,3.689929,122.857544,-4.496052,-0.141230,0.894259,0.183454,0.383014,-9.489085,115.297997,21.216209,0.328399,0.870859,0.145633,-0.335484,2.122948,117.249748,34.049816,-0.097194,0.233837,0.506600,-0.824154,16.093838,105.401100,17.061939,0.025041,0.040797,0.456885,-0.888237,8.521030,123.071098,11.303260,0.074809,0.868127,0.076560,0.484663,-10.328161,87.428726,6.320078,0.071825,0.874123,-0.097584,0.470349,-12.403394,51.009071,-1.337500,-0.039801,0.917635,0.040703,0.393326,-22.684149,5.100408,3.535788,-0.092992,0.865764,-0.076306,0.485781,-0.814428,87.048767,21.277290,-0.012046,0.861459,-0.084888,0.500537,2.423974,50.853683,29.569738,-0.037629,0.803441,0.049824,0.592102,-0.613727,4.251617,37.057594,-0.039801,0.917635,0.040703,0.393326,-12.522571,0.785042,-5.853616,-0.037629,0.803441,0.049824,0.592102,12.676987,0.191310,32.945206
408,3.400000,-0.008468,0.875611,0.037876,0.481455,-5.582393,87.237236,13.793633,-0.065719,0.860501,0.125158,0.489444,-5.955322,94.484879,14.216550,-0.027016,0.863508,0.108210,0.491849,-8.916995,106.552086,16.115381,0.021475,0.911819,-0.061686,0.405365,-11.212875,121.174599,18.519241,0.028826,0.946417,-0.061734,0.315677,-8.681511,134.568222,16.035839,-0.014936,0.791485,0.240571,0.561652,-13.143084,115.726425,15.144923,0.231735,-0.333660,0.217731,-0.887448,-19.563801,120.021286,-0.465292,0.227245,0.397252,-0.426237,-0.780303,-2.511999,106.503059,-12.739578,0.324075,0.458414,-0.327136,-0.760141,3.693887,122.852203,-4.499768,-0.141158,0.894221,0.183308,0.383200,-9.493411,115.302483,21.209469,0.328551,0.870874,0.145659,-0.335285,2.114373,117.252586,34.047173,-0.097074,0.234066,0.506682,-0.824053,16.086931,105.396042,17.066177,0.025094,0.040970,0.457130,-0.888101,8.521868,123.066269,11.298797,0.074775,0.868059,0.076477,0.484803,-10.336486,87.429108,6.313312,0.071750,0.874181,-0.097516,0.470266,-12.411320,51.008129,-1.338077,-0.039616,0.917628,0.040822,0.393348,-22.682556,5.097208,3.534010,-0.093111,0.865722,-0.076291,0.485835,-0.828300,87.045372,21.273956,-0.012078,0.861471,-0.084856,0.500521,2.417776,50.851768,29.569891,-0.037393,0.803402,0.050117,0.592145,-0.615635,4.249266,37.056778,-0.039616,0.917628,0.040822,0.393348,-12.521839,0.782760,-5.856745,-0.037393,0.803402,0.050117,0.592145,12.675232,0.191643,32.942234
409,3.408333,-0.008509,0.875563,0.037749,0.481552,-5.585138,87.238266,13.792401,-0.065784,0.860432,0.125031,0.489588,-5.957748,94.486031,14.213361,-0.026934,0.863435,0.108135,0.491997,-8.918372,106.548813,16.107426,0.021547,0.911777,-0.061657,0.405458,-11.211440,121.171936,18.510199,0.028925,0.946394,-0.061915,0.315703,-8.678244,134.565582,16.028685,-0.014897,0.791524,0.240459,0.561646,-13.141915,115.724144,15.135409,0.231863,-0.333531,0.217761,-0.887456,-19.562899,120.017830,-0.475018,0.227377,0.397313,-0.426243,-0.780230,-2.507433,106.497559,-12.741956,0.324167,0.458374,-0.327142,-0.760123,3.696286,122.848000,-4.503741,-0.141197,0.894172,0.183083,0.383405,-9.494255,115.299461,21.201115,0.328619,0.870898,0.145591,-0.335186,2.107655,117.252228,34.043724,-0.097191,0.234315,0.506749,-0.823927,16.081284,105.390480,17.067249,0.024974,0.041236,0.457256,-0.888027,8.523695,123.062180,11.295525,0.074828,0.868001,0.076417,0.484907,-10.337565,87.428467,6.310978,0.071712,0.874155,-0.097501,0.470323,-12.417076,51.007401,-1.338715,-0.038983,0.917610,0.041011,0.393435,-22.684814,5.095685,3.533190,-0.093062,0.865660,-0.076305,0.485952,-0.832709,87.048058,21.273825,-0.012184,0.861370,-0.084792,0.500703,2.408610,50.853939,29.569355,-0.037727,0.803400,0.049760,0.592157,-0.614701,4.250651,37.055431,-0.038983,0.917610,0.041011,0.393435,-12.527481,0.778903,-5.860156,-0.037727,0.803400,0.049760,0.592157,12.676959,0.190529,32.945911
410,3.416667,-0.008540,0.875486,0.037806,0.481687,-5.587358,87.238167,13.787908,-0.065721,0.860387,0.124923,0.489703,-5.960823,94.485870,14.209326,-0.027026,0.863374,0.108059,0.492116,-8.920005,106.553474,16.102102,0.021795,0.911711,-0.061705,0.405587,-11.214658,121.176949,18.501244,0.029046,0.946345,-0.062162,0.315789,-8.674267,134.569626,16.021887,-0.014913,0.791470,0.240365,0.561763,-13.143828,115.728355,15.127005,0.231886,-0.333399,0.217933,-0.887456,-19.560219,120.020767,-0.485663,0.227567,0.397310,-0.426216,-0.780191,-2.504131,106.493973,-12.744531,0.324308,0.458514,-0.327094,-0.759999,3.700564,122.845818,-4.509930,-0.141169,0.894073,0.182825,0.383771,-9.497891,115.305122,21.193848,0.328849,0.870880,0.145965,-0.334845,2.094528,117.257652,34.045059,-0.096951,0.234574,0.506868,-0.823808,16.072020,105.389999,17.075903,0.024939,0.041420,0.457498,-0.887895,8.525241,123.059525,11.293136,0.074902,0.867908,0.076344,0.485075,-10.337467,87.428497,6.305015,0.071641,0.874085,-0.097543,0.470456,-12.422954,51.007427,-1.343034,-0.039053,0.917579,0.041058,0.393494,-22.687418,5.095518,3.534012,-0.093055,0.865631,-0.076411,0.485989,-0.837247,87.047836,21.270800,-0.011684,0.861256,-0.084972,0.500880,2.399309,50.854813,29.572987,-0.037552,0.803204,0.049965,0.592417,-0.674798,4.253280,37.049290,-0.039053,0.917579,0.041058,0.393494,-12.528122,0.780754,-5.858142,-0.037552,0.803204,0.049965,0.592417,12.619204,0.194889,32.945633
411,3.425000,-0.008536,0.875410,0.037772,0.481828,-5.592319,87.239098,13.783918,-0.065534,0.860367,0.124861,0.489780,-5.965565,94.486839,14.204865,-0.026999,0.863343,0.108025,0.492179,-8.919074,106.550995,16.097713,0.022196,0.911680,-0.061613,0.405649,-11.212710,121.174728,18.496231,0.028926,0.946351,-0.062449,0.315728,-8.663133,134.566956,16.023865,-0.014906,0.791454,0.240248,0.561836,-13.141923,115.726242,15.121846,0.231831,-0.333366,0.217952,-0.887478,-19.555483,120.017159,-0.492400,0.227577,0.397352,-0.426244,-0.780152,-2.498704,106.490562,-12.750548,0.324422,0.458543,-0.327099,-0.759931,3.703938,122.843460,-4.515521,-0.141195,0.894034,0.182653,0.383933,-9.496849,115.302811,21.189196,0.329060,0.870802,0.145907,-0.334864,2.090977,117.257225,34.044273,-0.097105,0.234856,0.507133,-0.823547,16.060902,105.380821,17.074987,0.024794,0.041760,0.457788,-0.887734,8.529774,123.057365,11.289245,0.074864,0.867908,0.076241,0.485096,-10.340031,87.429291,6.299497,0.071628,0.874044,-0.097537,0.470534,-12.426671,51.006626,-1.340643,-0.038932,0.917555,0.041166,0.393551,-22.690273,5.094436,3.535511,-0.093159,0.865583,-0.076395,0.486058,-0.844609,87.048904,21.268339,-0.012315,0.861352,-0.084691,0.500747,2.398545,50.857140,29.573425,-0.038653,0.803509,0.049377,0.591981,-0.609692,4.252538,37.057392,-0.038932,0.917555,0.041166,0.393551,-12.530589,0.781074,-5.856867,-0.038653,0.803509,0.049377,0.591981,12.685016,0.199176,32.951054
412,3.433333,-0.008525,0.875353,0.037688,0.481938,-5.595516,87.239067,13.780139,-0.065551,0.860295,0.124784,0.489923,-5.968095,94.486908,14.200052,-0.026972,0.863266,0.107945,0.492333,-8.921332,106.551491,16.090569,0.022274,0.911608,-0.061675,0.405797,-11.213517,121.175789,18.487038,0.029052,0.946287,-0.062602,0.315875,-8.660724,134.567398,16.014662,-0.014886,0.791413,0.240216,0.561908,-13.142427,115.727303,15.112472,0.231817,-0.333277,0.218112,-0.887477,-19.553190,120.018784,-0.502764,0.227672,0.397292,-0.426231,-0.780161,-2.496900,106.486427,-12.755224,0.324466,0.458576,-0.327116,-0.759885,3.707908,122.839859,-4.523378,-0.141082,0.894010,0.182585,0.384063,-9.499478,115.303841,21.181091,0.329104,0.870822,0.145970,-0.334742,2.085982,117.254684,34.038837,-0.097143,0.234951,0.507161,-0.823498,16.058546,105.376221,17.073172,0.024697,0.041885,0.458066,-0.887587,8.530179,123.053825,11.285506,0.074928,0.867791,0.076198,0.485302,-10.341336,87.428795,6.294510,0.071560,0.873995,-0.097593,0.470625,-12.431854,51.006351,-1.345628,-0.038856,0.917537,0.041235,0.393593,-22.692799,5.094263,3.537122,-0.093160,0.865583,-0.076457,0.486048,-0.849697,87.049339,21.265770,-0.012371,0.861313,-0.084611,0.500828,2.391349,50.858295,29.574833,-0.039171,0.803352,0.049245,0.592170,-0.609261,4.252538,37.054668,-0.038856,0.917537,0.041235,0.393593,-12.532756,0.781790,-5.855274,-0.039171,0.803352,0.049245,0.592170,12.690414,0.204801,32.958881
413,3.441667,-0.008449,0.875281,0.037510,0.482084,-5.601554,87.238861,13.775776,-0.065567,0.860232,0.124774,0.490034,-5.971982,94.486908,14.193901,-0.027029,0.863212,0.107823,0.492452,-8.925562,106.550919,16.083523,0.022176,0.911508,-0.062112,0.405960,-11.217777,121.175911,18.475729,0.029333,0.946170,-0.062588,0.316205,-8.661987,134.564896,15.992245,-0.014836,0.791298,0.240161,0.562094,-13.145983,115.726685,15.101974,0.231868,-0.333215,0.218219,-0.887460,-19.549503,120.020081,-0.515708,0.227746,0.397355,-0.426202,-0.780123,-2.493486,106.483017,-12.763349,0.324518,0.458539,-0.327186,-0.759855,3.710120,122.836029,-4.531469,-0.140959,0.894016,0.182519,0.384127,-9.504748,115.304550,21.171717,0.329231,0.870819,0.146104,-0.334568,2.080209,117.252090,34.030415,-0.097131,0.235006,0.507259,-0.823423,16.054417,105.369102,17.069275,0.024674,0.041932,0.458189,-0.887522,8.531143,123.048309,11.280672,0.074924,0.867737,0.076098,0.485416,-10.344906,87.428360,6.288578,0.071505,0.874122,-0.097527,0.470410,-12.437801,51.004745,-1.345290,-0.039168,0.917546,0.041196,0.393546,-22.690149,5.090693,3.537085,-0.093169,0.865492,-0.076443,0.486209,-0.858202,87.049362,21.262976,-0.012444,0.861260,-0.084597,0.500920,2.382354,50.858273,29.572041,-0.037530,0.803314,0.050087,0.592258,-0.612422,4.252458,37.053883,-0.039168,0.917546,0.041196,0.393546,-12.528360,0.780746,-5.854577,-0.037530,0.803314,0.050087,0.592258,12.680428,0.196436,32.944160
414,3.450000,-0.008042,0.875282,0.037260,0.482109,-5.614376,87.242226,13.772605,-0.065548,0.860195,0.124647,0.490133,-5.977884,94.490639,14.190399,-0.026988,0.863168,0.107626,0.492574,-8.928237,106.549385,16.076273,0.022352,0.911329,-0.062790,0.406248,-11.216829,121.175720,18.463745,0.029369,0.945984,-0.062412,0.316790,-8.648102,134.559723,15.966839,-0.015577,0.790339,0.241016,0.563057,-13.145757,115.726089,15.091046,0.231702,-0.333259,0.218656,-0.887379,-19.510744,120.024422,-0.541027,0.227574,0.397810,-0.426523,-0.779766,-2.465747,106.471100,-12.786029,0.324428,0.458746,-0.327217,-0.759755,3.715333,122.834625,-4.543205,-0.140897,0.893967,0.182393,0.384323,-9.506182,115.304626,21.161833,0.329347,0.870820,0.146072,-0.334463,2.074152,117.250443,34.024963,-0.097150,0.235186,0.507354,-0.823311,16.048073,105.361084,17.068045,0.024600,0.042012,0.458303,-0.887462,8.532036,123.042091,11.275293,0.074853,0.867633,0.076180,0.485599,-10.357423,87.435928,6.285318,0.071410,0.874022,-0.097565,0.470603,-12.441204,51.012432,-1.351672,-0.039013,0.917580,0.041016,0.393501,-22.688553,5.097818,3.535882,-0.093227,0.865416,-0.076420,0.486337,-0.871329,87.048531,21.259892,-0.012637,0.861196,-0.084533,0.501036,2.372593,50.858002,29.570076,-0.038878,0.803493,0.049329,0.591991,-0.604381,4.251620,37.055473,-0.039013,0.917580,0.041016,0.393501,-12.529609,0.781536,-5.855958,-0.038878,0.803493,0.049329,0.591991,12.691811,0.200891,32.951328
415,3.458333,-0.008234,0.875185,0.037304,0.482279,-5.613791,87.234047,13.764453,-0.065560,0.860146,0.124660,0.490215,-5.980134,94.482368,14.181387,-0.026970,0.863139,0.107572,0.492639,-8.932480,106.546715,16.067999,0.022273,0.911398,-0.062103,0.406203,-11.219978,121.173431,18.454180,0.029652,0.946033,-0.062957,0.316512,-8.660884,134.562210,15.973030,-0.014897,0.791184,0.240157,0.562255,-13.148964,115.723763,15.081574,0.231837,-0.333139,0.218352,-0.887464,-19.546118,120.016815,-0.538813,0.227851,0.397316,-0.426189,-0.780120,-2.490494,106.475212,-12.781969,0.324599,0.458630,-0.327111,-0.759798,3.714532,122.828423,-4.553254,-0.140654,0.893978,0.182285,0.384437,-9.510283,115.302345,21.152899,0.329320,0.870842,0.146115,-0.334414,2.069359,117.241348,34.017673,-0.097291,0.235272,0.507374,-0.823257,16.045797,105.353180,17.062000,0.024525,0.042207,0.458342,-0.887434,8.531892,123.036217,11.269599,0.074963,0.867529,0.076139,0.485774,-10.353880,87.425262,6.275230,0.071324,0.873909,-0.097666,0.470805,-12.444668,51.002544,-1.363535,-0.039624,0.917561,0.040856,0.393501,-22.690504,5.088636,3.533802,-0.093179,0.865354,-0.076508,0.486443,-0.873702,87.042824,21.253675,-0.012667,0.861099,-0.084521,0.501203,2.362880,50.852631,29.568172,-0.037746,0.803358,0.050026,0.592190,-0.612567,4.246140,37.053455,-0.039624,0.917561,0.040856,0.393501,-12.526518,0.775234,-5.853900,-0.037746,0.803358,0.050026,0.592190,12.680842,0.192316,32.943378
416,3.466667,-0.007848,0.875175,0.037143,0.482315,-5.626724,87.237381,13.758410,-0.065522,0.860106,0.124465,0.490340,-5.987045,94.485970,14.175998,-0.026869,0.863080,0.107500,0.492762,-8.935623,106.548119,16.057981,0.022517,0.911191,-0.062959,0.406522,-11.219809,121.175453,18.443527,0.029621,0.945822,-0.062705,0.317192,-8.644028,134.557907,15.945521,-0.015782,0.790052,0.241161,0.563392,-13.149405,115.726295,15.070457,0.231652,-0.333218,0.218879,-0.887353,-19.501036,120.024780,-0.567001,0.227667,0.397937,-0.426492,-0.779691,-2.459538,106.463196,-12.807714,0.324681,0.458589,-0.327047,-0.759815,3.718421,122.826515,-4.563790,-0.140568,0.893934,0.182208,0.384608,-9.512364,115.303932,21.142700,0.329347,0.870871,0.146099,-0.334320,2.063548,117.239998,34.011276,-0.097348,0.235385,0.507412,-0.823195,16.042244,105.349220,17.059292,0.024420,0.042236,0.458622,-0.887291,8.532012,123.033226,11.265047,0.074795,0.867440,0.076144,0.485959,-10.366310,87.433243,6.268987,0.071331,0.873902,-0.097679,0.470815,-12.444497,51.008701,-1.364502,-0.039368,0.917592,0.040736,0.393467,-22.691534,5.095127,3.533449,-0.093242,0.865173,-0.076472,0.486759,-0.887139,87.041519,21.247831,-0.012817,0.860926,-0.084480,0.501504,2.351712,50.851788,29.563442,-0.038385,0.803228,0.049734,0.592350,-0.612162,4.245004,37.051476,-0.039368,0.917592,0.040736,0.393467,-12.530912,0.775777,-5.855163,-0.038385,0.803228,0.049734,0.592350,12.686025,0.195219,32.952877
417,3.475000,-0.007916,0.875158,0.037098,0.482348,-5.626175,87.239113,13.753518,-0.065564,0.860068,0.124374,0.490424,-5.987058,94.487732,14.170040,-0.026886,0.863024,0.107536,0.492852,-8.935473,106.549690,16.049191,0.022817,0.911053,-0.063124,0.406790,-11.220879,121.176781,18.435133,0.029528,0.945675,-0.062893,0.317601,-8.634787,134.557312,15.937591,-0.015749,0.789968,0.241156,0.563513,-13.149488,115.727722,15.061320,0.231624,-0.333248,0.219034,-0.887311,-19.496407,120.028091,-0.577536,0.227737,0.397934,-0.426434,-0.779705,-2.459291,106.460213,-12.817377,0.324568,0.458703,-0.326610,-0.759982,3.720469,122.822441,-4.574285,-0.140678,0.893895,0.182210,0.384657,-9.513725,115.305176,21.134315,0.329597,0.870817,0.146378,-0.334091,2.059792,117.244133,34.004612,-0.097314,0.235352,0.507495,-0.823158,16.037868,105.346336,17.057051,0.024212,0.042270,0.458355,-0.887433,8.531090,123.030174,11.264450,0.074922,0.867381,0.075968,0.486073,-10.365161,87.433556,6.263681,0.071288,0.874356,-0.097491,0.470016,-12.456992,51.008427,-1.363327,-0.039523,0.917584,0.040803,0.393463,-22.687737,5.090788,3.530593,-0.093198,0.865110,-0.076539,0.486869,-0.887189,87.044670,21.243357,-0.012981,0.860764,-0.084407,0.501789,2.345361,50.855087,29.562077,-0.038931,0.803350,0.049510,0.592167,-0.604158,4.247525,37.050983,-0.039523,0.917584,0.040803,0.393463,-12.525582,0.774887,-5.857950,-0.038931,0.803350,0.049510,0.592167,12.695035,0.201756,32.951683
418,3.483333,-0.007828,0.875074,0.037036,0.482507,-5.631477,87.238731,13.748384,-0.065528,0.860005,0.124340,0.490547,-5.990885,94.487434,14.164667,-0.026792,0.862975,0.107449,0.492962,-8.938582,106.550507,16.043257,0.022889,0.910977,-0.063291,0.406930,-11.220583,121.178291,18.428110,0.029628,0.945594,-0.063018,0.317810,-8.630312,134.557526,15.927903,-0.015756,0.789904,0.241076,0.563636,-13.149907,115.729630,15.054083,0.234356,-0.333910,0.217909,-0.886621,-19.491991,120.029297,-0.586928,0.228944,0.398666,-0.425745,-0.779353,-2.452374,106.465569,-12.827892,0.324627,0.458683,-0.326551,-0.759995,3.725466,122.820831,-4.584692,-0.140626,0.893899,0.182185,0.384679,-9.515611,115.306343,21.127905,0.329663,0.870811,0.146440,-0.334014,2.057827,117.243874,33.998486,-0.097339,0.235406,0.507548,-0.823106,16.036335,105.343781,17.052893,0.024200,0.042400,0.458412,-0.887398,8.532708,123.028908,11.259681,0.074927,0.867328,0.075842,0.486185,-10.367773,87.434120,6.256867,0.071227,0.874215,-0.097404,0.470305,-12.463558,51.007633,-1.362545,-0.039545,0.917531,0.040897,0.393575,-22.687096,5.087572,3.523674,-0.093243,0.864976,-0.076537,0.487098,-0.895181,87.043343,21.239901,-0.013123,0.860651,-0.084352,0.501989,2.338112,50.854366,29.560995,-0.038639,0.803440,0.049606,0.592056,-0.598969,4.246277,37.051495,-0.039545,0.917531,0.040897,0.393575,-12.522209,0.774373,-5.863151,-0.038639,0.803440,0.049606,0.592056,12.697480,0.197801,32.945969
419,3.491667,-0.007753,0.875037,0.036929,0.482583,-5.635671,87.237442,13.742527,-0.065621,0.859915,0.124289,0.490705,-5.993407,94.486282,14.157952,-0.026668,0.862889,0.107379,0.493134,-8.943295,106.551270,16.034048,0.022976,0.910864,-0.063463,0.407149,-11.221546,121.179703,18.418493,0.029730,0.945477,-0.063138,0.318123,-8.626349,134.557541,15.915975,-0.015642,0.789896,0.240920,0.563717,-13.151375,115.731743,15.043622,0.234570,-0.333889,0.217845,-0.886588,-19.490389,120.032166,-0.598425,0.229045,0.398544,-0.425697,-0.779412,-2.448711,106.468292,-12.836352,0.324694,0.458646,-0.327153,-0.759729,3.735127,122.825279,-4.596287,-0.140752,0.893870,0.182167,0.384707,-9.519391,115.307144,21.118734,0.329817,0.870818,0.146403,-0.333859,2.052063,117.248520,33.990520,-0.097259,0.235543,0.507621,-0.823032,16.030624,105.339836,17.051004,0.024156,0.042402,0.458680,-0.887261,8.532831,123.024902,11.252819,0.074883,0.867337,0.075814,0.486181,-10.370694,87.433144,6.250216,0.071187,0.874319,-0.097366,0.470127,-12.464744,51.005848,-1.365780,-0.039458,0.917538,0.041002,0.393555,-22.682365,5.084544,3.521152,-0.093277,0.864963,-0.076520,0.487117,-0.900647,87.041740,21.234840,-0.013114,0.860685,-0.084423,0.501919,2.335231,50.853043,29.556114,-0.036825,0.803429,0.050483,0.592113,-0.605392,4.246068,37.052135,-0.039458,0.917538,0.041002,0.393555,-12.518358,0.772980,-5.867375,-0.036825,0.803429,0.050483,0.592113,12.682851,0.187258,32.930275
420,3.500000,-0.007509,0.874991,0.036753,0.482685,-5.644744,87.235161,13.735058,-0.065515,0.859887,0.124247,0.490780,-5.998201,94.484238,14.149913,-0.026634,0.862859,0.107310,0.493203,-8.945277,106.549011,16.026051,0.022695,0.910966,-0.062682,0.407058,-11.221803,121.177963,18.409067,0.030149,0.945543,-0.063676,0.317780,-8.642489,134.561783,15.922112,-0.015653,0.789799,0.240897,0.563862,-13.151914,115.730011,15.034327,0.234179,-0.333854,0.218056,-0.886653,-19.485220,120.030952,-0.609887,0.228869,0.398445,-0.425816,-0.779450,-2.446982,106.463936,-12.849116,0.324817,0.458411,-0.327025,-0.759874,3.735943,122.821320,-4.609698,-0.140570,0.893870,0.182102,0.384805,-9.520870,115.305351,21.109995,0.329808,0.870811,0.146359,-0.333908,2.049749,117.241325,33.983341,-0.097151,0.235233,0.507599,-0.823147,16.026991,105.332794,17.042614,0.024235,0.042212,0.459928,-0.886621,8.522166,123.017990,11.251066,0.074842,0.867243,0.075752,0.486364,-10.378091,87.433205,6.241748,0.071110,0.874407,-0.097296,0.469988,-12.470179,51.004745,-1.369248,-0.039577,0.917546,0.040974,0.393529,-22.677635,5.081114,3.517063,-0.093348,0.864953,-0.076530,0.487120,-0.911397,87.037117,21.228367,-0.013205,0.860708,-0.084385,0.501884,2.328615,50.849533,29.552868,-0.037239,0.803438,0.050083,0.592108,-0.602509,4.242179,37.050262,-0.039577,0.917546,0.040974,0.393529,-12.513169,0.770173,-5.871254,-0.037239,0.803438,0.050083,0.592108,12.686728,0.181245,32.933704
421,3.508333,-0.007394,0.874971,0.036662,0.482729,-5.650482,87.233170,13.727872,-0.065390,0.859893,0.124071,0.490830,-6.001856,94.482376,14.142359,-0.026550,0.862848,0.107258,0.493239,-8.943753,106.546700,16.015888,0.022681,0.910908,-0.062622,0.407199,-11.217459,121.176102,18.398752,0.030207,0.945443,-0.063872,0.318033,-8.638576,134.560364,15.913722,-0.015417,0.789820,0.240760,0.563898,-13.148475,115.728546,15.023907,0.234019,-0.333847,0.218271,-0.886645,-19.480621,120.033577,-0.619651,0.228821,0.398283,-0.425887,-0.779508,-2.446820,106.459900,-12.857687,0.324781,0.458396,-0.327072,-0.759878,3.738957,122.818756,-4.621817,-0.140609,0.893843,0.182057,0.384876,-9.517872,115.303162,21.099789,0.329947,0.870767,0.146347,-0.333890,2.050464,117.240379,33.974998,-0.097222,0.235277,0.507685,-0.823073,16.023718,105.326202,17.034956,0.024154,0.042391,0.459812,-0.886675,8.523361,123.013199,11.244555,0.074785,0.867330,0.075722,0.486222,-10.383098,87.432243,6.234131,0.071061,0.874429,-0.097282,0.469958,-12.473787,51.002811,-1.372577,-0.039646,0.917556,0.040943,0.393500,-22.676472,5.078280,3.515212,-0.093334,0.864850,-0.076548,0.487303,-0.917866,87.034096,21.221615,-0.013336,0.860757,-0.084414,0.501790,2.318815,50.846512,29.547421,-0.037143,0.803530,0.050133,0.591986,-0.602198,4.239962,37.053738,-0.039646,0.917556,0.040943,0.393500,-12.512042,0.767345,-5.873143,-0.037143,0.803530,0.050133,0.591986,12.685362,0.178548,32.932255
422,3.516667,-0.007757,0.874890,0.036743,0.482864,-5.642528,87.224281,13.719305,-0.065522,0.859791,0.124062,0.490994,-5.999146,94.473320,14.132219,-0.026478,0.862755,0.107214,0.493415,-8.946456,106.546844,16.004808,0.022826,0.910840,-0.062688,0.407333,-11.218143,121.176651,18.387148,0.030311,0.945402,-0.063946,0.318131,-8.634413,134.560089,15.902712,-0.015120,0.790158,0.240326,0.563618,-13.148960,115.729561,15.011437,0.234149,-0.333831,0.218088,-0.886661,-19.492432,120.031723,-0.628321,0.228933,0.398117,-0.425711,-0.779655,-2.454113,106.463959,-12.866618,0.324762,0.458391,-0.327075,-0.759887,3.742264,122.819427,-4.634155,-0.140531,0.893832,0.181990,0.384962,-9.520763,115.303299,21.088696,0.329975,0.870792,0.146238,-0.333844,2.046035,117.238380,33.965611,-0.097268,0.235356,0.507728,-0.823018,16.019922,105.320404,17.028765,0.024169,0.042403,0.459960,-0.886597,8.522580,123.009087,11.237181,0.074954,0.867380,0.075653,0.486118,-10.372730,87.418526,6.223911,0.070987,0.874311,-0.097410,0.470162,-12.477790,50.990200,-1.384137,-0.039633,0.917507,0.041256,0.393583,-22.681049,5.067006,3.515028,-0.093188,0.864972,-0.076752,0.487081,-0.912324,87.030037,21.214699,-0.013389,0.860768,-0.084389,0.501775,2.309693,50.842751,29.547506,-0.037300,0.803556,0.050057,0.591946,-0.605670,4.235914,37.054287,-0.039633,0.917507,0.041256,0.393583,-12.514132,0.763866,-5.874216,-0.037300,0.803556,0.050057,0.591946,12.682255,0.175399,32.933079
423,3.525000,-0.007700,0.874855,0.036732,0.482929,-5.645124,87.224350,13.711107,-0.065455,0.859779,0.123927,0.491058,-6.000970,94.473419,14.124256,-0.026372,0.862739,0.107133,0.493465,-8.944942,106.546341,15.994358,0.022762,0.910818,-0.062595,0.407400,-11.212821,121.176842,18.376081,0.030452,0.945353,-0.064072,0.318238,-8.631431,134.561081,15.893489,-0.015437,0.789816,0.240662,0.563945,-13.144848,115.730179,15.000367,0.233892,-0.333833,0.218294,-0.886678,-19.475143,120.033142,-0.644505,0.228732,0.398284,-0.425873,-0.779541,-2.441369,106.460381,-12.883565,0.324775,0.458318,-0.327159,-0.759890,3.745259,122.819046,-4.645007,-0.140532,0.893763,0.181913,0.385156,-9.517278,115.303108,21.077942,0.330040,0.870795,0.146338,-0.333729,2.044275,117.237709,33.959633,-0.097462,0.235820,0.507835,-0.822796,16.019854,105.317703,17.025620,0.024031,0.042805,0.458739,-0.887214,8.535587,123.009155,11.225134,0.074933,0.867347,0.075575,0.486191,-10.374234,87.419434,6.215049,0.070963,0.874330,-0.097437,0.470125,-12.480138,50.989998,-1.387463,-0.039962,0.917503,0.041155,0.393571,-22.682438,5.066985,3.515405,-0.093180,0.864949,-0.076874,0.487105,-0.916013,87.029274,21.207165,-0.013391,0.860830,-0.084214,0.501698,2.300717,50.843273,29.547613,-0.036874,0.803311,0.050295,0.592286,-0.605526,4.233655,37.040680,-0.039962,0.917503,0.041155,0.393571,-12.513110,0.765024,-5.871758,-0.036874,0.803311,0.050295,0.592286,12.683892,0.171440,32.925980
424,3.533333,-0.007674,0.874870,0.036639,0.482910,-5.645681,87.224884,13.703992,-0.065525,0.859741,0.123995,0.491098,-6.000535,94.474052,14.116149,-0.026350,0.862707,0.107072,0.493535,-8.947332,106.547966,15.986930,0.022896,0.910757,-0.062751,0.407504,-11.213942,121.178886,18.367247,0.030573,0.945290,-0.064142,0.318398,-8.627096,134.561737,15.882800,-0.015533,0.789820,0.240340,0.564074,-13.146067,115.732193,14.991638,0.233756,-0.333821,0.218235,-0.886733,-19.471186,120.027252,-0.657502,0.228608,0.398430,-0.425936,-0.779468,-2.435721,106.458893,-12.899110,0.324673,0.458317,-0.326735,-0.760116,3.744180,122.817207,-4.655985,-0.140494,0.893782,0.181827,0.385167,-9.519458,115.305161,21.069790,0.330100,0.870800,0.146308,-0.333670,2.042194,117.239738,33.951401,-0.097241,0.235825,0.507847,-0.822813,16.017765,105.316093,17.019934,0.024197,0.042742,0.459331,-0.886906,8.533721,123.007164,11.214363,0.074951,0.867324,0.075518,0.486239,-10.375129,87.419548,6.208133,0.070928,0.874479,-0.097423,0.469857,-12.483876,50.989681,-1.391466,-0.039979,0.917500,0.041199,0.393571,-22.681204,5.065957,3.515022,-0.093216,0.864931,-0.076911,0.487124,-0.916233,87.030212,21.199850,-0.013466,0.860854,-0.084357,0.501631,2.301247,50.845146,29.544025,-0.037107,0.803532,0.050121,0.591987,-0.605064,4.237998,37.052353,-0.039979,0.917500,0.041199,0.393571,-12.511579,0.765291,-5.872416,-0.037107,0.803532,0.050121,0.591987,12.682191,0.175730,32.930714
425,3.541667,-0.007557,0.874790,0.036540,0.483064,-5.651527,87.224182,13.696201,-0.065358,0.859700,0.123902,0.491215,-6.004269,94.473488,14.107861,-0.026361,0.862656,0.106933,0.493655,-8.946253,106.547104,15.978159,0.023116,0.910566,-0.063566,0.407793,-11.211430,121.178902,18.354467,0.030568,0.945109,-0.063774,0.319011,-8.609044,134.555695,15.853794,-0.015467,0.789838,0.240315,0.564061,-13.143423,115.731689,14.979609,0.233786,-0.333808,0.218227,-0.886732,-19.469107,120.027962,-0.668970,0.228670,0.398432,-0.425935,-0.779449,-2.433042,106.459618,-12.909764,0.324728,0.458407,-0.326700,-0.760054,3.746878,122.818626,-4.667816,-0.140428,0.893727,0.181651,0.385402,-9.518498,115.305565,21.058828,0.330097,0.870821,0.146331,-0.333608,2.037491,117.238701,33.945732,-0.097289,0.235997,0.507892,-0.822731,16.015221,105.314789,17.016235,0.024115,0.042849,0.459590,-0.886769,8.536431,123.006393,11.207022,0.074892,0.867344,0.075446,0.486224,-10.378364,87.419937,6.198724,0.070866,0.874363,-0.097456,0.470074,-12.486078,50.988590,-1.394107,-0.039706,0.917515,0.041282,0.393556,-22.680960,5.064636,3.515373,-0.093244,0.864875,-0.076871,0.487225,-0.924690,87.028435,21.193678,-0.013562,0.860838,-0.084385,0.501650,2.295071,50.843281,29.536606,-0.037110,0.803500,0.050126,0.592029,-0.604917,4.236826,37.051712,-0.039706,0.917515,0.041282,0.393556,-12.513865,0.762971,-5.874350,-0.037110,0.803500,0.050126,0.592029,12.682806,0.174722,32.931431
426,3.550000,-0.007515,0.874750,0.036457,0.483142,-5.653588,87.222412,13.688353,-0.065364,0.859667,0.123884,0.491276,-6.005258,94.471809,14.099233,-0.026274,0.862639,0.106829,0.493712,-8.947400,106.545952,15.968927,0.023164,0.910531,-0.063671,0.407851,-11.208972,121.178543,18.343714,0.030657,0.945072,-0.063806,0.319104,-8.604007,134.554504,15.841267,-0.015514,0.789772,0.240286,0.564165,-13.142051,115.731552,14.969137,0.233801,-0.333801,0.218204,-0.886736,-19.463594,120.026871,-0.681373,0.228633,0.398420,-0.426014,-0.779424,-2.426782,106.459358,-12.922040,0.324881,0.458328,-0.327175,-0.759832,3.751372,122.820869,-4.680335,-0.140327,0.893670,0.181416,0.385682,-9.517862,115.305008,21.048767,0.330105,0.870835,0.146402,-0.333533,2.031606,117.236092,33.941822,-0.097232,0.236197,0.507918,-0.822664,16.011572,105.312202,17.014166,0.024077,0.042901,0.459613,-0.886756,8.537956,123.002708,11.198181,0.074878,0.867364,0.075395,0.486199,-10.379089,87.418167,6.190035,0.070809,0.874391,-0.097457,0.470031,-12.488033,50.986092,-1.398955,-0.040070,0.917523,0.041218,0.393506,-22.678026,5.061394,3.513683,-0.093227,0.864884,-0.076946,0.487199,-0.928086,87.026665,21.186670,-0.013605,0.860787,-0.084256,0.501758,2.288096,50.842140,29.533703,-0.037155,0.803366,0.050122,0.592208,-0.603163,4.233742,37.040073,-0.040070,0.917523,0.041218,0.393506,-12.508838,0.762208,-5.874907,-0.037155,0.803366,0.050122,0.592208,12.686655,0.172286,32.925919
427,3.558333,-0.007700,0.874710,0.036464,0.483212,-5.652173,87.224304,13.681973,-0.065409,0.859657,0.123835,0.491301,-6.006278,94.473656,14.091600,-0.026186,0.862647,0.106713,0.493727,-8.948044,106.544601,15.959099,0.023797,0.910502,-0.063384,0.407924,-11.205656,121.178093,18.332205,0.030448,0.945077,-0.064124,0.319047,-8.587856,134.554245,15.844204,-0.015582,0.789687,0.240283,0.564283,-13.140200,115.731224,14.958244,0.234062,-0.333945,0.218106,-0.886637,-19.457045,120.025658,-0.694412,0.228709,0.398573,-0.425931,-0.779368,-2.422914,106.457504,-12.938103,0.324628,0.458489,-0.326775,-0.760015,3.752693,122.816704,-4.693899,-0.140288,0.893629,0.181346,0.385824,-9.516149,115.304398,21.037935,0.330159,0.870839,0.146347,-0.333493,2.029859,117.234108,33.934299,-0.097239,0.235949,0.507958,-0.822710,16.009396,105.306610,17.008829,0.024186,0.042825,0.460412,-0.886342,8.533274,122.997139,11.201363,0.074916,0.867372,0.075344,0.486186,-10.376430,87.417290,6.182799,0.070784,0.874625,-0.097418,0.469607,-12.489746,50.985062,-1.404236,-0.040097,0.917556,0.041230,0.393426,-22.673630,5.059311,3.511228,-0.093070,0.864867,-0.076952,0.487259,-0.927917,87.031326,21.181149,-0.013774,0.860653,-0.084274,0.501982,2.277476,50.844692,29.523209,-0.036815,0.803363,0.050133,0.592233,-0.602828,4.237014,37.038280,-0.040097,0.917556,0.041230,0.393426,-12.505785,0.760695,-5.879075,-0.036815,0.803363,0.050133,0.592233,12.684849,0.170177,32.922523
428,3.566667,-0.007661,0.874665,0.036388,0.483300,-5.653831,87.221565,13.674408,-0.065457,0.859669,0.123670,0.491315,-6.006945,94.471001,14.083319,-0.026094,0.862674,0.106698,0.493688,-8.947614,106.542168,15.946587,0.023850,0.910475,-0.063456,0.407971,-11.202538,121.175896,18.320776,0.030520,0.945016,-0.064136,0.319219,-8.582466,134.551422,15.831828,-0.015544,0.789699,0.240176,0.564312,-13.138360,115.729546,14.946721,0.234073,-0.333944,0.218067,-0.886644,-19.454098,120.023140,-0.706609,0.228682,0.398593,-0.425917,-0.779373,-2.419084,106.456482,-12.950718,0.324581,0.458516,-0.326891,-0.759969,3.756464,122.815392,-4.705115,-0.140312,0.893570,0.181253,0.385996,-9.513703,115.301765,21.025984,0.330026,0.870937,0.146550,-0.333278,2.027453,117.232094,33.926598,-0.097082,0.236008,0.507734,-0.822850,16.018528,105.310570,17.006456,0.024119,0.042832,0.460484,-0.886306,8.535390,122.992851,11.192440,0.074924,0.867337,0.075349,0.486246,-10.376592,87.414574,6.174293,0.070696,0.874233,-0.097589,0.470314,-12.489738,50.982487,-1.413470,-0.040047,0.917532,0.041242,0.393485,-22.677860,5.058712,3.511700,-0.093090,0.864903,-0.076949,0.487191,-0.931070,87.028549,21.174522,-0.013834,0.860831,-0.084476,0.501640,2.276346,50.842167,29.516844,-0.036865,0.803610,0.049968,0.591908,-0.605754,4.237881,37.052227,-0.040047,0.917532,0.041242,0.393485,-12.509233,0.759852,-5.877646,-0.036865,0.803610,0.049968,0.591908,12.678226,0.168160,32.927383
429,3.575000,-0.007593,0.874628,0.036343,0.483372,-5.657299,87.221375,13.665481,-0.065385,0.859655,0.123668,0.491350,-6.009271,94.470871,14.074270,-0.026045,0.862670,0.106583,0.493722,-8.947871,106.539963,15.937919,0.023814,0.910460,-0.063307,0.408029,-11.199913,121.174500,18.309828,0.030709,0.944968,-0.064342,0.319299,-8.582127,134.551132,15.824366,-0.015614,0.789676,0.240148,0.564356,-13.136664,115.728058,14.936462,0.234261,-0.334013,0.217893,-0.886611,-19.450621,120.019547,-0.718164,0.228721,0.398694,-0.425888,-0.779326,-2.414128,106.456985,-12.964754,0.324609,0.458480,-0.326870,-0.759987,3.759071,122.815285,-4.717463,-0.140308,0.893532,0.181114,0.386151,-9.512446,115.300430,21.015995,0.330041,0.870958,0.146537,-0.333214,2.024595,117.231354,33.920200,-0.097130,0.236164,0.507744,-0.822793,16.017290,105.308151,17.002581,0.024055,0.043002,0.460507,-0.886288,8.537731,122.990242,11.185137,0.074888,0.867300,0.075309,0.486325,-10.378854,87.415100,6.164625,0.070679,0.874252,-0.097648,0.470270,-12.490472,50.982170,-1.419516,-0.039725,0.917536,0.041275,0.393504,-22.679462,5.059251,3.511810,-0.093076,0.864928,-0.077032,0.487137,-0.935743,87.027649,21.166336,-0.013878,0.860736,-0.084337,0.501825,2.268234,50.842022,29.513294,-0.036420,0.803376,0.050145,0.592238,-0.605309,4.235622,37.038872,-0.039725,0.917536,0.041275,0.393504,-12.513262,0.757597,-5.878880,-0.036420,0.803376,0.050145,0.592238,12.679648,0.162534,32.920509
430,3.583333,-0.007571,0.874555,0.036236,0.483511,-5.659142,87.222015,13.657779,-0.065348,0.859608,0.123633,0.491445,-6.010133,94.471634,14.065305,-0.026047,0.862624,0.106557,0.493809,-8.947840,106.541466,15.928404,0.024055,0.910381,-0.063433,0.408172,-11.199795,121.176170,18.299385,0.030717,0.944903,-0.064380,0.319485,-8.574080,134.551285,15.814170,-0.015637,0.789547,0.240027,0.564587,-13.136087,115.729691,14.925818,0.233977,-0.333890,0.218072,-0.886689,-19.440937,120.020187,-0.732754,0.228623,0.398617,-0.426029,-0.779317,-2.404234,106.455055,-12.976209,0.324924,0.458269,-0.327279,-0.759804,3.767603,122.817719,-4.729720,-0.140215,0.893548,0.181010,0.386195,-9.513083,115.302124,21.006081,0.330070,0.870989,0.146635,-0.333062,2.023660,117.231369,33.910805,-0.097189,0.236237,0.507749,-0.822762,16.020473,105.306885,16.997488,0.023974,0.043118,0.460474,-0.886301,8.542460,122.989380,11.179118,0.074879,0.867278,0.075215,0.486379,-10.378321,87.415276,6.155414,0.070656,0.874192,-0.097696,0.470374,-12.492344,50.981186,-1.422478,-0.039845,0.917515,0.041250,0.393545,-22.682133,5.058846,3.512557,-0.093190,0.864825,-0.076987,0.487305,-0.939963,87.028763,21.160143,-0.013926,0.860695,-0.084494,0.501867,2.271355,50.844204,29.508907,-0.036758,0.803535,0.049954,0.592018,-0.606058,4.240441,37.049301,-0.039845,0.917515,0.041250,0.393545,-12.514103,0.757936,-5.876498,-0.036758,0.803535,0.049954,0.592018,12.678188,0.168634,32.927387
431,3.591667,-0.007634,0.874503,0.036264,0.483602,-5.657180,87.221466,13.649800,-0.064959,0.859508,0.123549,0.491693,-6.009222,94.471046,14.057207,-0.026490,0.862407,0.106510,0.494174,-8.936558,106.536339,15.921624,0.024091,0.910251,-0.063285,0.408483,-11.200290,121.170639,18.283842,0.030917,0.944835,-0.064527,0.319636,-8.574073,134.546661,15.804000,-0.015609,0.789560,0.240148,0.564518,-13.129851,115.721367,14.910925,0.233961,-0.333831,0.217953,-0.886745,-19.437450,120.014420,-0.745839,0.228585,0.398697,-0.426022,-0.779291,-2.396157,106.454910,-12.989140,0.324968,0.458220,-0.327339,-0.759789,3.773291,122.816597,-4.740196,-0.140233,0.893519,0.180926,0.386296,-9.512297,115.298927,20.994789,0.330009,0.871050,0.146659,-0.332953,2.021569,117.229065,33.901951,-0.097309,0.236368,0.507736,-0.822719,16.024012,105.305878,16.992395,0.023884,0.043222,0.460565,-0.886251,8.547926,122.988724,11.172503,0.074846,0.867394,0.075217,0.486177,-10.374770,87.414047,6.146420,0.070680,0.874232,-0.097797,0.470274,-12.488342,50.979622,-1.429959,-0.039811,0.917507,0.041277,0.393565,-22.683973,5.059463,3.513381,-0.093171,0.864831,-0.077092,0.487282,-0.939590,87.028885,21.153181,-0.013925,0.860554,-0.084325,0.502137,2.266817,50.845264,29.507885,-0.036389,0.803226,0.050311,0.592429,-0.604982,4.238791,37.033695,-0.039811,0.917507,0.041277,0.393565,-12.515767,0.758856,-5.875621,-0.036389,0.803226,0.050311,0.592429,12.682470,0.168917,32.920204
432,3.600000,-0.007602,0.874475,0.036230,0.483656,-5.658447,87.220535,13.640761,-0.064620,0.859490,0.123551,0.491768,-6.009865,94.470154,14.047928,-0.026702,0.862334,0.106430,0.494307,-8.929006,106.532013,15.915689,0.024022,0.910298,-0.062526,0.408500,-11.197388,121.166489,18.272369,0.031061,0.944899,-0.064993,0.319338,-8.581150,134.547760,15.810383,-0.015515,0.789518,0.240181,0.564564,-13.124347,115.715622,14.900547,0.233943,-0.333909,0.218004,-0.886707,-19.430199,120.012306,-0.755918,0.228592,0.398692,-0.426030,-0.779288,-2.392659,106.450317,-13.001686,0.324810,0.458339,-0.326845,-0.759998,3.776487,122.811714,-4.753383,-0.140237,0.893493,0.180795,0.386416,-9.508809,115.296089,20.985811,0.330311,0.870914,0.147546,-0.332616,2.021791,117.227219,33.895741,-0.096967,0.236216,0.507919,-0.822689,16.025473,105.305412,16.986238,0.023916,0.043266,0.460548,-0.886257,8.555837,122.985481,11.166843,0.074812,0.867333,0.075169,0.486298,-10.375130,87.413353,6.136818,0.070650,0.874134,-0.097863,0.470447,-12.487237,50.978001,-1.435531,-0.039841,0.917513,0.041260,0.393548,-22.684261,5.058670,3.512626,-0.093263,0.864803,-0.077076,0.487316,-0.941763,87.027725,21.144705,-0.014008,0.860613,-0.084501,0.502004,2.270794,50.845192,29.501787,-0.037921,0.803546,0.049415,0.591974,-0.601495,4.241750,37.046139,-0.039841,0.917513,0.041260,0.393548,-12.516172,0.757964,-5.876453,-0.037921,0.803546,0.049415,0.591974,12.688076,0.177116,32.934322
433,3.608333,-0.007518,0.874439,0.036114,0.483731,-5.661887,87.220505,13.632109,-0.064559,0.859463,0.123474,0.491843,-6.011457,94.470253,14.038377,-0.026640,0.862303,0.106356,0.494381,-8.928062,106.530846,15.904724,0.024248,0.910253,-0.062457,0.408596,-11.193959,121.165894,18.260252,0.031067,0.944866,-0.065141,0.319407,-8.572518,134.547012,15.802917,-0.015202,0.789839,0.239794,0.564290,-13.121468,115.715202,14.888441,0.233170,-0.333706,0.218295,-0.886916,-19.438465,120.010445,-0.763929,0.228359,0.398237,-0.426042,-0.779582,-2.400489,106.448555,-13.009203,0.324862,0.458290,-0.326880,-0.759989,3.782449,122.807953,-4.766152,-0.140240,0.893464,0.180782,0.386488,-9.506928,115.295319,20.974272,0.330389,0.870924,0.147493,-0.332537,2.021702,117.226120,33.886009,-0.097044,0.236326,0.507943,-0.822634,16.025455,105.299255,16.980118,0.023784,0.043436,0.460673,-0.886187,8.558813,122.980324,11.159238,0.074767,0.867319,0.075133,0.486336,-10.377301,87.413696,6.127378,0.070632,0.874239,-0.097868,0.470254,-12.487557,50.977432,-1.441145,-0.039803,0.917518,0.041274,0.393538,-22.682262,5.057952,3.510369,-0.093267,0.864764,-0.077079,0.487384,-0.946472,87.027313,21.136839,-0.014059,0.860523,-0.084426,0.502171,2.265508,50.844872,29.494530,-0.037694,0.803401,0.049539,0.592175,-0.600540,4.240373,37.034733,-0.039803,0.917518,0.041274,0.393538,-12.514668,0.757171,-5.879215,-0.037694,0.803401,0.049539,0.592175,12.690011,0.174754,32.927055
434,3.616667,-0.007475,0.874396,0.036087,0.483811,-5.664165,87.219215,13.621876,-0.065014,0.859443,0.123647,0.491775,-6.013030,94.469009,14.028070,-0.026140,0.862425,0.106255,0.494216,-8.943336,106.535248,15.893844,0.024345,0.910276,-0.062453,0.408540,-11.194389,121.171722,18.254690,0.031170,0.944800,-0.065402,0.319536,-8.570817,134.552582,15.798301,-0.015324,0.789620,0.239608,0.564672,-13.128686,115.723801,14.882300,0.233315,-0.333735,0.218407,-0.886839,-19.430527,120.015312,-0.777204,0.228483,0.398158,-0.425976,-0.779622,-2.395978,106.446503,-13.019591,0.325088,0.458060,-0.327254,-0.759871,3.791619,122.805962,-4.779665,-0.140095,0.893512,0.180797,0.386423,-9.511462,115.298798,20.966185,0.330510,0.870920,0.147309,-0.332509,2.020339,117.225540,33.875698,-0.097196,0.236485,0.508139,-0.822449,16.021019,105.290222,16.973225,0.023805,0.043477,0.460742,-0.886149,8.565270,122.976242,11.152667,0.074651,0.867511,0.074966,0.486037,-10.378214,87.412903,6.116297,0.070708,0.874699,-0.097679,0.469426,-12.489757,50.973488,-1.436631,-0.039800,0.917539,0.041461,0.393472,-22.677750,5.051527,3.505676,-0.093308,0.864768,-0.077078,0.487369,-0.950115,87.025528,21.127453,-0.014125,0.860635,-0.084626,0.501943,2.264691,50.843643,29.486454,-0.037621,0.803599,0.049447,0.591919,-0.603522,4.242516,37.046642,-0.039800,0.917539,0.041461,0.393472,-12.510962,0.755399,-5.886919,-0.037621,0.803599,0.049447,0.591919,12.683490,0.173614,32.930767
435,3.625000,-0.007511,0.874336,0.036087,0.483919,-5.663702,87.216988,13.612577,-0.065123,0.859411,0.123401,0.491878,-6.013084,94.466766,14.018477,-0.025868,0.862407,0.106272,0.494258,-8.943478,106.536224,15.877640,0.024382,0.910219,-0.062458,0.408664,-11.187860,121.173012,18.242870,0.031176,0.944708,-0.065480,0.319791,-8.562814,134.553741,15.787302,-0.015358,0.789640,0.239519,0.564681,-13.124563,115.727020,14.868763,0.233450,-0.333731,0.218442,-0.886796,-19.426018,120.015923,-0.791612,0.228606,0.398214,-0.425893,-0.779603,-2.392087,106.443855,-13.031247,0.325409,0.457775,-0.327477,-0.759809,3.796278,122.802162,-4.791595,-0.140056,0.893422,0.180722,0.386680,-9.507723,115.298500,20.952629,0.330491,0.870947,0.147245,-0.332485,2.017521,117.222977,33.868336,-0.097355,0.236636,0.508215,-0.822340,16.019615,105.286804,16.967638,0.023470,0.043217,0.461070,-0.886000,8.569242,122.976540,11.146222,0.074665,0.867487,0.074901,0.486087,-10.375886,87.410179,6.105815,0.070667,0.874513,-0.097802,0.469754,-12.490261,50.970203,-1.443605,-0.040142,0.917501,0.041406,0.393531,-22.682131,5.049977,3.506843,-0.093295,0.864731,-0.077130,0.487430,-0.951520,87.023788,21.119339,-0.014158,0.860539,-0.084520,0.502125,2.259958,50.842319,29.481411,-0.037711,0.803415,0.049483,0.592161,-0.602105,4.239583,37.034000,-0.040142,0.917501,0.041406,0.393531,-12.511235,0.756381,-5.882458,-0.037711,0.803415,0.049483,0.592161,12.688149,0.172979,32.926338
436,3.633333,-0.007521,0.874273,0.036013,0.484039,-5.664897,87.219620,13.606924,-0.064999,0.859365,0.123284,0.492005,-6.013940,94.469482,14.011759,-0.025872,0.862335,0.106252,0.494388,-8.939836,106.537308,15.869157,0.024591,0.910102,-0.062671,0.408880,-11.184392,121.174217,18.233486,0.031121,0.944604,-0.065552,0.320090,-8.550976,134.552948,15.776028,-0.015351,0.789579,0.239515,0.564767,-13.120288,115.728233,14.858891,0.232172,-0.333478,0.219069,-0.887073,-19.418344,120.018028,-0.802600,0.228148,0.397878,-0.426103,-0.779794,-2.389681,106.439400,-13.042286,0.325541,0.457791,-0.327386,-0.759782,3.802905,122.799347,-4.803039,-0.140026,0.893399,0.180673,0.386766,-9.505274,115.299675,20.943836,0.330634,0.870936,0.147412,-0.332298,2.017952,117.223228,33.861477,-0.097242,0.236665,0.508288,-0.822300,16.021538,105.282379,16.965324,0.023765,0.043612,0.461103,-0.885956,8.575118,122.971848,11.141598,0.074671,0.867479,0.074848,0.486109,-10.375017,87.412109,6.098852,0.070653,0.874454,-0.097868,0.469852,-12.491531,50.971603,-1.447438,-0.040176,0.917497,0.041344,0.393543,-22.685701,5.052418,3.507875,-0.093310,0.864663,-0.077106,0.487552,-0.954777,87.027130,21.114996,-0.013626,0.860405,-0.084943,0.502297,2.257385,50.845612,29.476578,-0.036178,0.803244,0.050087,0.592437,-0.669616,4.248261,37.037510,-0.040176,0.917497,0.041344,0.393543,-12.514451,0.757633,-5.880492,-0.036178,0.803244,0.050087,0.592437,12.615302,0.169846,32.924313
437,3.641667,-0.007555,0.874235,0.036086,0.484102,-5.663457,87.220016,13.597197,-0.064869,0.859306,0.123203,0.492144,-6.013477,94.469795,14.002687,-0.025849,0.862246,0.106186,0.494558,-8.935763,106.537865,15.859434,0.024676,0.909990,-0.062756,0.409111,-11.179197,121.175240,18.221973,0.031129,0.944497,-0.065665,0.320382,-8.541800,134.553177,15.764387,-0.015510,0.789181,0.240054,0.565090,-13.114564,115.729309,14.846992,0.234608,-0.334142,0.218320,-0.886366,-19.399752,120.028214,-0.817175,0.229211,0.398639,-0.425534,-0.779404,-2.376859,106.442093,-13.056591,0.325559,0.457705,-0.327310,-0.759858,3.809312,122.796989,-4.815181,-0.140018,0.893345,0.180574,0.386941,-9.501916,115.300644,20.933338,0.330727,0.870934,0.147534,-0.332157,2.016673,117.223930,33.855160,-0.097284,0.236785,0.508363,-0.822214,16.021896,105.280090,16.962469,0.023668,0.043759,0.461161,-0.885921,8.581003,122.970688,11.136926,0.074672,0.867437,0.074780,0.486195,-10.372495,87.412643,6.088446,0.070668,0.874589,-0.097924,0.469587,-12.490794,50.971378,-1.453669,-0.039866,0.917478,0.041439,0.393608,-22.687128,5.053428,3.508660,-0.093391,0.864510,-0.077184,0.487795,-0.954420,87.027397,21.105947,-0.014232,0.860317,-0.084478,0.502510,2.257678,50.847900,29.476318,-0.036767,0.803205,0.050586,0.592411,-0.599772,4.244694,37.027775,-0.039866,0.917478,0.041439,0.393608,-12.517062,0.757592,-5.880513,-0.036767,0.803205,0.050586,0.592411,12.691547,0.187241,32.914505
438,3.650000,-0.007580,0.874201,0.036128,0.484158,-5.659317,87.220833,13.589412,-0.064957,0.859250,0.123191,0.492233,-6.009972,94.470566,13.995237,-0.025771,0.862202,0.106144,0.494649,-8.934302,106.538963,15.850393,0.024483,0.909922,-0.062872,0.409255,-11.175344,121.176720,18.212799,0.031393,0.944380,-0.065792,0.320675,-8.540874,134.554428,15.750846,-0.015642,0.789073,0.240091,0.565221,-13.111135,115.731224,14.837350,0.234758,-0.334224,0.218275,-0.886306,-19.391001,120.028397,-0.829430,0.229336,0.398733,-0.425388,-0.779399,-2.369873,106.441475,-13.070390,0.325642,0.457765,-0.327231,-0.759821,3.818405,122.795197,-4.826703,-0.139987,0.893334,0.180528,0.386998,-9.499709,115.301750,20.924364,0.330848,0.870910,0.147483,-0.332121,2.017642,117.224266,33.847404,-0.097439,0.236856,0.508534,-0.822070,16.020054,105.274452,16.956612,0.023629,0.043875,0.461320,-0.885833,8.587105,122.970238,11.133690,0.074713,0.867466,0.074727,0.486144,-10.367384,87.413475,6.080052,0.070623,0.874425,-0.098034,0.469875,-12.490722,50.972080,-1.459987,-0.040103,0.917449,0.041420,0.393654,-22.689775,5.055559,3.509986,-0.093399,0.864486,-0.077251,0.487824,-0.951251,87.028191,21.098772,-0.014222,0.860258,-0.084484,0.502609,2.258562,50.849579,29.473818,-0.036707,0.803132,0.050666,0.592507,-0.600811,4.246449,37.024982,-0.040103,0.917449,0.041420,0.393654,-12.516719,0.761939,-5.876964,-0.036707,0.803132,0.050666,0.592507,12.691419,0.189777,32.913883
439,3.658333,-0.007901,0.874134,0.036321,0.484261,-5.649934,87.215309,13.576370,-0.064955,0.859205,0.123282,0.492290,-6.006066,94.464767,13.982347,-0.025704,0.862177,0.106079,0.494709,-8.932905,106.538048,15.840096,0.024937,0.909811,-0.062994,0.409455,-11.171420,121.176323,18.201685,0.031250,0.944277,-0.065985,0.320952,-8.523568,134.551926,15.742734,-0.015501,0.789140,0.239932,0.565200,-13.107863,115.731071,14.826219,0.234861,-0.334297,0.218270,-0.886253,-19.388718,120.028778,-0.840017,0.229428,0.398679,-0.425180,-0.779512,-2.369918,106.440102,-13.082269,0.325620,0.457722,-0.327226,-0.759859,3.826622,122.789719,-4.838456,-0.139966,0.893283,0.180432,0.387168,-9.497221,115.301132,20.913666,0.330921,0.870927,0.147548,-0.331974,2.015763,117.222992,33.840694,-0.097478,0.237027,0.508587,-0.821983,16.020626,105.269669,16.954414,0.023531,0.044032,0.461411,-0.885781,8.593278,122.966049,11.127810,0.074860,0.867374,0.074561,0.486312,-10.356146,87.404716,6.065766,0.070589,0.874376,-0.098137,0.469951,-12.493524,50.963116,-1.469325,-0.039954,0.917409,0.041626,0.393740,-22.694700,5.048046,3.509679,-0.093306,0.864442,-0.077437,0.487891,-0.943721,87.025902,21.086975,-0.013645,0.859948,-0.084578,0.503140,2.252677,50.848137,29.470816,-0.037318,0.802592,0.050353,0.593226,-0.662804,4.244983,37.000320,-0.039954,0.917409,0.041626,0.393740,-12.520610,0.758012,-5.877790,-0.037318,0.802592,0.050353,0.593226,12.639467,0.191409,32.918755
440,3.666667,-0.007870,0.874097,0.036280,0.484331,-5.650126,87.215088,13.567016,-0.064941,0.859187,0.123200,0.492344,-6.005608,94.464592,13.972666,-0.025677,0.862165,0.105945,0.494761,-8.931067,106.537605,15.828538,0.024734,0.909641,-0.064054,0.409681,-11.167067,121.176781,18.186989,0.031559,0.944050,-0.065545,0.321680,-8.511660,134.545868,15.700830,-0.015454,0.789001,0.239994,0.565369,-13.104189,115.731216,14.812407,0.234902,-0.334317,0.218437,-0.886193,-19.378448,120.032921,-0.855373,0.229492,0.398713,-0.425098,-0.779522,-2.363963,106.436577,-13.095112,0.325598,0.457631,-0.327125,-0.759966,3.834446,122.785690,-4.850207,-0.140018,0.893202,0.180449,0.387330,-9.494253,115.301811,20.900309,0.330991,0.870957,0.147528,-0.331835,2.013855,117.223648,33.831680,-0.097546,0.237138,0.508645,-0.821907,16.021029,105.265465,16.950760,0.023505,0.044148,0.461512,-0.885723,8.598321,122.962891,11.122963,0.074854,0.867410,0.074463,0.486263,-10.355145,87.404678,6.055669,0.070546,0.874274,-0.098195,0.470134,-12.496217,50.961922,-1.472797,-0.039752,0.917362,0.041920,0.393840,-22.697433,5.047357,3.510757,-0.093337,0.864467,-0.077409,0.487845,-0.945105,87.025497,21.078362,-0.013733,0.860167,-0.084955,0.502699,2.254727,50.847836,29.461327,-0.037390,0.803018,0.050031,0.592672,-0.667725,4.250950,37.026901,-0.039752,0.917362,0.041920,0.393840,-12.522274,0.762527,-5.877930,-0.037390,0.803018,0.050031,0.592672,12.627985,0.191352,32.929974
441,3.675000,-0.007540,0.874081,0.036161,0.484374,-5.654404,87.211502,13.555519,-0.064844,0.859148,0.123181,0.492429,-6.004883,94.461205,13.961961,-0.025642,0.862119,0.105864,0.494860,-8.928806,106.537094,15.818761,0.024305,0.909562,-0.064151,0.409866,-11.162979,121.176826,18.175406,0.031933,0.943888,-0.065670,0.322093,-8.516372,134.546463,15.682840,-0.015203,0.789267,0.239712,0.565123,-13.100243,115.731277,14.800900,0.231727,-0.333561,0.219765,-0.886986,-19.384445,120.032120,-0.863130,0.228278,0.397672,-0.425632,-0.780118,-2.373803,106.430069,-13.101855,0.325733,0.457597,-0.327007,-0.759980,3.840677,122.781418,-4.861797,-0.140016,0.893147,0.180425,0.387468,-9.491685,115.301849,20.889618,0.331251,0.870888,0.147545,-0.331749,2.012699,117.222809,33.824432,-0.097663,0.237325,0.508914,-0.821672,16.014088,105.254074,16.946199,0.023431,0.044333,0.461428,-0.885760,8.604798,122.960159,11.117024,0.074807,0.867336,0.074405,0.486412,-10.358782,87.405197,6.043875,0.070528,0.874192,-0.098276,0.470272,-12.497677,50.961273,-1.479535,-0.039790,0.917340,0.041904,0.393888,-22.701752,5.047977,3.509848,-0.093435,0.864438,-0.077444,0.487872,-0.950026,87.017807,21.067163,-0.013761,0.860156,-0.085025,0.502706,2.254436,50.841915,29.456007,-0.037185,0.803043,0.050319,0.592628,-0.669147,4.246235,37.028545,-0.039790,0.917340,0.041904,0.393888,-12.525338,0.763208,-5.877507,-0.037185,0.803043,0.050319,0.592628,12.626040,0.189694,32.926895
442,3.683333,-0.007490,0.874036,0.036223,0.484452,-5.650912,87.211815,13.544087,-0.064782,0.859086,0.123199,0.492540,-6.001226,94.461456,13.951651,-0.025735,0.862035,0.105915,0.494990,-8.923787,106.535469,15.808905,0.024200,0.909575,-0.063467,0.409951,-11.161469,121.174744,18.165117,0.032209,0.943871,-0.066290,0.321987,-8.524658,134.549255,15.688456,-0.014530,0.789990,0.238949,0.564453,-13.096619,115.728889,14.789876,0.231905,-0.333473,0.219472,-0.887045,-19.407887,120.027306,-0.863938,0.228562,0.397299,-0.425277,-0.780418,-2.387857,106.435646,-13.101172,0.325886,0.457600,-0.327023,-0.759906,3.848173,122.778145,-4.871372,-0.139930,0.893121,0.180328,0.387603,-9.489952,115.300011,20.879755,0.331339,0.870877,0.147978,-0.331497,2.011638,117.218628,33.817402,-0.097695,0.237365,0.508991,-0.821609,16.018476,105.251564,16.942492,0.023384,0.044570,0.461191,-0.885872,8.613581,122.958122,11.113958,0.074820,0.867345,0.074272,0.486414,-10.353963,87.406891,6.031648,0.070542,0.874309,-0.098392,0.470029,-12.498517,50.961632,-1.483682,-0.039531,0.917342,0.041936,0.393906,-22.707478,5.050695,3.517394,-0.093422,0.864419,-0.077543,0.487893,-0.947862,87.016731,21.056526,-0.013795,0.860079,-0.085052,0.502832,2.251984,50.841801,29.451284,-0.038165,0.802973,0.049465,0.592732,-0.671168,4.246643,37.027203,-0.039531,0.917342,0.041936,0.393906,-12.532910,0.763820,-5.871001,-0.038165,0.802973,0.049465,0.592732,12.627968,0.187200,32.941257
443,3.691667,-0.007189,0.874037,0.036118,0.484461,-5.655829,87.217552,13.536002,-0.064705,0.859051,0.123109,0.492635,-6.001587,94.467377,13.944348,-0.025695,0.861974,0.105934,0.495095,-8.920214,106.536377,15.799479,0.024207,0.909486,-0.063572,0.410133,-11.157422,121.175591,18.156521,0.032344,0.943752,-0.066522,0.322275,-8.518555,134.549393,15.678162,-0.014551,0.789895,0.238975,0.564575,-13.092168,115.730194,14.780329,0.231752,-0.333469,0.219571,-0.887062,-19.398628,120.029579,-0.875154,0.228573,0.397369,-0.425189,-0.780427,-2.380636,106.435944,-13.113035,0.326044,0.457596,-0.326918,-0.759885,3.856316,122.777245,-4.880092,-0.139958,0.893076,0.180300,0.387710,-9.486946,115.300491,20.871004,0.331385,0.870895,0.148111,-0.331345,2.011466,117.219452,33.811424,-0.097765,0.237441,0.509042,-0.821547,16.021818,105.251183,16.940304,0.023329,0.044714,0.461235,-0.885844,8.620542,122.958923,11.111526,0.074703,0.867266,0.074217,0.486581,-10.358789,87.416389,6.023605,0.070576,0.874440,-0.098377,0.469783,-12.496460,50.969231,-1.484460,-0.039446,0.917343,0.041825,0.393925,-22.706112,5.058458,3.516727,-0.093509,0.864341,-0.077533,0.488016,-0.952869,87.018707,21.048399,-0.013847,0.860091,-0.085086,0.502804,2.251658,50.844883,29.446121,-0.037876,0.802831,0.049987,0.592899,-0.668622,4.250401,37.027336,-0.039446,0.917343,0.041825,0.393925,-12.532282,0.767808,-5.870739,-0.037876,0.802831,0.049987,0.592899,12.632622,0.197878,32.941376
444,3.700000,-0.007239,0.874008,0.036214,0.484506,-5.649564,87.218056,13.525584,-0.064724,0.859006,0.123096,0.492714,-5.996659,94.467766,13.934777,-0.025735,0.861913,0.106052,0.495174,-8.916250,106.539032,15.789454,0.024767,0.909367,-0.063662,0.410347,-11.156437,121.177437,18.148682,0.032259,0.943650,-0.066855,0.322514,-8.501865,134.549072,15.675386,-0.014545,0.789755,0.238920,0.564795,-13.089578,115.732315,14.771128,0.231686,-0.333471,0.219701,-0.887046,-19.387392,120.032692,-0.887562,0.228651,0.397474,-0.425116,-0.780391,-2.372351,106.434540,-13.124508,0.326186,0.457699,-0.326786,-0.759819,3.863761,122.775139,-4.889647,-0.139962,0.893045,0.180289,0.387785,-9.485492,115.302147,20.862440,0.331401,0.870937,0.148238,-0.331161,2.010877,117.220749,33.804726,-0.097823,0.237508,0.509014,-0.821539,16.026793,105.251816,16.938692,0.023151,0.044824,0.461458,-0.885726,8.625676,122.959076,11.108910,0.074752,0.867240,0.074079,0.486641,-10.351751,87.416969,6.012706,0.070555,0.874334,-0.098467,0.469964,-12.497103,50.968838,-1.488441,-0.039544,0.917330,0.041768,0.393952,-22.709995,5.059454,3.518896,-0.093520,0.864325,-0.077643,0.488025,-0.947377,87.019135,21.038462,-0.013871,0.859970,-0.085111,0.503006,2.253657,50.846718,29.443613,-0.037437,0.802976,0.050161,0.592715,-0.667665,4.252705,37.027264,-0.039544,0.917330,0.041768,0.393952,-12.534896,0.768485,-5.867048,-0.037437,0.802976,0.050161,0.592715,12.629440,0.196803,32.931213
445,3.708333,-0.007255,0.873976,0.036234,0.484562,-5.645569,87.217880,13.516145,-0.064737,0.858932,0.123143,0.492830,-5.993020,94.467567,13.925448,-0.025686,0.861838,0.106021,0.495314,-8.914148,106.540359,15.780852,0.024727,0.909278,-0.063554,0.410565,-11.153010,121.179031,18.139662,0.032532,0.943508,-0.067304,0.322808,-8.499755,134.551498,15.669518,-0.014573,0.789722,0.238840,0.564874,-13.085876,115.734245,14.761415,0.231645,-0.333461,0.219766,-0.887044,-19.380533,120.032944,-0.899002,0.228708,0.397419,-0.425031,-0.780448,-2.366586,106.432709,-13.135153,0.326194,0.457759,-0.326690,-0.759821,3.874389,122.773026,-4.900777,-0.139871,0.893027,0.180269,0.387869,-9.483719,115.303459,20.853823,0.331362,0.870989,0.148336,-0.331018,2.011260,117.218903,33.797806,-0.098219,0.237978,0.509084,-0.821312,16.033182,105.251350,16.935795,0.022929,0.045339,0.460238,-0.886341,8.643438,122.962975,11.100721,0.074783,0.867212,0.073996,0.486698,-10.346788,87.416763,6.002662,0.070519,0.874224,-0.098555,0.470155,-12.496702,50.968040,-1.494342,-0.039772,0.917330,0.041693,0.393935,-22.711636,5.059829,3.519593,-0.093525,0.864294,-0.077688,0.488071,-0.944349,87.018997,21.029627,-0.013875,0.859980,-0.085171,0.502979,2.254960,50.847191,29.438023,-0.037438,0.802954,0.050235,0.592739,-0.668664,4.254165,37.026848,-0.039772,0.917330,0.041693,0.393935,-12.535049,0.769539,-5.865047,-0.037438,0.802954,0.050235,0.592739,12.629040,0.199934,32.931099
446,3.716667,-0.007219,0.873913,0.036181,0.484681,-5.641898,87.216888,13.506943,-0.064908,0.858812,0.123178,0.493006,-5.988586,94.466637,13.915783,-0.025533,0.861745,0.105961,0.495496,-8.914523,106.540009,15.769378,0.024767,0.909158,-0.063498,0.410836,-11.149045,121.179306,18.128466,0.032694,0.943351,-0.067643,0.323179,-8.494326,134.552048,15.661316,-0.014560,0.789663,0.238771,0.564985,-13.082583,115.735458,14.749072,0.231586,-0.333379,0.219835,-0.887073,-19.372889,120.034134,-0.913103,0.228721,0.397395,-0.424950,-0.780501,-2.357741,106.432449,-13.145977,0.326092,0.457851,-0.326772,-0.759774,3.887037,122.772217,-4.910475,-0.139856,0.893004,0.180252,0.387935,-9.482876,115.302917,20.842808,0.331375,0.871037,0.148360,-0.330870,2.010471,117.217590,33.788361,-0.098068,0.237667,0.509045,-0.821444,16.036892,105.248024,16.931511,0.023063,0.045103,0.461574,-0.885654,8.639691,122.958229,11.102236,0.074787,0.867175,0.073909,0.486777,-10.341081,87.415955,5.992190,0.070543,0.874295,-0.098589,0.470012,-12.493737,50.966335,-1.499626,-0.039696,0.917321,0.041765,0.393957,-22.711267,5.059070,3.517644,-0.093441,0.864248,-0.077793,0.488152,-0.942715,87.017822,21.021696,-0.013929,0.859747,-0.084877,0.503425,2.246534,50.846046,29.434050,-0.037857,0.802575,0.050117,0.593236,-0.662606,4.248428,37.000225,-0.039696,0.917321,0.041765,0.393957,-12.534717,0.769760,-5.867486,-0.037857,0.802575,0.050117,0.593236,12.642479,0.198512,32.924206
447,3.725000,-0.007144,0.873874,0.036101,0.484757,-5.640171,87.217056,13.497164,-0.064857,0.858802,0.123053,0.493062,-5.985371,94.466904,13.905485,-0.025536,0.861723,0.105939,0.495538,-8.908319,106.539169,15.756585,0.024880,0.909106,-0.063124,0.411003,-11.142709,121.178589,18.114981,0.032941,0.943234,-0.068175,0.323383,-8.488672,134.553513,15.658969,-0.014553,0.789605,0.238817,0.565048,-13.076061,115.734688,14.735585,0.231680,-0.333429,0.219864,-0.887023,-19.363901,120.034996,-0.927137,0.228825,0.397660,-0.424763,-0.780437,-2.351028,106.430450,-13.159993,0.326227,0.457811,-0.326624,-0.759804,3.891359,122.766472,-4.917992,-0.139878,0.892925,0.180243,0.388112,-9.476936,115.302254,20.829674,0.331405,0.871075,0.148423,-0.330711,2.011410,117.216240,33.779770,-0.098468,0.238131,0.509126,-0.821212,16.042057,105.244576,16.927935,0.022760,0.045575,0.460262,-0.886321,8.656651,122.959290,11.093767,0.074829,0.867076,0.073859,0.486954,-10.338056,87.416656,5.981611,0.070488,0.874198,-0.098700,0.470178,-12.493723,50.966942,-1.508914,-0.040170,0.917332,0.041587,0.393902,-22.712543,5.061016,3.517979,-0.093425,0.864220,-0.077825,0.488200,-0.942286,87.017456,21.012716,-0.013974,0.859733,-0.084924,0.503440,2.244322,50.845837,29.426744,-0.037750,0.802551,0.050115,0.593275,-0.663533,4.249090,36.998775,-0.040170,0.917332,0.041587,0.393902,-12.533376,0.772532,-5.864691,-0.037750,0.802551,0.050115,0.593275,12.641168,0.197343,32.923313
448,3.733333,-0.007064,0.873847,0.036158,0.484803,-5.637402,87.218559,13.487723,-0.064862,0.858767,0.122927,0.493154,-5.982006,94.468369,13.897318,-0.025578,0.861670,0.105920,0.495633,-8.903590,106.540810,15.745285,0.024963,0.908945,-0.063212,0.411339,-11.139056,121.180298,18.102310,0.033091,0.943006,-0.068446,0.323975,-8.480653,134.554398,15.646574,-0.014573,0.789541,0.238805,0.565142,-13.071439,115.736115,14.722797,0.231303,-0.333302,0.220036,-0.887126,-19.355556,120.036446,-0.941406,0.228747,0.397602,-0.424673,-0.780538,-2.342230,106.430901,-13.172509,0.326221,0.458014,-0.326755,-0.759628,3.905609,122.766113,-4.927649,-0.139794,0.892866,0.180243,0.388279,-9.473684,115.304184,20.817726,0.331343,0.871143,0.148373,-0.330617,2.010962,117.214241,33.771683,-0.098730,0.238296,0.509083,-0.821159,16.046806,105.242645,16.924126,0.022495,0.045833,0.460359,-0.886263,8.662536,122.958687,11.090007,0.074768,0.867090,0.073821,0.486944,-10.334520,87.419930,5.971741,0.070535,0.874149,-0.098778,0.470246,-12.487772,50.969112,-1.514108,-0.040047,0.917305,0.041534,0.393982,-22.714216,5.065265,3.516243,-0.093397,0.864173,-0.077860,0.488282,-0.940284,87.017189,21.003706,-0.014023,0.859636,-0.084998,0.503591,2.242414,50.845573,29.419241,-0.039113,0.802564,0.049023,0.593261,-0.666380,4.250154,36.999084,-0.040047,0.917305,0.041534,0.393982,-12.534690,0.774104,-5.864813,-0.039113,0.802564,0.049023,0.593261,12.642670,0.196569,32.939690
449,3.741667,-0.007048,0.873795,0.036194,0.484895,-5.631436,87.219933,13.477850,-0.064842,0.858689,0.122936,0.493291,-5.976140,94.469704,13.887972,-0.025562,0.861581,0.105955,0.495781,-8.897486,106.541336,15.735795,0.024830,0.908806,-0.063046,0.411679,-11.133454,121.180618,18.093571,0.033377,0.942774,-0.068929,0.324519,-8.478821,134.556213,15.641865,-0.014650,0.789436,0.238859,0.565263,-13.064805,115.736816,14.712843,0.231155,-0.333296,0.220085,-0.887155,-19.344074,120.037163,-0.953302,0.228725,0.397735,-0.424581,-0.780527,-2.331650,106.431641,-13.185700,0.326143,0.458197,-0.326421,-0.759694,3.915151,122.764763,-4.935853,-0.139809,0.892821,0.180200,0.388397,-9.469120,115.304199,20.808945,0.331355,0.871172,0.148552,-0.330448,2.012177,117.214325,33.765858,-0.098804,0.238310,0.509088,-0.821143,16.053177,105.243408,16.922123,0.022395,0.045911,0.460377,-0.886253,8.669296,122.960213,11.089128,0.074802,0.867009,0.073699,0.487102,-10.326986,87.421906,5.960903,0.070540,0.874165,-0.098822,0.470206,-12.485516,50.970139,-1.518765,-0.040253,0.917305,0.041455,0.393972,-22.714037,5.067173,3.515414,-0.093429,0.864162,-0.077866,0.488295,-0.935885,87.017952,20.994797,-0.014095,0.859754,-0.085350,0.503329,2.248516,50.846863,29.411957,-0.038469,0.802996,0.049126,0.592710,-0.668865,4.257295,37.024391,-0.040253,0.917305,0.041455,0.393972,-12.533111,0.776326,-5.864267,-0.038469,0.802996,0.049126,0.592710,12.630588,0.195284,32.942036
450,3.750000,-0.007112,0.873753,0.036255,0.484964,-5.623375,87.220795,13.467905,-0.064639,0.858498,0.123134,0.493600,-5.969356,94.470490,13.878325,-0.025738,0.861333,0.105741,0.496247,-8.891125,106.548500,15.732900,0.025003,0.908506,-0.063253,0.412299,-11.129749,121.188866,18.081383,0.033535,0.942486,-0.069248,0.325270,-8.466080,134.562607,15.629317,-0.014595,0.789432,0.238782,0.565303,-13.057362,115.743484,14.701082,0.231162,-0.333270,0.220188,-0.887137,-19.335106,120.044151,-0.965585,0.228800,0.397777,-0.424448,-0.780556,-2.324076,106.434441,-13.195273,0.326061,0.458313,-0.326343,-0.759693,3.925533,122.764824,-4.944119,-0.139676,0.892828,0.180345,0.388362,-9.468369,115.313721,20.801327,0.331367,0.871226,0.148631,-0.330258,2.015178,117.218002,33.757103,-0.098917,0.238314,0.509089,-0.821127,16.062056,105.245567,16.919352,0.022388,0.046001,0.460249,-0.886315,8.678356,122.963074,11.088711,0.074825,0.866985,0.073605,0.487156,-10.317715,87.422356,5.950192,0.070541,0.874037,-0.098959,0.470416,-12.480694,50.969803,-1.524392,-0.040083,0.917279,0.041472,0.394046,-22.716604,5.069435,3.518477,-0.093407,0.864106,-0.077969,0.488381,-0.929035,87.019234,20.985619,-0.014122,0.859660,-0.085348,0.503489,2.249322,50.849037,29.408888,-0.038173,0.802950,0.049459,0.592764,-0.667158,4.259512,37.021927,-0.040083,0.917279,0.041472,0.394046,-12.535639,0.777149,-5.860500,-0.038173,0.802950,0.049459,0.592764,12.632315,0.200056,32.937096
451,3.758333,-0.007108,0.873706,0.036210,0.485053,-5.618527,87.220909,13.460241,-0.064656,0.858467,0.123065,0.493668,-5.964176,94.470650,13.870080,-0.025743,0.861305,0.105683,0.496309,-8.885792,106.549797,15.722868,0.025388,0.908186,-0.063986,0.412868,-11.123859,121.190536,18.069632,0.033531,0.942071,-0.069276,0.326464,-8.440283,134.558273,15.606597,-0.014502,0.789387,0.238734,0.565388,-13.051330,115.744934,14.689586,0.231407,-0.333301,0.220153,-0.887070,-19.325840,120.047966,-0.977729,0.228947,0.397910,-0.424312,-0.780520,-2.315073,106.436111,-13.205385,0.326080,0.458328,-0.326380,-0.759660,3.934783,122.764877,-4.952139,-0.139605,0.892757,0.180335,0.388555,-9.463210,115.315544,20.790371,0.331304,0.871286,0.148684,-0.330139,2.015809,117.216179,33.750690,-0.099126,0.238393,0.509099,-0.821073,16.068701,105.245499,16.916708,0.022285,0.046107,0.460194,-0.886340,8.686707,122.964905,11.088173,0.074815,0.866961,0.073544,0.487209,-10.311341,87.422203,5.941569,0.070561,0.874003,-0.099039,0.470458,-12.475492,50.968872,-1.528858,-0.040176,0.917277,0.041453,0.394044,-22.716743,5.070266,3.519188,-0.093437,0.864079,-0.077998,0.488419,-0.925713,87.019608,20.978912,-0.014111,0.859588,-0.085400,0.503603,2.253114,50.850170,29.405235,-0.038416,0.802943,0.049200,0.592778,-0.667758,4.261455,37.021530,-0.040176,0.917277,0.041453,0.394044,-12.535045,0.778569,-5.859263,-0.038416,0.802943,0.049200,0.592778,12.632352,0.200213,32.940544
452,3.766667,-0.007090,0.873664,0.036179,0.485130,-5.614388,87.221153,13.451688,-0.064652,0.858412,0.123045,0.493771,-5.959638,94.470932,13.861236,-0.025715,0.861248,0.105621,0.496423,-8.880763,106.548630,15.713070,0.025550,0.907952,-0.063956,0.413378,-11.117511,121.189796,18.058392,0.033630,0.941726,-0.069688,0.327361,-8.428246,134.557281,15.600199,-0.014385,0.789382,0.238620,0.565446,-13.044846,115.744255,14.678194,0.231506,-0.333303,0.220132,-0.887049,-19.317190,120.048729,-0.989592,0.229070,0.398021,-0.424237,-0.780467,-2.306010,106.436371,-13.216125,0.326252,0.458352,-0.326306,-0.759603,3.942986,122.765137,-4.961567,-0.139650,0.892694,0.180375,0.388663,-9.458305,115.314758,20.779902,0.331221,0.871363,0.148549,-0.330079,2.017330,117.215286,33.743240,-0.099075,0.238143,0.508976,-0.821228,16.074923,105.244255,16.913431,0.022267,0.045905,0.461605,-0.885617,8.683135,122.961380,11.090101,0.074818,0.866916,0.073489,0.487297,-10.305877,87.422523,5.932189,0.070560,0.873898,-0.099140,0.470633,-12.471476,50.968616,-1.535050,-0.040086,0.917278,0.041397,0.394057,-22.718027,5.071878,3.519181,-0.093454,0.864075,-0.078007,0.488421,-0.922900,87.019783,20.971188,-0.014101,0.859555,-0.085462,0.503649,2.256662,50.850689,29.398722,-0.038435,0.802888,0.049121,0.592859,-0.668394,4.262960,37.019424,-0.040086,0.917278,0.041397,0.394057,-12.537053,0.777743,-5.858943,-0.038435,0.802888,0.049121,0.592859,12.632280,0.200300,32.941692
453,3.775000,-0.007020,0.873606,0.036090,0.485243,-5.611572,87.219452,13.443419,-0.064633,0.858369,0.123046,0.493846,-5.955352,94.469337,13.852283,-0.025707,0.861209,0.105650,0.496485,-8.876101,106.546494,15.704025,0.025317,0.907931,-0.062987,0.413585,-11.113230,121.187500,18.050039,0.034080,0.941566,-0.070677,0.327563,-8.439662,134.562134,15.613728,-0.014418,0.789280,0.238594,0.565598,-13.040068,115.742172,14.669190,0.231485,-0.333352,0.220119,-0.887039,-19.306358,120.046547,-1.001045,0.229019,0.398144,-0.424178,-0.780452,-2.296540,106.434647,-13.229974,0.326269,0.458262,-0.326302,-0.759652,3.950232,122.760704,-4.971078,-0.139640,0.892651,0.180263,0.388819,-9.454393,115.312279,20.771378,0.331128,0.871451,0.148256,-0.330072,2.017136,117.212830,33.738346,-0.099326,0.238417,0.508988,-0.821111,16.078060,105.239525,16.912933,0.022116,0.045942,0.461635,-0.885603,8.691565,122.959076,11.086561,0.074795,0.866860,0.073451,0.487407,-10.301135,87.421211,5.922732,0.070575,0.873939,-0.099196,0.470543,-12.465717,50.966633,-1.541483,-0.040095,0.917283,0.041401,0.394045,-22.715425,5.071139,3.517686,-0.093402,0.864000,-0.078033,0.488560,-0.922008,87.017693,20.964108,-0.014179,0.859593,-0.085378,0.503596,2.251901,50.848175,29.391945,-0.037662,0.802686,0.049561,0.593144,-0.662370,4.259297,37.009777,-0.040095,0.917283,0.041401,0.394045,-12.534602,0.777196,-5.860688,-0.037662,0.802686,0.049561,0.593144,12.637721,0.193677,32.933094
454,3.783333,-0.006997,0.873543,0.035946,0.485367,-5.608759,87.220848,13.435022,-0.064184,0.858298,0.122942,0.494054,-5.951282,94.470894,13.842175,-0.026079,0.861032,0.105598,0.496782,-8.859200,106.540298,15.695190,0.025641,0.907667,-0.062800,0.414172,-11.105971,121.181046,18.033525,0.034204,0.941272,-0.071193,0.328283,-8.424163,134.556000,15.608053,-0.014270,0.789337,0.238707,0.565476,-13.027294,115.733322,14.653415,0.231560,-0.333282,0.219995,-0.887077,-19.298571,120.042953,-1.013379,0.229034,0.398124,-0.424233,-0.780427,-2.283689,106.435684,-13.240403,0.326161,0.458460,-0.326416,-0.759530,3.962206,122.764030,-4.982747,-0.139699,0.892561,0.180255,0.389007,-9.446079,115.307823,20.758530,0.331086,0.871504,0.148291,-0.329958,2.019766,117.208687,33.730473,-0.099474,0.238460,0.508989,-0.821080,16.085840,105.236053,16.908878,0.022039,0.046017,0.461747,-0.885543,8.699978,122.957191,11.084233,0.074750,0.866892,0.073416,0.487361,-10.296190,87.421822,5.912985,0.070583,0.873963,-0.099251,0.470485,-12.459576,50.966366,-1.547299,-0.040067,0.917320,0.041334,0.393968,-22.712076,5.072027,3.516725,-0.093429,0.863986,-0.077970,0.488591,-0.921329,87.019875,20.957060,-0.014237,0.859481,-0.085469,0.503771,2.256304,50.849991,29.381958,-0.038504,0.802822,0.048961,0.592956,-0.659112,4.262728,37.009247,-0.040067,0.917320,0.041334,0.393968,-12.533243,0.776022,-5.862862,-0.038504,0.802822,0.048961,0.592956,12.642254,0.197620,32.936211
455,3.791667,-0.006910,0.873481,0.035842,0.485488,-5.607036,87.221375,13.426839,-0.064481,0.858259,0.123066,0.494054,-5.947775,94.471550,13.833242,-0.025752,0.861084,0.105635,0.496701,-8.865653,106.547783,15.686428,0.025418,0.907532,-0.062850,0.414474,-11.104313,121.188805,18.030815,0.034735,0.940907,-0.071874,0.329123,-8.426237,134.564072,15.602917,-0.014384,0.789219,0.238366,0.565780,-13.029310,115.743324,14.649177,0.231360,-0.333249,0.220094,-0.887117,-19.288462,120.045685,-1.024461,0.228926,0.398095,-0.424301,-0.780437,-2.274668,106.437325,-13.251787,0.326115,0.458474,-0.326389,-0.759553,3.970017,122.766281,-4.993546,-0.139557,0.892590,0.180275,0.388984,-9.446714,115.313721,20.753191,0.331173,0.871517,0.148404,-0.329787,2.021147,117.210175,33.723995,-0.099554,0.238552,0.509033,-0.821016,16.089989,105.234146,16.907129,0.021870,0.046171,0.461892,-0.885463,8.707670,122.956619,11.081883,0.074610,0.866873,0.073412,0.487417,-10.292411,87.422890,5.903536,0.070685,0.873994,-0.099325,0.470396,-12.446505,50.965836,-1.551611,-0.039872,0.917321,0.041354,0.393983,-22.710091,5.074244,3.514813,-0.093505,0.863937,-0.077850,0.488681,-0.921660,87.019867,20.950142,-0.014178,0.859387,-0.085728,0.503888,2.264393,50.849659,29.370436,-0.037606,0.802821,0.049339,0.592984,-0.669237,4.266435,37.015373,-0.039872,0.917321,0.041354,0.393983,-12.532650,0.776533,-5.865502,-0.037606,0.802821,0.049339,0.592984,12.627784,0.194913,32.934578
456,3.800000,-0.006920,0.873427,0.035873,0.485582,-5.598230,87.221138,13.418523,-0.064568,0.858207,0.123080,0.494128,-5.939371,94.471275,13.825210,-0.025599,0.861059,0.105647,0.496749,-8.860265,106.550514,15.677852,0.025150,0.907317,-0.062812,0.414968,-11.095281,121.191696,18.024721,0.035114,0.940480,-0.072465,0.330171,-8.422301,134.567993,15.596861,-0.014491,0.789146,0.238351,0.565886,-13.021443,115.747330,14.641951,0.231301,-0.333284,0.220067,-0.887126,-19.276318,120.047394,-1.034029,0.228849,0.398095,-0.424308,-0.780456,-2.263102,106.440689,-13.264012,0.326145,0.458391,-0.326519,-0.759534,3.981457,122.769188,-5.004187,-0.139553,0.892529,0.180229,0.389146,-9.439422,115.315689,20.746159,0.331244,0.871517,0.148578,-0.329636,2.024093,117.211342,33.720924,-0.099602,0.238640,0.509122,-0.820930,16.095551,105.233940,16.907230,0.021740,0.046207,0.462071,-0.885371,8.718622,122.958199,11.081286,0.074629,0.866866,0.073319,0.487441,-10.281976,87.422821,5.894209,0.070690,0.873960,-0.099404,0.470443,-12.440483,50.964962,-1.555742,-0.040010,0.917326,0.041308,0.393961,-22.708170,5.074915,3.516369,-0.093551,0.863903,-0.077921,0.488720,-0.914484,87.019455,20.942835,-0.014190,0.859497,-0.085664,0.503712,2.271532,50.850708,29.369432,-0.038300,0.802831,0.049046,0.592950,-0.656516,4.266474,37.010353,-0.040010,0.917326,0.041308,0.393961,-12.530067,0.777615,-5.863418,-0.038300,0.802831,0.049046,0.592950,12.643734,0.199890,32.935162
457,3.808333,-0.006863,0.873378,0.035832,0.485675,-5.593282,87.221870,13.411522,-0.064146,0.858111,0.122890,0.494398,-5.933453,94.472054,13.818055,-0.025982,0.860832,0.105685,0.497116,-8.841774,106.546364,15.669969,0.025150,0.906965,-0.062693,0.415755,-11.088223,121.186707,18.011108,0.035420,0.940020,-0.073026,0.331323,-8.413460,134.563797,15.589635,-0.014440,0.789064,0.238625,0.565886,-13.007781,115.740295,14.627886,0.231224,-0.333240,0.220060,-0.887164,-19.262699,120.047188,-1.046202,0.228740,0.398168,-0.424453,-0.780372,-2.247867,106.442169,-13.275805,0.326139,0.458312,-0.326520,-0.759585,3.990024,122.773506,-5.014093,-0.139563,0.892444,0.180096,0.389400,-9.431209,115.312424,20.735554,0.331185,0.871568,0.148747,-0.329485,2.025315,117.208168,33.716480,-0.099793,0.238731,0.509134,-0.820872,16.103706,105.234146,16.906176,0.021639,0.046422,0.462053,-0.885372,8.729211,122.959427,11.081866,0.074560,0.866859,0.073305,0.487465,-10.275441,87.424149,5.886236,0.070754,0.873958,-0.099510,0.470415,-12.429802,50.965363,-1.560380,-0.039883,0.917324,0.041301,0.393979,-22.707287,5.078187,3.517834,-0.093622,0.863907,-0.077979,0.488690,-0.911123,87.019585,20.936808,-0.014009,0.859293,-0.085507,0.504092,2.277546,50.852501,29.369539,-0.037758,0.802360,0.049318,0.593600,-0.661132,4.265255,36.987961,-0.039883,0.917324,0.041301,0.393979,-12.529982,0.779258,-5.862074,-0.037758,0.802360,0.049318,0.593600,12.642995,0.195795,32.928307
458,3.816667,-0.006824,0.873324,0.035797,0.485775,-5.588411,87.221909,13.403019,-0.063921,0.858025,0.122945,0.494563,-5.927886,94.472137,13.809344,-0.026208,0.860690,0.105722,0.497342,-8.832474,106.547150,15.664744,0.025397,0.906682,-0.062419,0.416397,-11.085935,121.186913,18.002844,0.035647,0.939622,-0.073865,0.332242,-8.405628,134.565125,15.593746,-0.014456,0.789006,0.238533,0.566006,-13.001442,115.739349,14.619171,0.231349,-0.333298,0.219944,-0.887139,-19.251627,120.045021,-1.057142,0.228745,0.398339,-0.424481,-0.780268,-2.236156,106.442657,-13.288820,0.326208,0.458207,-0.326356,-0.759689,3.994714,122.772537,-5.024989,-0.139544,0.892435,0.180129,0.389411,-9.428211,115.313576,20.728945,0.331354,0.871532,0.149207,-0.329200,2.028202,117.208206,33.710136,-0.099817,0.238764,0.509258,-0.820783,16.110363,105.232880,16.903929,0.021454,0.046515,0.461874,-0.885465,8.742035,122.959602,11.080748,0.074639,0.866623,0.073426,0.487855,-10.268874,87.424561,5.876687,0.070690,0.873794,-0.099775,0.470672,-12.420523,50.967987,-1.581521,-0.039726,0.917340,0.041134,0.393976,-22.705818,5.084949,3.518218,-0.093702,0.863899,-0.077942,0.488696,-0.907949,87.019257,20.929352,-0.014014,0.859511,-0.085780,0.503672,2.287083,50.852852,29.362579,-0.038378,0.802537,0.048923,0.593354,-0.660447,4.270041,37.004681,-0.039726,0.917340,0.041134,0.393976,-12.530488,0.780033,-5.861090,-0.038378,0.802537,0.048923,0.593354,12.643785,0.202031,32.943909
459,3.825000,-0.006811,0.873233,0.035674,0.485947,-5.581907,87.220093,13.394581,-0.063963,0.857954,0.123090,0.494644,-5.920421,94.470451,13.799373,-0.026211,0.860650,0.105740,0.497406,-8.828261,106.546112,15.657293,0.025513,0.906475,-0.062221,0.416870,-11.082232,121.185753,17.995626,0.036022,0.939241,-0.074790,0.333069,-8.399418,134.564941,15.594777,-0.014462,0.788928,0.238482,0.566136,-12.997171,115.738312,14.611453,0.231414,-0.333304,0.219848,-0.887143,-19.242245,120.043907,-1.066913,0.228716,0.398300,-0.424531,-0.780269,-2.224858,106.444618,-13.299340,0.326057,0.458365,-0.326502,-0.759596,4.005916,122.776184,-5.036178,-0.139518,0.892416,0.180103,0.389475,-9.424855,115.312340,20.721745,0.331277,0.871622,0.148860,-0.329197,2.030058,117.205978,33.704399,-0.100093,0.239005,0.509269,-0.820672,16.114859,105.226791,16.903152,0.021318,0.046607,0.462038,-0.885378,8.751001,122.956680,11.078323,0.074488,0.866879,0.073241,0.487450,-10.259396,87.422005,5.866382,0.070839,0.874068,-0.099640,0.470169,-12.411654,50.961720,-1.573485,-0.039295,0.917355,0.041347,0.393962,-22.700392,5.078134,3.514382,-0.093774,0.863899,-0.077898,0.488690,-0.904419,87.018173,20.922779,-0.013946,0.859482,-0.086020,0.503683,2.296892,50.852264,29.355768,-0.037515,0.802778,0.049263,0.593055,-0.667765,4.273161,37.013847,-0.039295,0.917355,0.041347,0.393962,-12.528605,0.773701,-5.868986,-0.037515,0.802778,0.049263,0.593055,12.628935,0.198411,32.935223
460,3.833333,-0.006727,0.873183,0.035566,0.486047,-5.578612,87.219368,13.386980,-0.063937,0.857906,0.123070,0.494735,-5.915343,94.469864,13.790970,-0.026223,0.860599,0.105727,0.497497,-8.822310,106.544640,15.648313,0.025447,0.906188,-0.061861,0.417551,-11.076622,121.184349,17.985899,0.036454,0.938706,-0.075719,0.334317,-8.396821,134.566116,15.596066,-0.014452,0.788893,0.238335,0.566248,-12.990902,115.736855,14.601421,0.231492,-0.333362,0.219822,-0.887107,-19.231565,120.040749,-1.079165,0.228711,0.398492,-0.424544,-0.780165,-2.215555,106.441025,-13.313016,0.325906,0.458373,-0.325965,-0.759886,4.008268,122.771225,-5.046534,-0.139462,0.892371,0.180070,0.389615,-9.419882,115.310966,20.712477,0.331441,0.871574,0.149409,-0.328911,2.031778,117.202225,33.698349,-0.100028,0.239000,0.509346,-0.820634,16.120543,105.223572,16.900045,0.021040,0.046719,0.462328,-0.885227,8.760126,122.953606,11.075036,0.074510,0.866645,0.073344,0.487847,-10.254392,87.421730,5.857732,0.070788,0.873881,-0.099869,0.470475,-12.400870,50.962818,-1.590540,-0.039178,0.917386,0.041211,0.393916,-22.697172,5.082858,3.514715,-0.093758,0.863867,-0.077889,0.488749,-0.902831,87.017006,20.916227,-0.013917,0.859254,-0.085789,0.504112,2.297229,50.850765,29.348267,-0.037471,0.802335,0.049449,0.593640,-0.662588,4.267848,36.984951,-0.039178,0.917386,0.041211,0.393916,-12.527768,0.773608,-5.869022,-0.037471,0.802335,0.049449,0.593640,12.640515,0.196556,32.923790
461,3.841667,-0.006269,0.873142,0.035224,0.486152,-5.585160,87.222191,13.381301,-0.063830,0.857998,0.122651,0.494694,-5.913718,94.473114,13.784144,-0.025971,0.860690,0.105899,0.497316,-8.810160,106.538177,15.632197,0.025166,0.905871,-0.061956,0.418242,-11.060045,121.177185,17.978422,0.036828,0.938008,-0.076406,0.336075,-8.383385,134.559143,15.586135,-0.014399,0.788936,0.238380,0.566170,-12.977139,115.731880,14.592010,0.231450,-0.333403,0.219725,-0.887127,-19.220913,120.037460,-1.086876,0.228604,0.398487,-0.424590,-0.780174,-2.204114,106.442055,-13.324438,0.325815,0.458370,-0.325974,-0.759923,4.018312,122.772072,-5.056646,-0.139549,0.892229,0.179797,0.390033,-9.403380,115.302017,20.701183,0.331470,0.871570,0.149519,-0.328842,2.036082,117.196381,33.697350,-0.100444,0.239579,0.509512,-0.820311,16.126183,105.217850,16.900093,0.020709,0.047200,0.460877,-0.885966,8.783584,122.953293,11.068255,0.074303,0.866569,0.073353,0.488013,-10.259244,87.428757,5.851115,0.070887,0.874028,-0.099852,0.470191,-12.390694,50.967644,-1.590724,-0.039068,0.917400,0.041010,0.393915,-22.692709,5.088693,3.512042,-0.093902,0.863845,-0.077696,0.488792,-0.911076,87.015625,20.911488,-0.014019,0.859461,-0.086096,0.503704,2.304875,50.849174,29.336565,-0.038190,0.802600,0.048778,0.593292,-0.657643,4.271507,37.004177,-0.039068,0.917400,0.041010,0.393915,-12.524918,0.773133,-5.870543,-0.038190,0.802600,0.048778,0.593292,12.643918,0.197114,32.941086
462,3.850000,-0.006224,0.873088,0.035194,0.486251,-5.578648,87.222221,13.373298,-0.063863,0.857928,0.122748,0.494788,-5.906471,94.473190,13.776045,-0.026011,0.860624,0.105967,0.497414,-8.805123,106.538048,15.625474,0.024901,0.905674,-0.060819,0.418851,-11.057316,121.176567,17.972549,0.037408,0.937527,-0.077857,0.337019,-8.397602,134.566757,15.607572,-0.014413,0.788798,0.238350,0.566374,-12.972954,115.731361,14.585164,0.230870,-0.333307,0.219938,-0.887261,-19.208670,120.037735,-1.096711,0.228304,0.398361,-0.424758,-0.780235,-2.193381,106.442177,-13.336200,0.325713,0.458418,-0.325905,-0.759967,4.027761,122.773376,-5.067394,-0.139567,0.892278,0.180054,0.389797,-9.400598,115.301323,20.695150,0.331619,0.871520,0.149731,-0.328730,2.045105,117.194458,33.686001,-0.100054,0.238980,0.509482,-0.820552,16.133966,105.212929,16.889830,0.020758,0.046829,0.463124,-0.884812,8.778255,122.947075,11.066982,0.074260,0.866458,0.073309,0.488223,-10.251043,87.429291,5.842075,0.070986,0.874388,-0.099862,0.469504,-12.379559,50.967228,-1.595911,-0.038964,0.917450,0.041011,0.393808,-22.686117,5.089784,3.511281,-0.093920,0.863816,-0.077722,0.488836,-0.906254,87.015144,20.904520,-0.014024,0.859462,-0.086134,0.503695,2.309480,50.849247,29.332066,-0.037956,0.802553,0.048939,0.593358,-0.654391,4.272208,37.002991,-0.038964,0.917450,0.041011,0.393808,-12.521419,0.773013,-5.874100,-0.037956,0.802553,0.048939,0.593358,12.646922,0.197528,32.939365
463,3.858333,-0.006287,0.873026,0.035178,0.486363,-5.567045,87.221214,13.367356,-0.063968,0.857847,0.122706,0.494923,-5.895596,94.472191,13.769417,-0.026058,0.860543,0.105936,0.497558,-8.796970,106.539879,15.616629,0.025147,0.905121,-0.061358,0.419951,-11.050311,121.178520,17.961849,0.037562,0.936692,-0.078432,0.339185,-8.374201,134.564499,15.591481,-0.014346,0.788763,0.238370,0.566416,-12.964667,115.733017,14.574220,0.230884,-0.333270,0.219975,-0.887263,-19.198799,120.042000,-1.107568,0.228312,0.398388,-0.424744,-0.780226,-2.183081,106.444992,-13.344850,0.325663,0.458431,-0.325951,-0.759961,4.037581,122.775818,-5.075464,-0.139458,0.892242,0.180052,0.389919,-9.394377,115.303528,20.685448,0.331613,0.871567,0.150027,-0.328475,2.049066,117.192375,33.678913,-0.100071,0.238939,0.509470,-0.820569,16.146456,105.213249,16.888189,0.020676,0.046763,0.463165,-0.884796,8.789332,122.947624,11.066771,0.074244,0.866463,0.073284,0.488220,-10.237482,87.427261,5.834892,0.071035,0.874032,-0.100080,0.470112,-12.365911,50.964737,-1.600892,-0.038998,0.917429,0.040930,0.393862,-22.689596,5.092082,3.514691,-0.093927,0.863745,-0.077703,0.488963,-0.896608,87.015167,20.899820,-0.013955,0.859534,-0.086240,0.503557,2.319024,50.849152,29.326880,-0.037021,0.802648,0.049413,0.593249,-0.654278,4.273668,37.003571,-0.038998,0.917429,0.040930,0.393862,-12.523745,0.773675,-5.868689,-0.037021,0.802648,0.049413,0.593249,12.641541,0.194113,32.926872
464,3.866667,-0.006323,0.873041,0.035315,0.486326,-5.552925,87.220238,13.357692,-0.063840,0.857769,0.122897,0.495028,-5.882894,94.471069,13.761245,-0.026244,0.860427,0.105893,0.497758,-8.783735,106.536568,15.613541,0.025125,0.904662,-0.060901,0.421007,-11.041774,121.175179,17.954351,0.037818,0.935930,-0.079514,0.341001,-8.367290,134.564240,15.599555,-0.014370,0.788724,0.238413,0.566452,-12.953122,115.728462,14.566983,0.230717,-0.333296,0.219888,-0.887317,-19.185806,120.037949,-1.115245,0.228142,0.398475,-0.424805,-0.780198,-2.169056,106.446663,-13.357430,0.325592,0.458492,-0.325912,-0.759971,4.047082,122.777466,-5.083363,-0.139515,0.892213,0.180016,0.389981,-9.385791,115.301201,20.680098,0.331700,0.871560,0.150304,-0.328279,2.055407,117.191788,33.675285,-0.100183,0.238967,0.509538,-0.820506,16.156376,105.212082,16.887981,0.020507,0.046847,0.462826,-0.884973,8.803165,122.947052,11.069326,0.074187,0.866379,0.073294,0.488376,-10.223994,87.426880,5.825635,0.071146,0.873984,-0.100247,0.470149,-12.347051,50.963829,-1.609112,-0.038967,0.917442,0.040848,0.393843,-22.687384,5.095830,3.514575,-0.093911,0.863734,-0.077821,0.488966,-0.881854,87.013603,20.889748,-0.013887,0.859365,-0.086325,0.503832,2.328310,50.848724,29.323759,-0.037245,0.802623,0.049267,0.593280,-0.657016,4.274452,37.003147,-0.038967,0.917442,0.040848,0.393843,-12.522444,0.774983,-5.868672,-0.037245,0.802623,0.049267,0.593280,12.640010,0.195331,32.929951
465,3.875000,-0.006280,0.872979,0.035212,0.486445,-5.546527,87.218941,13.351909,-0.063737,0.857713,0.122826,0.495156,-5.875264,94.469879,13.754416,-0.026341,0.860342,0.105902,0.497899,-8.772235,106.531693,15.605402,0.024709,0.904416,-0.059461,0.421766,-11.033278,121.170105,17.944613,0.038395,0.935350,-0.081074,0.342158,-8.382443,134.569702,15.623352,-0.014312,0.788744,0.238402,0.566430,-12.942633,115.722908,14.556882,0.230596,-0.333268,0.219822,-0.887376,-19.176254,120.033585,-1.124646,0.228045,0.398488,-0.424869,-0.780186,-2.157109,106.446930,-13.368670,0.325528,0.458608,-0.325907,-0.759931,4.056736,122.778610,-5.093104,-0.139556,0.892153,0.179966,0.390128,-9.377365,115.296516,20.671261,0.331708,0.871570,0.150372,-0.328214,2.059456,117.187836,33.670193,-0.100256,0.238992,0.509574,-0.820467,16.162304,105.208229,16.884388,0.020391,0.046799,0.462909,-0.884935,8.811057,122.944366,11.066924,0.074121,0.866397,0.073283,0.488357,-10.215550,87.425438,5.818581,0.071205,0.873950,-0.100215,0.470212,-12.334928,50.961540,-1.613014,-0.038819,0.917438,0.040913,0.393861,-22.679003,5.093718,3.504687,-0.093907,0.863653,-0.077748,0.489121,-0.877504,87.012444,20.885235,-0.013937,0.859237,-0.086406,0.504035,2.333625,50.846649,29.314978,-0.037195,0.802633,0.049328,0.593265,-0.653398,4.273826,37.002529,-0.038819,0.917438,0.040913,0.393861,-12.514852,0.772842,-5.879396,-0.037195,0.802633,0.049328,0.593265,12.643416,0.195251,32.928104
466,3.883333,-0.006180,0.872921,0.035125,0.486555,-5.540158,87.215897,13.344152,-0.064610,0.857687,0.122828,0.495088,-5.867069,94.466942,13.746222,-0.025541,0.860512,0.105958,0.497634,-8.785549,106.538162,15.588299,0.024509,0.904212,-0.058621,0.422332,-11.026093,121.177460,17.941643,0.038930,0.934673,-0.082547,0.343595,-8.387560,134.583038,15.641001,-0.014544,0.788504,0.238245,0.566824,-12.945077,115.735558,14.550850,0.230582,-0.333193,0.219999,-0.887364,-19.162882,120.040146,-1.138623,0.228055,0.398513,-0.424886,-0.780160,-2.145140,106.446861,-13.377216,0.325369,0.458671,-0.325917,-0.759956,4.066838,122.777618,-5.102309,-0.139335,0.892171,0.179965,0.390165,-9.375485,115.299477,20.662018,0.331772,0.871586,0.150296,-0.328141,2.062461,117.183792,33.660976,-0.100451,0.239079,0.509705,-0.820336,16.165552,105.199348,16.878834,0.020290,0.046790,0.463022,-0.884878,8.820673,122.940948,11.063748,0.074097,0.866321,0.073189,0.488509,-10.207303,87.423264,5.809686,0.071255,0.873969,-0.100225,0.470166,-12.327327,50.958084,-1.615440,-0.039290,0.917492,0.040595,0.393722,-22.675745,5.091134,3.501317,-0.093921,0.863586,-0.077713,0.489242,-0.873013,87.008522,20.878618,-0.013931,0.859222,-0.086495,0.504046,2.339121,50.842522,29.307089,-0.036514,0.802743,0.049617,0.593134,-0.652657,4.271141,37.001472,-0.039290,0.917492,0.040595,0.393722,-12.511107,0.767483,-5.880959,-0.036514,0.802743,0.049617,0.593134,12.639356,0.187749,32.916229
467,3.891667,-0.006588,0.872835,0.035197,0.486701,-5.519107,87.206657,13.338017,-0.064713,0.857619,0.122856,0.495185,-5.851775,94.457558,13.738054,-0.025580,0.860456,0.105939,0.497732,-8.774572,106.534660,15.580058,0.024143,0.903888,-0.057928,0.423140,-11.016102,121.174011,17.932087,0.039523,0.933994,-0.083759,0.345076,-8.391403,134.585083,15.647611,-0.014431,0.788548,0.238148,0.566806,-12.934132,115.731873,14.541141,0.233510,-0.333875,0.218709,-0.886661,-19.152784,120.037498,-1.147714,0.229250,0.399322,-0.424237,-0.779749,-2.129491,106.452393,-13.387665,0.325172,0.458820,-0.325905,-0.759956,4.076421,122.776031,-5.111818,-0.139345,0.892102,0.179927,0.390336,-9.365955,115.296234,20.653168,0.331863,0.871557,0.150386,-0.328086,2.067251,117.179962,33.656380,-0.100475,0.239102,0.509778,-0.820281,16.169163,105.193115,16.874971,0.020129,0.046725,0.463078,-0.884856,8.828086,122.935402,11.060737,0.074276,0.866415,0.073152,0.488320,-10.183649,87.408432,5.801787,0.071262,0.873941,-0.100371,0.470185,-12.318151,50.944817,-1.626909,-0.039422,0.917490,0.040774,0.393694,-22.673613,5.080727,3.501281,-0.093744,0.863541,-0.077795,0.489344,-0.854565,87.004883,20.874247,-0.013923,0.859267,-0.086575,0.503956,2.342277,50.837357,29.301981,-0.035868,0.802774,0.049898,0.593109,-0.653189,4.267261,37.002743,-0.039422,0.917490,0.040774,0.393694,-12.507813,0.763068,-5.882497,-0.035868,0.802774,0.049898,0.593109,12.635287,0.179481,32.910385
468,3.900000,-0.006563,0.872771,0.035039,0.486827,-5.509589,87.204437,13.331434,-0.064687,0.857611,0.122820,0.495211,-5.840881,94.455505,13.729598,-0.025629,0.860458,0.105902,0.497735,-8.762362,106.531380,15.570855,0.024338,0.903313,-0.058239,0.424313,-11.004622,121.170898,17.921194,0.039662,0.933031,-0.084350,0.347514,-8.367141,134.579437,15.636627,-0.014974,0.787646,0.238940,0.567713,-12.922345,115.728287,14.530834,0.230109,-0.333239,0.220428,-0.887363,-19.104597,120.042625,-1.170012,0.227615,0.399046,-0.425261,-0.779812,-2.097809,106.437698,-13.410918,0.325151,0.458843,-0.325971,-0.759922,4.087259,122.776810,-5.118913,-0.139399,0.892015,0.179875,0.390542,-9.354235,115.293503,20.642965,0.331809,0.871605,0.149472,-0.328431,2.072855,117.177925,33.651459,-0.100999,0.239434,0.509961,-0.820006,16.165247,105.180229,16.869793,0.020033,0.046714,0.463117,-0.884839,8.836412,122.933174,11.057430,0.074266,0.866410,0.073092,0.488341,-10.171956,87.405319,5.793832,0.071403,0.874339,-0.100344,0.469430,-12.307834,50.940941,-1.630718,-0.039433,0.917499,0.040786,0.393671,-22.669300,5.078256,3.497843,-0.093744,0.863471,-0.077796,0.489466,-0.847222,87.003555,20.869036,-0.013922,0.859288,-0.086644,0.503908,2.348362,50.836052,29.297325,-0.036221,0.802855,0.049460,0.593015,-0.650065,4.267076,37.003727,-0.039433,0.917499,0.040786,0.393671,-12.503823,0.761023,-5.886485,-0.036221,0.802855,0.049460,0.593015,12.637883,0.175312,32.913624
469,3.908333,-0.006601,0.872718,0.035019,0.486922,-5.497831,87.203362,13.325578,-0.064796,0.857546,0.122886,0.495294,-5.829496,94.454437,13.723186,-0.025613,0.860411,0.105932,0.497810,-8.754313,106.529594,15.564172,0.024273,0.902844,-0.057936,0.425355,-10.996815,121.168945,17.915310,0.039946,0.932180,-0.085327,0.349519,-8.360467,134.579605,15.641960,-0.014965,0.787560,0.238946,0.567829,-12.914016,115.726624,14.524181,0.230110,-0.333199,0.220376,-0.887391,-19.091681,120.042336,-1.178093,0.227584,0.399098,-0.425339,-0.779752,-2.082415,106.439827,-13.418235,0.325032,0.458977,-0.325875,-0.759934,4.098396,122.779953,-5.125896,-0.139476,0.892027,0.180011,0.390424,-9.346960,115.291306,20.636889,0.331800,0.871623,0.149486,-0.328386,2.082582,117.177071,33.643036,-0.101162,0.239347,0.509939,-0.820025,16.176744,105.179344,16.862871,0.019924,0.046786,0.463082,-0.884855,8.845207,122.933517,11.056331,0.074205,0.866418,0.073037,0.488343,-10.158561,87.403557,5.786945,0.071508,0.874124,-0.100482,0.469785,-12.292533,50.937904,-1.631872,-0.039371,0.917499,0.040799,0.393675,-22.670664,5.079240,3.498994,-0.093773,0.863608,-0.077844,0.489211,-0.837101,87.003166,20.864210,-0.013752,0.859519,-0.086760,0.503498,2.361041,50.836624,29.295673,-0.035942,0.802822,0.049650,0.593060,-0.653054,4.269120,37.004841,-0.039371,0.917499,0.040799,0.393675,-12.505609,0.761640,-5.885622,-0.035942,0.802822,0.049650,0.593060,12.634258,0.176992,32.913033
470,3.916667,-0.006678,0.872661,0.035010,0.487025,-5.484593,87.202309,13.319133,-0.064923,0.857473,0.123010,0.495372,-5.817222,94.453384,13.716036,-0.025664,0.860362,0.105907,0.497897,-8.746712,106.528488,15.557941,0.024083,0.902401,-0.057591,0.426352,-10.990392,121.167908,17.907469,0.040324,0.931359,-0.086217,0.351442,-8.358919,134.581329,15.644698,-0.015018,0.787372,0.239074,0.568034,-12.906625,115.725235,14.516359,0.230036,-0.333104,0.220392,-0.887442,-19.076105,120.043839,-1.188333,0.227491,0.399144,-0.425426,-0.779708,-2.064033,106.442390,-13.425751,0.325095,0.458968,-0.326444,-0.759669,4.112864,122.784363,-5.131461,-0.139380,0.892003,0.179997,0.390519,-9.340837,115.290573,20.629852,0.331752,0.871634,0.149723,-0.328295,2.087068,117.172836,33.637939,-0.101236,0.239264,0.509934,-0.820044,16.185770,105.180229,16.857944,0.019855,0.046760,0.462978,-0.884913,8.852463,122.934868,11.055501,0.074292,0.866395,0.072882,0.488394,-10.143523,87.401291,5.779356,0.071512,0.874038,-0.100542,0.469930,-12.288375,50.934921,-1.632772,-0.039472,0.917488,0.040840,0.393687,-22.670403,5.077472,3.501077,-0.093770,0.863566,-0.077947,0.489269,-0.825664,87.003326,20.858912,-0.013680,0.859547,-0.086775,0.503450,2.367961,50.837933,29.297029,-0.036820,0.802818,0.049148,0.593053,-0.652334,4.270488,37.004108,-0.039472,0.917488,0.040840,0.393687,-12.504080,0.762047,-5.883165,-0.036820,0.802818,0.049148,0.593053,12.638791,0.181647,32.921417
471,3.925000,-0.006694,0.872610,0.034976,0.487117,-5.472461,87.202225,13.312210,-0.065004,0.857426,0.123027,0.495438,-5.805098,94.453323,13.708542,-0.025748,0.860315,0.106032,0.497948,-8.736835,106.528732,15.549658,0.024121,0.901971,-0.057085,0.427326,-10.984674,121.167244,17.900951,0.040588,0.930568,-0.087205,0.353257,-8.354447,134.583755,15.655229,-0.015220,0.787383,0.238633,0.568199,-12.898993,115.724548,14.508787,0.229993,-0.332923,0.220155,-0.887579,-19.061739,120.030296,-1.202080,0.227349,0.399425,-0.425652,-0.779482,-2.038445,106.440643,-13.436979,0.325099,0.459060,-0.326547,-0.759567,4.122646,122.786797,-5.136939,-0.139408,0.891972,0.180001,0.390577,-9.333981,115.289940,20.622734,0.331787,0.871632,0.149852,-0.328208,2.092066,117.172478,33.632408,-0.101273,0.239244,0.509959,-0.820029,16.192493,105.179848,16.853886,0.019760,0.046757,0.463025,-0.884890,8.859752,122.935486,11.053026,0.074382,0.866285,0.072822,0.488584,-10.129796,87.400734,5.771437,0.071541,0.873959,-0.100684,0.470043,-12.280962,50.934708,-1.640540,-0.039598,0.917489,0.040750,0.393682,-22.672203,5.080354,3.502240,-0.093760,0.863634,-0.078073,0.489132,-0.815127,87.003708,20.852983,-0.013572,0.859604,-0.086787,0.503353,2.374511,50.839649,29.298315,-0.036787,0.802785,0.049130,0.593101,-0.654246,4.272121,37.001534,-0.039598,0.917489,0.040750,0.393682,-12.505120,0.764091,-5.880792,-0.036787,0.802785,0.049130,0.593101,12.637033,0.182336,32.920292
472,3.933333,-0.006717,0.872695,0.034812,0.486977,-5.464013,87.199295,13.308188,-0.065061,0.857399,0.123054,0.495471,-5.795712,94.450554,13.702333,-0.025767,0.860261,0.105993,0.498049,-8.729007,106.525352,15.543143,0.023794,0.901621,-0.056217,0.428198,-10.977035,121.164085,17.892897,0.040996,0.929856,-0.088234,0.354826,-8.361572,134.587006,15.668260,-0.015238,0.787257,0.238689,0.568351,-12.890692,115.721199,14.500657,0.230082,-0.332825,0.220103,-0.887606,-19.047424,120.028862,-1.212046,0.227408,0.399579,-0.425726,-0.779346,-2.019690,106.440903,-13.442651,0.325201,0.459150,-0.326651,-0.759424,4.134324,122.789680,-5.141513,-0.139428,0.891957,0.179973,0.390617,-9.327129,115.286911,20.615473,0.331705,0.871684,0.149835,-0.328161,2.097629,117.170128,33.626186,-0.101349,0.239235,0.509947,-0.820030,16.202324,105.179558,16.849760,0.019775,0.046634,0.463055,-0.884881,8.868798,122.935806,11.050604,0.074367,0.866270,0.072894,0.488603,-10.123760,87.395943,5.768855,0.071591,0.873881,-0.100792,0.470158,-12.271199,50.930534,-1.647268,-0.039526,0.917499,0.040792,0.393661,-22.671907,5.078909,3.500686,-0.093693,0.863638,-0.078157,0.489124,-0.804266,87.002647,20.847521,-0.013562,0.859632,-0.086854,0.503295,2.378072,50.838619,29.295742,-0.036794,0.802850,0.049098,0.593016,-0.654100,4.272157,37.004105,-0.039526,0.917499,0.040792,0.393661,-12.505781,0.762861,-5.883483,-0.036794,0.802850,0.049098,0.593016,12.636228,0.181767,32.920368
473,3.941667,-0.006654,0.872646,0.034667,0.487075,-5.454525,87.197403,13.300894,-0.065103,0.857437,0.122920,0.495433,-5.784449,94.448822,13.693611,-0.025799,0.860310,0.106075,0.497945,-8.716504,106.522583,15.530933,0.024098,0.901208,-0.055091,0.429195,-10.966272,121.160744,17.882557,0.041012,0.929044,-0.089356,0.356665,-8.352710,134.589844,15.693256,-0.015266,0.787178,0.238773,0.568423,-12.879854,115.717873,14.490247,0.230119,-0.332726,0.220092,-0.887637,-19.033695,120.027077,-1.223166,0.227485,0.399676,-0.425769,-0.779250,-2.002414,106.439781,-13.449584,0.325405,0.459138,-0.326708,-0.759319,4.147070,122.790054,-5.148828,-0.139496,0.891870,0.179954,0.390801,-9.314835,115.283585,20.604214,0.331707,0.871700,0.149767,-0.328145,2.104268,117.167603,33.619774,-0.101670,0.239589,0.510070,-0.819810,16.209396,105.175461,16.844837,0.019744,0.046979,0.461868,-0.885484,8.887202,122.936920,11.042837,0.074407,0.866230,0.072793,0.488683,-10.112591,87.393829,5.760516,0.071636,0.873951,-0.100799,0.470020,-12.265599,50.927769,-1.650795,-0.039298,0.917513,0.040861,0.393645,-22.669497,5.076882,3.497349,-0.093677,0.863688,-0.078242,0.489026,-0.796459,87.000969,20.841272,-0.013498,0.859789,-0.086915,0.503017,2.382640,50.837708,29.294003,-0.036571,0.802929,0.049055,0.592926,-0.655239,4.272085,37.005184,-0.039298,0.917513,0.040861,0.393645,-12.505534,0.759988,-5.888776,-0.036571,0.802929,0.049055,0.592926,12.632379,0.177045,32.917286
474,3.950000,-0.006619,0.872605,0.034554,0.487157,-5.443464,87.194580,13.293977,-0.065164,0.857389,0.122870,0.495521,-5.772171,94.446121,13.685478,-0.025837,0.860262,0.106046,0.498033,-8.705304,106.520752,15.520789,0.024339,0.900626,-0.055807,0.430309,-10.955853,121.159027,17.870878,0.041055,0.928134,-0.089561,0.358971,-8.323986,134.582977,15.672000,-0.015213,0.787221,0.238692,0.568399,-12.868617,115.715881,14.478561,0.231572,-0.332831,0.219468,-0.887373,-19.023439,120.024704,-1.234570,0.228075,0.400210,-0.425605,-0.778893,-1.981996,106.442558,-13.452541,0.325221,0.459503,-0.327050,-0.759030,4.155380,122.793221,-5.150829,-0.139454,0.891806,0.179889,0.390991,-9.304871,115.282104,20.593306,0.331639,0.871752,0.149662,-0.328125,2.109444,117.164215,33.613342,-0.101936,0.239714,0.510058,-0.819748,16.217459,105.172279,16.840706,0.019467,0.046961,0.461643,-0.885608,8.897667,122.934021,11.040948,0.074486,0.866183,0.072758,0.488759,-10.100118,87.390640,5.752719,0.071657,0.873924,-0.100922,0.470040,-12.258846,50.925076,-1.659361,-0.039465,0.917531,0.040781,0.393593,-22.669939,5.076828,3.497656,-0.093647,0.863689,-0.078314,0.489018,-0.786811,86.998520,20.835236,-0.013441,0.859892,-0.086980,0.502831,2.387803,50.835686,29.291454,-0.036567,0.802949,0.048989,0.592904,-0.656087,4.270995,37.005867,-0.039465,0.917531,0.040781,0.393593,-12.505761,0.759780,-5.888158,-0.036567,0.802949,0.048989,0.592904,12.630956,0.174399,32.917679
475,3.958333,-0.006922,0.872559,0.034624,0.487231,-5.426004,87.197922,13.289690,-0.064679,0.857305,0.122662,0.495781,-5.759095,94.449341,13.679902,-0.026375,0.860019,0.106054,0.498422,-8.676590,106.513336,15.514016,0.023944,0.900099,-0.055441,0.431481,-10.942207,121.150719,17.855207,0.041417,0.927318,-0.090039,0.360913,-8.319982,134.578110,15.665748,-0.014914,0.787276,0.238920,0.568235,-12.846785,115.704391,14.463383,0.231505,-0.332661,0.219539,-0.887437,-19.008444,120.024551,-1.243958,0.228074,0.400393,-0.425786,-0.778700,-1.962885,106.441643,-13.455346,0.325320,0.459683,-0.327176,-0.758825,4.162822,122.796097,-5.152722,-0.139566,0.891670,0.179748,0.391326,-9.288934,115.276443,20.581972,0.331404,0.871860,0.150127,-0.327861,2.115177,117.161194,33.610565,-0.101869,0.239712,0.509778,-0.819931,16.239656,105.183327,16.841709,0.019244,0.047002,0.461639,-0.885613,8.909492,122.936203,11.038649,0.074607,0.866161,0.072611,0.488801,-10.081310,87.389946,5.747493,0.071704,0.873832,-0.100985,0.470190,-12.252788,50.924133,-1.659630,-0.039304,0.917519,0.040773,0.393640,-22.671429,5.077732,3.498595,-0.093553,0.863782,-0.078415,0.488856,-0.770699,87.005905,20.831886,-0.013366,0.859932,-0.087025,0.502757,2.395756,50.842930,29.290586,-0.036478,0.802942,0.048834,0.592932,-0.655684,4.278779,37.005295,-0.039304,0.917519,0.040773,0.393640,-12.507777,0.758691,-5.886879,-0.036478,0.802942,0.048834,0.592932,12.630251,0.177262,32.918427
476,3.966667,-0.006983,0.872591,0.034766,0.487162,-5.408870,87.199356,13.282542,-0.064737,0.857278,0.122570,0.495843,-5.743701,94.450615,13.674149,-0.026627,0.859931,0.106293,0.498510,-8.663387,106.522987,15.506613,0.024241,0.899559,-0.055536,0.432576,-10.939273,121.158455,17.849850,0.041387,0.926463,-0.090518,0.362988,-8.304627,134.584396,15.666503,-0.015067,0.787141,0.238862,0.568442,-12.839320,115.711510,14.456492,0.231581,-0.332447,0.219621,-0.887477,-18.992599,120.028099,-1.255105,0.228182,0.400585,-0.425948,-0.778481,-1.941723,106.442345,-13.455886,0.325409,0.459927,-0.327365,-0.758557,4.172800,122.801712,-5.153939,-0.139388,0.891671,0.179697,0.391412,-9.282908,115.284767,20.576002,0.331405,0.871898,0.150196,-0.327727,2.120592,117.164162,33.605900,-0.101943,0.239732,0.509790,-0.819909,16.249416,105.185768,16.841084,0.019146,0.046952,0.461760,-0.885554,8.920310,122.938873,11.039327,0.074650,0.866124,0.072500,0.488876,-10.065353,87.391624,5.741079,0.071800,0.873883,-0.101042,0.470068,-12.243082,50.925076,-1.660627,-0.039259,0.917522,0.040706,0.393643,-22.671404,5.081072,3.499358,-0.093473,0.863714,-0.078568,0.488967,-0.752388,87.007088,20.824005,-0.013320,0.859817,-0.087048,0.502951,2.402228,50.844788,29.290009,-0.035873,0.802875,0.049127,0.593036,-0.655811,4.280901,37.003700,-0.039259,0.917522,0.040706,0.393643,-12.508288,0.759836,-5.885684,-0.035873,0.802875,0.049127,0.593036,12.628216,0.175916,32.914108
477,3.975000,-0.007074,0.872583,0.034801,0.487173,-5.392155,87.199631,13.275848,-0.064896,0.857183,0.122764,0.495938,-5.728399,94.450829,13.667245,-0.026475,0.859884,0.105955,0.498670,-8.652302,106.514183,15.500346,0.024106,0.899113,-0.055134,0.433561,-10.919685,121.152046,17.836859,0.041406,0.925705,-0.090921,0.364813,-8.289472,134.580902,15.666042,-0.015027,0.787116,0.238974,0.568431,-12.822123,115.704895,14.445160,0.231551,-0.332272,0.219575,-0.887562,-18.975882,120.024742,-1.265359,0.228159,0.400872,-0.426162,-0.778223,-1.918185,106.442619,-13.460657,0.325464,0.460228,-0.327462,-0.758309,4.180745,122.807228,-5.155149,-0.139463,0.891564,0.179370,0.391779,-9.267859,115.278435,20.565937,0.331358,0.871897,0.150394,-0.327688,2.124904,117.161774,33.604656,-0.102010,0.239719,0.509886,-0.819845,16.256575,105.188431,16.838638,0.019230,0.046965,0.461868,-0.885496,8.931061,122.944084,11.039639,0.074729,0.866101,0.072480,0.488909,-10.048429,87.390785,5.734228,0.071839,0.873900,-0.101214,0.469993,-12.231670,50.924896,-1.669097,-0.039251,0.917579,0.040664,0.393516,-22.670231,5.084702,3.504040,-0.093395,0.863644,-0.078658,0.489090,-0.735882,87.008469,20.817467,-0.013274,0.859712,-0.087081,0.503126,2.409198,50.846146,29.286909,-0.036406,0.802772,0.049008,0.593152,-0.655784,4.282695,37.000481,-0.039251,0.917579,0.040664,0.393516,-12.509873,0.762245,-5.883424,-0.036406,0.802772,0.049008,0.593152,12.632668,0.183883,32.919086
478,3.983333,-0.007423,0.872519,0.034925,0.487274,-5.369998,87.194954,13.266548,-0.064892,0.857151,0.122752,0.495998,-5.711589,94.445961,13.657002,-0.026757,0.859813,0.106215,0.498722,-8.639008,106.524345,15.491983,0.024129,0.898647,-0.055285,0.434505,-10.917670,121.160103,17.830723,0.041671,0.924904,-0.091324,0.366710,-8.281681,134.587952,15.660754,-0.015169,0.786982,0.238882,0.568651,-12.815391,115.712181,14.437631,0.231586,-0.332062,0.219671,-0.887608,-18.960297,120.028198,-1.277408,0.228248,0.401148,-0.426292,-0.777983,-1.897728,106.443153,-13.462641,0.325628,0.460417,-0.327669,-0.758034,4.188248,122.811279,-5.155310,-0.139353,0.891585,0.179486,0.391716,-9.262074,115.287209,20.559063,0.331448,0.871907,0.150417,-0.327559,2.133485,117.166054,33.595993,-0.102075,0.239683,0.509947,-0.819809,16.266397,105.188004,16.834385,0.019162,0.046939,0.462108,-0.885374,8.942640,122.945595,11.038447,0.074914,0.866121,0.072317,0.488869,-10.024441,87.381859,5.723690,0.071866,0.873771,-0.101341,0.470202,-12.225909,50.916283,-1.675773,-0.039477,0.917544,0.040842,0.393557,-22.673458,5.078882,3.503936,-0.093310,0.863646,-0.078832,0.489075,-0.715556,87.008057,20.809408,-0.013216,0.859715,-0.087128,0.503114,2.417845,50.846600,29.286867,-0.037512,0.802901,0.048422,0.592957,-0.653977,4.283780,37.001518,-0.039477,0.917544,0.040842,0.393557,-12.509716,0.763496,-5.883122,-0.037512,0.802901,0.048422,0.592957,12.637661,0.190151,32.925285
479,3.991667,-0.007417,0.872477,0.034888,0.487351,-5.356532,87.193695,13.259824,-0.065034,0.857089,0.122856,0.496061,-5.697817,94.444740,13.649827,-0.026560,0.859819,0.105801,0.498811,-8.627743,106.514000,15.483769,0.023814,0.898253,-0.054823,0.435395,-10.895418,121.152702,17.814711,0.041802,0.924168,-0.091635,0.368468,-8.269300,134.584320,15.656127,-0.015016,0.787080,0.238767,0.568569,-12.796906,115.704498,14.424170,0.231713,-0.331872,0.219553,-0.887675,-18.945244,120.021713,-1.289199,0.228285,0.401451,-0.426440,-0.777735,-1.873782,106.441261,-13.467097,0.325616,0.460709,-0.327865,-0.757777,4.197906,122.813049,-5.156379,-0.139496,0.891460,0.179318,0.392027,-9.244699,115.279938,20.546272,0.331448,0.871921,0.150554,-0.327458,2.140959,117.162994,33.591244,-0.102129,0.239803,0.510017,-0.819724,16.277163,105.186172,16.831532,0.019099,0.046906,0.461959,-0.885454,8.958577,122.945251,11.033882,0.075001,0.866040,0.072274,0.489005,-10.009644,87.380432,5.716140,0.071934,0.873588,-0.101527,0.470491,-12.217119,50.915382,-1.684088,-0.039332,0.917510,0.040780,0.393657,-22.680092,5.082482,3.504296,-0.093278,0.863635,-0.078882,0.489092,-0.703421,87.006966,20.803509,-0.013129,0.859812,-0.087212,0.502937,2.425891,50.845646,29.283073,-0.037392,0.802916,0.048492,0.592938,-0.655401,4.283998,37.000988,-0.039332,0.917510,0.040780,0.393657,-12.515834,0.763940,-5.880751,-0.037392,0.802916,0.048492,0.592938,12.635522,0.189949,32.922840
480,4.000000,-0.007379,0.872462,0.034853,0.487382,-5.343417,87.192421,13.252398,-0.065112,0.857070,0.122836,0.496087,-5.683990,94.443512,13.642218,-0.026513,0.859818,0.105712,0.498833,-8.615329,106.512367,15.474613,0.023769,0.897820,-0.054809,0.436291,-10.880538,121.151711,17.803959,0.041792,0.923411,-0.091828,0.370316,-8.252448,134.583557,15.649176,-0.015098,0.787036,0.238753,0.568633,-12.782857,115.703491,14.413918,0.233030,-0.331936,0.219067,-0.887426,-18.928555,120.018723,-1.301026,0.228876,0.402009,-0.426361,-0.777317,-1.848581,106.439949,-13.468849,0.325659,0.460938,-0.328054,-0.757538,4.207487,122.814072,-5.158165,-0.139493,0.891394,0.179196,0.392235,-9.230931,115.278946,20.536186,0.331418,0.871948,0.150500,-0.327443,2.149080,117.161957,33.586086,-0.102144,0.239832,0.510061,-0.819686,16.286789,105.185020,16.827732,0.019116,0.046779,0.462386,-0.885238,8.970315,122.945694,11.029742,0.075037,0.865981,0.072167,0.489120,-9.995996,87.379463,5.708397,0.071983,0.873586,-0.101571,0.470477,-12.208722,50.913643,-1.686490,-0.039175,0.917522,0.040811,0.393640,-22.677528,5.082250,3.503469,-0.093261,0.863509,-0.078922,0.489311,-0.690836,87.005386,20.796400,-0.013076,0.859829,-0.087298,0.502893,2.433785,50.844299,29.278683,-0.037460,0.802919,0.048370,0.592940,-0.655554,4.283923,37.001099,-0.039175,0.917522,0.040811,0.393640,-12.514916,0.762709,-5.882896,-0.037460,0.802919,0.048370,0.592940,12.635281,0.188261,32.924297
481,4.008333,-0.007411,0.872443,0.034796,0.487420,-5.329634,87.192482,13.245975,-0.065166,0.857006,0.122843,0.496189,-5.670222,94.443619,13.634823,-0.026527,0.859749,0.105648,0.498966,-8.603030,106.512329,15.466335,0.023806,0.897350,-0.054933,0.437240,-10.868001,121.152054,17.793480,0.041720,0.922663,-0.091930,0.372157,-8.234098,134.583038,15.640423,-0.015196,0.786990,0.238679,0.568725,-12.769644,115.703606,14.403427,0.233071,-0.331703,0.219082,-0.887499,-18.911594,120.015465,-1.313907,0.228924,0.402234,-0.426536,-0.777090,-1.824212,106.437279,-13.471979,0.325683,0.461179,-0.328193,-0.757320,4.219415,122.816559,-5.159935,-0.139443,0.891377,0.179136,0.392318,-9.219603,115.279472,20.526814,0.331379,0.871992,0.150507,-0.327361,2.158612,117.161118,33.578480,-0.102301,0.239877,0.510018,-0.819680,16.300306,105.184662,16.823137,0.018918,0.046911,0.462613,-0.885116,8.982939,122.945526,11.026759,0.075081,0.865908,0.072076,0.489256,-9.981559,87.378555,5.701544,0.072054,0.873582,-0.101651,0.470458,-12.199354,50.912266,-1.689489,-0.039477,0.917530,0.040720,0.393601,-22.677368,5.083379,3.503962,-0.093239,0.863469,-0.078993,0.489375,-0.677708,87.006409,20.790403,-0.012932,0.859555,-0.087212,0.503381,2.442222,50.845856,29.276680,-0.037339,0.802640,0.048497,0.593316,-0.659044,4.283711,36.983627,-0.039477,0.917530,0.040720,0.393601,-12.513113,0.764919,-5.881125,-0.037339,0.802640,0.048497,0.593316,12.635261,0.188896,32.917316
482,4.016667,-0.007472,0.872443,0.034772,0.487420,-5.313549,87.193214,13.240792,-0.065211,0.856969,0.122807,0.496256,-5.654741,94.444366,13.628901,-0.026591,0.859699,0.105551,0.499068,-8.588098,106.512665,15.458790,0.023650,0.896941,-0.054746,0.438109,-10.853555,121.152901,17.782259,0.041792,0.921959,-0.092149,0.373837,-8.222550,134.585495,15.635729,-0.015256,0.786914,0.238745,0.568801,-12.754401,115.703735,14.392905,0.233219,-0.331509,0.219135,-0.887519,-18.893269,120.015945,-1.325537,0.229095,0.402528,-0.426631,-0.776836,-1.800627,106.434998,-13.473126,0.325890,0.461402,-0.328374,-0.757016,4.230774,122.818390,-5.159777,-0.139570,0.891386,0.179302,0.392176,-9.205854,115.280891,20.517248,0.331484,0.871996,0.150556,-0.327223,2.175020,117.165146,33.566216,-0.102386,0.239773,0.510045,-0.819683,16.317726,105.183792,16.815233,0.018866,0.046988,0.462655,-0.885091,8.998833,122.947479,11.023615,0.075109,0.865886,0.071985,0.489304,-9.965442,87.378136,5.696315,0.072171,0.873546,-0.101759,0.470483,-12.187918,50.911175,-1.690007,-0.039141,0.917526,0.040740,0.393643,-22.680437,5.085963,3.506660,-0.093256,0.863401,-0.079049,0.489482,-0.661656,87.008293,20.785269,-0.012839,0.859509,-0.087261,0.503454,2.456269,50.848633,29.276096,-0.036603,0.802562,0.049293,0.593401,-0.655552,4.287070,36.982292,-0.039141,0.917526,0.040740,0.393643,-12.518302,0.764226,-5.879211,-0.036603,0.802562,0.049293,0.593401,12.638185,0.197894,32.908451
483,4.025000,-0.007307,0.872377,0.034652,0.487549,-5.302523,87.189056,13.235394,-0.065197,0.856936,0.122677,0.496347,-5.640833,94.440369,13.623100,-0.026634,0.859659,0.105566,0.499133,-8.573797,106.514946,15.450933,0.023814,0.896506,-0.054882,0.438973,-10.840769,121.155014,17.773958,0.041554,0.921276,-0.092205,0.375530,-8.201029,134.586304,15.629998,-0.015633,0.786413,0.239112,0.569329,-12.740646,115.705681,14.384328,0.233178,-0.331366,0.219395,-0.887519,-18.858191,120.019493,-1.341981,0.229060,0.403018,-0.426878,-0.776456,-1.766503,106.429352,-13.480613,0.325999,0.461569,-0.328594,-0.756773,4.242249,122.819885,-5.158973,-0.139570,0.891353,0.179204,0.392296,-9.193050,115.283142,20.509243,0.331533,0.872000,0.150683,-0.327104,2.184530,117.167816,33.561020,-0.102047,0.239426,0.510040,-0.819830,16.329506,105.185440,16.812687,0.019081,0.046612,0.464185,-0.884305,9.004142,122.946381,11.024428,0.075052,0.865891,0.071919,0.489313,-9.952246,87.375572,5.689617,0.072308,0.873392,-0.101903,0.470717,-12.173432,50.907272,-1.690455,-0.039246,0.917494,0.040754,0.393704,-22.684855,5.086714,3.508959,-0.093413,0.863290,-0.079042,0.489649,-0.652801,87.002533,20.781168,-0.012723,0.859693,-0.087501,0.503100,2.473692,50.844978,29.277802,-0.038107,0.802786,0.048145,0.593098,-0.655859,4.287109,36.999123,-0.039246,0.917494,0.040754,0.393704,-12.520483,0.766576,-5.875227,-0.038107,0.802786,0.048145,0.593098,12.640111,0.197140,32.933380
484,4.033333,-0.007308,0.872153,0.034651,0.487951,-5.280398,87.191643,13.227230,-0.065408,0.856874,0.122770,0.496404,-5.618883,94.442955,13.614768,-0.026657,0.859688,0.105613,0.499071,-8.557812,106.516968,15.441797,0.023840,0.896192,-0.054849,0.439618,-10.825894,121.156708,17.765825,0.041447,0.920705,-0.092306,0.376913,-8.183584,134.588135,15.625891,-0.015515,0.786418,0.238855,0.569434,-12.725695,115.707359,14.376187,0.233560,-0.331298,0.219345,-0.887457,-18.839218,120.020172,-1.351969,0.229279,0.403295,-0.426895,-0.776238,-1.744187,106.427422,-13.482984,0.326135,0.461682,-0.328793,-0.756559,4.255049,122.819916,-5.160611,-0.139634,0.891280,0.179065,0.392503,-9.177241,115.284874,20.500612,0.331818,0.871918,0.150799,-0.326979,2.194074,117.171799,33.557529,-0.102108,0.239597,0.510318,-0.819599,16.333700,105.179344,16.811886,0.019045,0.046797,0.464017,-0.884384,9.022748,122.946594,11.022368,0.075233,0.865846,0.071622,0.489409,-9.923170,87.378426,5.677178,0.072397,0.873365,-0.101965,0.470739,-12.166141,50.908970,-1.690606,-0.039182,0.917489,0.040692,0.393731,-22.687754,5.090821,3.509470,-0.093382,0.863219,-0.079112,0.489769,-0.637627,87.004860,20.777283,-0.012636,0.859679,-0.087556,0.503116,2.483102,50.847691,29.277700,-0.037500,0.802827,0.048424,0.593059,-0.656307,4.290521,36.999249,-0.039182,0.917489,0.040692,0.393731,-12.523617,0.768406,-5.873929,-0.037500,0.802827,0.048424,0.593059,12.636262,0.196742,32.926201
485,4.041667,-0.007294,0.872308,0.034540,0.487682,-5.274993,87.190498,13.224739,-0.065187,0.856789,0.122806,0.496570,-5.612397,94.441917,13.611078,-0.026837,0.859499,0.105291,0.499454,-8.548759,106.522110,15.441950,0.024232,0.895774,-0.054681,0.440469,-10.817719,121.163597,17.754093,0.041264,0.920211,-0.092475,0.378096,-8.164789,134.594940,15.626820,-0.015641,0.786276,0.238797,0.569650,-12.714913,115.712120,14.366406,0.233603,-0.331135,0.219492,-0.887470,-18.819691,120.022217,-1.365888,0.229417,0.403502,-0.426916,-0.776078,-1.722498,106.423973,-13.487705,0.326264,0.461896,-0.328948,-0.756305,4.269524,122.818306,-5.164144,-0.139478,0.891365,0.179079,0.392357,-9.172022,115.293457,20.494308,0.331793,0.872014,0.150381,-0.326941,2.204792,117.176666,33.546967,-0.102271,0.239818,0.510362,-0.819487,16.346466,105.176582,16.808527,0.019082,0.046814,0.464380,-0.884192,9.040731,122.947433,11.015714,0.075175,0.865726,0.071686,0.489621,-9.922420,87.376350,5.677532,0.072484,0.873347,-0.102043,0.470743,-12.157527,50.906933,-1.692836,-0.039094,0.917490,0.040744,0.393731,-22.689707,5.091486,3.509649,-0.093374,0.863150,-0.079196,0.489879,-0.627567,87.004646,20.771946,-0.012587,0.859532,-0.087581,0.503364,2.488507,50.848358,29.277807,-0.037702,0.802763,0.048548,0.593122,-0.658279,4.291490,36.998150,-0.039094,0.917490,0.040744,0.393731,-12.526192,0.769385,-5.874560,-0.037702,0.802763,0.048548,0.593122,12.636966,0.203832,32.927711
486,4.050000,-0.007328,0.872285,0.034517,0.487723,-5.256778,87.189575,13.218960,-0.065285,0.856760,0.122995,0.496560,-5.594466,94.441010,13.604747,-0.026835,0.859518,0.105086,0.499466,-8.536415,106.524620,15.439148,0.024211,0.895409,-0.055002,0.441170,-10.802309,121.167412,17.746061,0.041121,0.919608,-0.092342,0.379609,-8.143560,134.596848,15.613963,-0.015919,0.786146,0.238787,0.569826,-12.700614,115.715134,14.360287,0.231014,-0.330467,0.220644,-0.888111,-18.798120,120.018936,-1.376551,0.228411,0.402998,-0.427556,-0.776284,-1.704164,106.413116,-13.494417,0.326540,0.462039,-0.329057,-0.756051,4.284317,122.815178,-5.169201,-0.139419,0.891359,0.179009,0.392425,-9.157888,115.297890,20.488384,0.331866,0.872034,0.150542,-0.326739,2.217664,117.179779,33.542336,-0.102132,0.239960,0.510330,-0.819482,16.363522,105.177284,16.809158,0.019038,0.046979,0.464511,-0.884116,9.059456,122.945633,11.008945,0.075286,0.865651,0.071648,0.489741,-9.903476,87.374725,5.671286,0.072528,0.873144,-0.102226,0.471073,-12.146015,50.906147,-1.700947,-0.038985,0.917467,0.040699,0.393799,-22.691723,5.094817,3.510455,-0.093290,0.863105,-0.079268,0.489962,-0.610081,87.004417,20.766634,-0.012517,0.859574,-0.087651,0.503282,2.497143,50.847816,29.274380,-0.037191,0.802791,0.048693,0.593104,-0.657989,4.291940,36.997292,-0.038985,0.917467,0.040699,0.393799,-12.527962,0.770384,-5.872416,-0.037191,0.802791,0.048693,0.593104,12.634113,0.199076,32.921814
487,4.058333,-0.007301,0.872152,0.034686,0.487950,-5.231812,87.190056,13.208117,-0.065581,0.856675,0.123098,0.496643,-5.570460,94.441330,13.596148,-0.026752,0.859512,0.105070,0.499484,-8.520138,106.523003,15.428622,0.024175,0.895095,-0.055051,0.441803,-10.783705,121.166016,17.736332,0.040989,0.919068,-0.092330,0.380931,-8.122989,134.595261,15.605503,-0.014400,0.787989,0.237083,0.568030,-12.682825,115.714249,14.350205,0.231455,-0.330139,0.220079,-0.888258,-18.853100,120.010078,-1.360424,0.229039,0.401941,-0.426904,-0.777006,-1.735859,106.424225,-13.467813,0.326685,0.462086,-0.329453,-0.755787,4.303616,122.809601,-5.172512,-0.139431,0.891328,0.178821,0.392577,-9.140292,115.296082,20.478350,0.330840,0.872633,0.147072,-0.327759,2.230968,117.179825,33.535770,-0.103653,0.241194,0.509942,-0.819171,16.377470,105.162979,16.813438,0.018963,0.047136,0.464679,-0.884021,9.077789,122.940598,11.002400,0.075429,0.865589,0.071354,0.489872,-9.874591,87.377243,5.658082,0.072613,0.873196,-0.102249,0.470958,-12.136073,50.907124,-1.700776,-0.038997,0.917487,0.040601,0.393763,-22.689083,5.097416,3.510057,-0.093191,0.863092,-0.079396,0.489983,-0.589032,87.002869,20.758150,-0.012475,0.859631,-0.087745,0.503169,2.506953,50.846409,29.270597,-0.036549,0.802831,0.049366,0.593035,-0.655027,4.292002,36.999557,-0.038997,0.917487,0.040601,0.393763,-12.526241,0.770599,-5.872708,-0.036549,0.802831,0.049366,0.593035,12.635024,0.203558,32.912975
488,4.066667,-0.007287,0.872114,0.034436,0.488035,-5.221228,87.192413,13.206583,-0.065696,0.856613,0.122967,0.496766,-5.557976,94.443939,13.591516,-0.026690,0.859453,0.104971,0.499610,-8.508515,106.525017,15.419178,0.023813,0.894746,-0.055596,0.442460,-10.769356,121.168755,17.724993,0.041057,0.918496,-0.091948,0.382395,-8.108574,134.595673,15.579600,-0.015726,0.786265,0.238587,0.569751,-12.668814,115.717125,14.338838,0.230869,-0.330134,0.220991,-0.888186,-18.769501,120.021568,-1.396592,0.228659,0.402988,-0.427357,-0.776326,-1.672204,106.405746,-13.498497,0.327006,0.462089,-0.329784,-0.755502,4.322840,122.805405,-5.175702,-0.139430,0.891346,0.178947,0.392480,-9.128016,115.298691,20.467966,0.330914,0.872679,0.147074,-0.327562,2.245916,117.181358,33.523212,-0.103709,0.241198,0.509971,-0.819144,16.396418,105.159119,16.808146,0.019010,0.047198,0.464716,-0.883997,9.097494,122.938957,10.998089,0.075408,0.865525,0.071388,0.489983,-9.862537,87.377701,5.655598,0.072754,0.873176,-0.102480,0.470923,-12.120511,50.907719,-1.704986,-0.038365,0.917458,0.040820,0.393868,-22.695021,5.104441,3.518699,-0.093175,0.863072,-0.079396,0.490023,-0.579919,87.007118,20.757568,-0.012277,0.859478,-0.087654,0.503451,2.514628,50.850426,29.269556,-0.037541,0.802465,0.048491,0.593540,-0.661652,4.294032,36.980667,-0.038365,0.917458,0.040820,0.393868,-12.535092,0.776092,-5.866518,-0.037541,0.802465,0.048491,0.593540,12.636304,0.202450,32.923042
489,4.075000,-0.007391,0.872090,0.034460,0.488075,-5.200867,87.193787,13.201326,-0.065765,0.856575,0.122935,0.496831,-5.539117,94.445267,13.585809,-0.026749,0.859410,0.104925,0.499689,-8.490745,106.525780,15.411626,0.023838,0.894422,-0.055624,0.443110,-10.752615,121.169724,17.715172,0.040863,0.917992,-0.091846,0.383647,-8.088556,134.596390,15.572360,-0.015712,0.786283,0.238548,0.569743,-12.651202,115.717575,14.329333,0.231187,-0.330057,0.220968,-0.888137,-18.752241,120.021530,-1.406094,0.228906,0.403080,-0.427251,-0.776263,-1.651906,106.402901,-13.500558,0.327213,0.462049,-0.330057,-0.755317,4.343527,122.802444,-5.179402,-0.139158,0.891345,0.178761,0.392664,-9.111569,115.300056,20.459198,0.330807,0.872744,0.147189,-0.327446,2.259983,117.175674,33.517540,-0.103749,0.241296,0.509939,-0.819130,16.417812,105.158058,16.805349,0.019144,0.047331,0.464450,-0.884126,9.119637,122.936943,10.993015,0.075511,0.865542,0.071253,0.489957,-9.841460,87.377716,5.649865,0.072796,0.872872,-0.102639,0.471446,-12.111190,50.907455,-1.705728,-0.038422,0.917442,0.040764,0.393906,-22.699211,5.107829,3.522629,-0.093135,0.863028,-0.079491,0.490092,-0.560275,87.009857,20.752789,-0.012151,0.859462,-0.087691,0.503475,2.527510,50.853741,29.269648,-0.037608,0.802315,0.048757,0.593716,-0.660996,4.297665,36.977650,-0.038422,0.917442,0.040764,0.393906,-12.538169,0.778728,-5.861036,-0.037608,0.802315,0.048757,0.593716,12.640485,0.213159,32.924438
490,4.083333,-0.007135,0.872078,0.034336,0.488109,-5.192609,87.199585,13.195941,-0.065857,0.856465,0.123014,0.496989,-5.526752,94.451248,13.580656,-0.026940,0.859279,0.104917,0.499906,-8.482192,106.533173,15.406749,0.024418,0.893971,-0.056079,0.443931,-10.749449,121.176842,17.706654,0.040473,0.917440,-0.091704,0.385040,-8.062889,134.599014,15.563728,-0.015766,0.786117,0.238387,0.570038,-12.644654,115.723625,14.320679,0.231346,-0.329879,0.221156,-0.888115,-18.733910,120.025459,-1.419887,0.229220,0.403158,-0.427143,-0.776190,-1.631871,106.398178,-13.502172,0.327687,0.461908,-0.330289,-0.755097,4.364861,122.799217,-5.183859,-0.138931,0.891481,0.178705,0.392460,-9.108240,115.308090,20.452538,0.330720,0.872898,0.147318,-0.327064,2.271079,117.179359,33.504723,-0.103670,0.241331,0.509770,-0.819235,16.444254,105.162285,16.805168,0.019330,0.047417,0.464351,-0.884170,9.140156,122.936333,10.988608,0.075449,0.865483,0.071137,0.490089,-9.832676,87.386414,5.644231,0.072913,0.872858,-0.102661,0.471448,-12.101624,50.914215,-1.701984,-0.038305,0.917466,0.040551,0.393885,-22.700279,5.116642,3.522867,-0.093289,0.863102,-0.079534,0.489924,-0.552543,87.012756,20.747650,-0.012029,0.859770,-0.087898,0.502917,2.545097,50.859295,29.272243,-0.036865,0.802584,0.048974,0.593381,-0.658214,4.306388,36.993252,-0.038305,0.917466,0.040551,0.393885,-12.541379,0.780811,-5.860003,-0.036865,0.802584,0.048974,0.593381,12.635657,0.214420,32.922657
491,4.091667,-0.007242,0.872123,0.034368,0.488024,-5.168160,87.200310,13.188868,-0.066009,0.856446,0.123076,0.496987,-5.503850,94.451920,13.573268,-0.026997,0.859262,0.104865,0.499942,-8.463517,106.533813,15.398872,0.024406,0.893689,-0.056060,0.444501,-10.731573,121.177719,17.696486,0.040286,0.916983,-0.091607,0.386170,-8.043490,134.600052,15.556473,-0.015134,0.786821,0.237638,0.569396,-12.626241,115.723946,14.311105,0.231633,-0.329697,0.221008,-0.888145,-18.741638,120.022522,-1.420212,0.229745,0.402823,-0.426797,-0.776399,-1.630326,106.398842,-13.493421,0.328155,0.462022,-0.330357,-0.754794,4.387085,122.795021,-5.189154,-0.139014,0.891455,0.178736,0.392474,-9.090393,115.309433,20.443357,0.330852,0.872899,0.147330,-0.326921,2.287729,117.182632,33.496307,-0.103600,0.241349,0.509845,-0.819192,16.461199,105.158905,16.801790,0.019420,0.047400,0.464419,-0.884133,9.160343,122.934357,10.983799,0.075555,0.865439,0.071058,0.490161,-9.809673,87.385712,5.638011,0.073000,0.872729,-0.102831,0.471636,-12.087717,50.913872,-1.707159,-0.038272,0.917459,0.040491,0.393909,-22.702036,5.120790,3.525222,-0.093193,0.863139,-0.079747,0.489843,-0.526646,87.014908,20.739723,-0.011859,0.859848,-0.087948,0.502778,2.557743,50.862633,29.274130,-0.038635,0.802575,0.047660,0.593388,-0.660544,4.310176,36.991615,-0.038272,0.917459,0.040491,0.393909,-12.543133,0.783076,-5.856779,-0.038635,0.802575,0.047660,0.593388,12.639755,0.218155,32.942123
492,4.100000,-0.007181,0.872112,0.034267,0.488052,-5.154241,87.200333,13.182425,-0.066073,0.856426,0.123045,0.497020,-5.488440,94.452057,13.565968,-0.027024,0.859253,0.104708,0.499991,-8.449154,106.533943,15.389982,0.024453,0.893407,-0.056025,0.445069,-10.715700,121.178795,17.683081,0.040105,0.916536,-0.091509,0.387273,-8.024867,134.601227,15.547112,-0.015096,0.786803,0.237496,0.569481,-12.610659,115.724251,14.299086,0.231684,-0.329562,0.221125,-0.888153,-18.722731,120.021782,-1.433815,0.230099,0.402999,-0.426593,-0.776315,-1.609545,106.393578,-13.499262,0.328783,0.462153,-0.330426,-0.754410,4.409201,122.789505,-5.194956,-0.139009,0.891409,0.178687,0.392602,-9.075518,115.311111,20.431841,0.330840,0.872976,0.147370,-0.326711,2.299147,117.183807,33.487892,-0.103527,0.241430,0.509792,-0.819211,16.479918,105.158447,16.800734,0.019452,0.047374,0.464638,-0.884019,9.178845,122.931244,10.978517,0.075560,0.865387,0.071022,0.490257,-9.795284,87.385826,5.631281,0.073101,0.872786,-0.102908,0.471499,-12.074142,50.913666,-1.712053,-0.038280,0.917484,0.040474,0.393851,-22.699244,5.123472,3.523735,-0.093180,0.863141,-0.079793,0.489836,-0.513197,87.014839,20.733570,-0.011765,0.860043,-0.088044,0.502429,2.568770,50.862930,29.270437,-0.038427,0.802574,0.047980,0.593377,-0.658553,4.311862,36.992516,-0.038280,0.917484,0.040474,0.393851,-12.541479,0.785383,-5.859328,-0.038427,0.802574,0.047980,0.593377,12.641686,0.223543,32.939079
493,4.108333,-0.007148,0.872069,0.034091,0.488142,-5.137837,87.199814,13.177453,-0.066152,0.856381,0.123005,0.497096,-5.470417,94.451714,13.558966,-0.027115,0.859214,0.104572,0.500081,-8.431994,106.531586,15.380558,0.024633,0.893143,-0.056246,0.445563,-10.699083,121.177147,17.668577,0.039847,0.916183,-0.091247,0.388193,-7.999448,134.597672,15.531773,-0.015023,0.786778,0.237512,0.569511,-12.593281,115.721550,14.285872,0.231762,-0.329393,0.221265,-0.888160,-18.704241,120.021645,-1.446758,0.230376,0.403038,-0.426501,-0.776263,-1.588586,106.387779,-13.502316,0.329127,0.462203,-0.330443,-0.754222,4.431712,122.783951,-5.201791,-0.138999,0.891380,0.178600,0.392712,-9.059493,115.310326,20.419533,0.330853,0.873045,0.147222,-0.326580,2.312276,117.183090,33.478088,-0.103736,0.241684,0.509787,-0.819112,16.496847,105.152641,16.797844,0.019254,0.047628,0.464632,-0.884013,9.200100,122.927261,10.972157,0.075570,0.865377,0.070956,0.490282,-9.777337,87.384346,5.625338,0.073218,0.872794,-0.102977,0.471450,-12.059081,50.911606,-1.714215,-0.038280,0.917494,0.040427,0.393834,-22.696556,5.124384,3.522458,-0.093140,0.863154,-0.079788,0.489820,-0.498337,87.015274,20.729568,-0.011597,0.859783,-0.088011,0.502885,2.581407,50.862755,29.264593,-0.038324,0.802315,0.048057,0.593728,-0.662091,4.310754,36.974258,-0.038280,0.917494,0.040427,0.393834,-12.539280,0.785099,-5.860577,-0.038324,0.802315,0.048057,0.593728,12.641251,0.222473,32.930992
494,4.116667,-0.007141,0.872031,0.034009,0.488215,-5.120816,87.199219,13.171844,-0.066184,0.856383,0.122994,0.497091,-5.452761,94.451202,13.552340,-0.027154,0.859235,0.104472,0.500064,-8.414937,106.531204,15.373341,0.024691,0.892952,-0.056117,0.445957,-10.681491,121.177330,17.658293,0.039679,0.915862,-0.091189,0.388982,-7.980572,134.598495,15.527126,-0.015105,0.786663,0.237523,0.569663,-12.575986,115.721062,14.276835,0.231841,-0.329320,0.221420,-0.888128,-18.680841,120.020447,-1.458353,0.230528,0.403076,-0.426478,-0.776211,-1.566216,106.379616,-13.507483,0.329377,0.462124,-0.330637,-0.754077,4.453884,122.777573,-5.208607,-0.138975,0.891314,0.178501,0.392915,-9.041975,115.311050,20.410448,0.330822,0.873102,0.147251,-0.326447,2.324455,117.182838,33.473789,-0.103613,0.241841,0.509736,-0.819114,16.514423,105.152298,16.798199,0.019275,0.047628,0.464870,-0.883887,9.219131,122.923492,10.965000,0.075576,0.865337,0.070887,0.490362,-9.759048,87.383202,5.618937,0.073325,0.872766,-0.103060,0.471468,-12.043061,50.909782,-1.716574,-0.038234,0.917514,0.040384,0.393795,-22.692997,5.125651,3.521805,-0.093122,0.863197,-0.079855,0.489737,-0.482584,87.015236,20.724751,-0.011432,0.859927,-0.088128,0.502622,2.594331,50.863258,29.263121,-0.037607,0.802406,0.047985,0.593656,-0.665811,4.312861,36.975460,-0.038234,0.917514,0.040384,0.393795,-12.537052,0.784737,-5.861919,-0.037607,0.802406,0.047985,0.593656,12.631315,0.211067,32.925434
495,4.125000,-0.007158,0.872037,0.033958,0.488207,-5.101937,87.198105,13.166118,-0.066158,0.856550,0.122589,0.496908,-5.433726,94.450142,13.545853,-0.027078,0.859394,0.104700,0.499747,-8.387908,106.524292,15.358003,0.024519,0.892845,-0.055912,0.446207,-10.655067,121.169113,17.650715,0.039403,0.915518,-0.091107,0.389839,-7.959894,134.592056,15.523508,-0.015096,0.786724,0.237454,0.569607,-12.551187,115.713943,14.268370,0.232295,-0.329369,0.221194,-0.888047,-18.658247,120.011726,-1.466401,0.230678,0.403165,-0.426469,-0.776125,-1.540247,106.373764,-13.513986,0.329356,0.462051,-0.330715,-0.754096,4.477109,122.772385,-5.216544,-0.139224,0.891186,0.178266,0.393225,-9.012627,115.301941,20.399225,0.330871,0.873076,0.147369,-0.326414,2.342910,117.182121,33.470833,-0.103544,0.241821,0.509788,-0.819096,16.532337,105.151596,16.794786,0.019357,0.047735,0.465172,-0.883720,9.238894,122.923149,10.961303,0.075566,0.865432,0.070850,0.490202,-9.740300,87.381386,5.613275,0.073455,0.872761,-0.103176,0.471431,-12.026410,50.907471,-1.719077,-0.038663,0.917533,0.040225,0.393725,-22.691875,5.127409,3.523253,-0.093095,0.863174,-0.079899,0.489776,-0.463573,87.014832,20.718960,-0.011436,0.859950,-0.088364,0.502541,2.609628,50.863003,29.259277,-0.037777,0.802674,0.047680,0.593307,-0.660747,4.316554,36.991047,-0.038663,0.917533,0.040225,0.393725,-12.533948,0.787297,-5.858691,-0.037777,0.802674,0.047680,0.593307,12.632661,0.210717,32.932919
496,4.133333,-0.007250,0.872024,0.033956,0.488231,-5.081545,87.199524,13.160083,-0.065974,0.856503,0.122480,0.497041,-5.414497,94.451538,13.539125,-0.027129,0.859293,0.104642,0.499930,-8.362744,106.523087,15.350275,0.024535,0.892543,-0.055851,0.446817,-10.630841,121.168182,17.640274,0.039005,0.915113,-0.091000,0.390852,-7.933855,134.591476,15.517539,-0.015178,0.786819,0.237463,0.569471,-12.525527,115.712631,14.257765,0.232168,-0.329274,0.221238,-0.888105,-18.637920,120.007156,-1.475829,0.230732,0.403201,-0.426460,-0.776095,-1.517758,106.369804,-13.521043,0.329590,0.462082,-0.330636,-0.754010,4.498636,122.768471,-5.223969,-0.139296,0.891107,0.178098,0.393453,-8.989596,115.301338,20.390186,0.330868,0.873101,0.147318,-0.326371,2.358984,117.184258,33.467442,-0.103524,0.241916,0.509822,-0.819049,16.549898,105.152252,16.793722,0.019428,0.047739,0.465371,-0.883614,9.259568,122.924446,10.957196,0.075634,0.865395,0.070762,0.490270,-9.719484,87.381378,5.606944,0.073554,0.872685,-0.103288,0.471532,-12.012617,50.907291,-1.722416,-0.038844,0.917541,0.040091,0.393703,-22.691736,5.130804,3.523360,-0.093072,0.863178,-0.079984,0.489760,-0.443605,87.017677,20.713223,-0.011262,0.860057,-0.088449,0.502347,2.625087,50.866550,29.258133,-0.037660,0.802631,0.047637,0.593377,-0.661724,4.321137,36.989197,-0.038844,0.917541,0.040091,0.393703,-12.533030,0.789345,-5.857121,-0.037660,0.802631,0.047637,0.593377,12.631321,0.212411,32.932804
497,4.141667,-0.007326,0.872006,0.033926,0.488263,-5.062249,87.200172,13.153550,-0.065590,0.856448,0.122295,0.497231,-5.395962,94.452194,13.531661,-0.027520,0.859113,0.104651,0.500216,-8.332316,106.518723,15.342026,0.024532,0.892216,-0.055744,0.447483,-10.611361,121.163132,17.625595,0.038759,0.914717,-0.090875,0.391832,-7.913345,134.587097,15.508479,-0.015026,0.787021,0.237365,0.569236,-12.500061,115.705284,14.243418,0.232177,-0.329104,0.221187,-0.888178,-18.621918,120.000008,-1.486439,0.230820,0.403223,-0.426480,-0.776047,-1.495051,106.365929,-13.525820,0.329805,0.462060,-0.330740,-0.753883,4.519856,122.765556,-5.230699,-0.139425,0.891012,0.177980,0.393676,-8.968493,115.298203,20.378633,0.330876,0.873144,0.147390,-0.326217,2.372728,117.184898,33.461723,-0.103898,0.242456,0.509933,-0.818773,16.568420,105.151894,16.792793,0.019285,0.048251,0.463779,-0.884426,9.293281,122.927650,10.949440,0.075708,0.865343,0.070685,0.490360,-9.699603,87.380608,5.600020,0.073635,0.872548,-0.103461,0.471735,-11.999581,50.906563,-1.727358,-0.038692,0.917539,0.040035,0.393730,-22.694111,5.134580,3.526258,-0.093099,0.863226,-0.080075,0.489655,-0.424895,87.019737,20.707079,-0.011061,0.860134,-0.088537,0.502204,2.643193,50.870060,29.258358,-0.037763,0.802609,0.047426,0.593417,-0.662867,4.325709,36.987610,-0.038692,0.917539,0.040035,0.393730,-12.536409,0.789987,-5.853858,-0.037763,0.802609,0.047426,0.593417,12.630291,0.213983,32.934631
498,4.150000,-0.007352,0.871986,0.033816,0.488306,-5.043365,87.200043,13.147417,-0.065687,0.856423,0.122154,0.497297,-5.376647,94.452171,13.523944,-0.027412,0.859084,0.104745,0.500251,-8.313054,106.517456,15.329615,0.024511,0.892001,-0.055634,0.447926,-10.590837,121.161446,17.617094,0.038514,0.914359,-0.090844,0.392698,-7.893082,134.586166,15.504400,-0.015042,0.787009,0.237347,0.569260,-12.479854,115.704727,14.233293,0.232545,-0.329117,0.221108,-0.888097,-18.600771,119.998825,-1.497108,0.231169,0.403422,-0.426263,-0.775958,-1.472576,106.362961,-13.532585,0.330150,0.462128,-0.330707,-0.753705,4.542856,122.760712,-5.237211,-0.139468,0.890964,0.177843,0.393832,-8.948699,115.295601,20.368614,0.331024,0.873101,0.147842,-0.325975,2.387836,117.184326,33.455482,-0.103737,0.242405,0.510066,-0.818725,16.586517,105.151161,16.789196,0.019361,0.048200,0.463845,-0.884392,9.316130,122.927811,10.945458,0.075700,0.865332,0.070652,0.490386,-9.679974,87.379166,5.593393,0.073787,0.872702,-0.103537,0.471410,-11.980450,50.904667,-1.731627,-0.038547,0.917560,0.040082,0.393689,-22.688797,5.136287,3.525308,-0.093043,0.863219,-0.080123,0.489669,-0.406756,87.020927,20.701441,-0.010954,0.860197,-0.088627,0.502081,2.655886,50.871063,29.253864,-0.038263,0.802531,0.047180,0.593510,-0.662084,4.327980,36.985672,-0.038547,0.917560,0.040082,0.393689,-12.533094,0.791219,-5.856757,-0.038263,0.802531,0.047180,0.593510,12.634409,0.219059,32.940781
499,4.158333,-0.007360,0.871989,0.033731,0.488307,-5.021879,87.200035,13.140562,-0.065813,0.856365,0.122194,0.497369,-5.354662,94.452248,13.515952,-0.027408,0.859030,0.104713,0.500351,-8.295038,106.519554,15.321019,0.024486,0.891749,-0.055704,0.448420,-10.572491,121.163750,17.607481,0.038320,0.913978,-0.090740,0.393627,-7.872734,134.588104,15.495081,-0.015117,0.786901,0.237357,0.569403,-12.461058,115.707031,14.223441,0.232460,-0.329031,0.221276,-0.888109,-18.576218,120.000519,-1.509358,0.231362,0.403573,-0.426173,-0.775872,-1.448910,106.359444,-13.540191,0.330518,0.462360,-0.330659,-0.753423,4.564962,122.757927,-5.243765,-0.139450,0.890918,0.177818,0.393954,-8.931314,115.297913,20.359570,0.330946,0.873191,0.147431,-0.326000,2.402045,117.185425,33.449352,-0.103943,0.242678,0.510025,-0.818644,16.602478,105.147675,16.787899,0.019241,0.048321,0.463955,-0.884330,9.335039,122.926102,10.939528,0.075779,0.865299,0.070584,0.490441,-9.658474,87.378288,5.586513,0.073873,0.872704,-0.103631,0.471372,-11.966026,50.903976,-1.737180,-0.038581,0.917583,0.039948,0.393645,-22.685314,5.138654,3.524005,-0.092958,0.863211,-0.080171,0.489692,-0.385284,87.021782,20.694611,-0.010852,0.860244,-0.088756,0.501981,2.669915,50.871307,29.247110,-0.038205,0.802546,0.047065,0.593503,-0.661529,4.330182,36.984894,-0.038581,0.917583,0.039948,0.393645,-12.530589,0.790548,-5.857705,-0.038205,0.802546,0.047065,0.593503,12.633911,0.217717,32.940163
500,4.166667,-0.007287,0.871917,0.033527,0.488450,-5.004526,87.199646,13.134035,-0.065869,0.856323,0.122193,0.497435,-5.335001,94.452072,13.507298,-0.027386,0.859012,0.104670,0.500393,-8.277065,106.520721,15.311639,0.024379,0.891538,-0.055595,0.448860,-10.553422,121.165230,17.597237,0.038216,0.913610,-0.090716,0.394496,-7.856040,134.590591,15.488163,-0.015062,0.786904,0.237221,0.569457,-12.442172,115.708519,14.213276,0.232477,-0.328888,0.221391,-0.888129,-18.555237,120.001266,-1.520541,0.231562,0.403720,-0.426117,-0.775766,-1.425736,106.356285,-13.543822,0.330843,0.462413,-0.330568,-0.753288,4.584976,122.754654,-5.247996,-0.139542,0.890852,0.177831,0.394064,-8.913012,115.299355,20.349737,0.330995,0.873239,0.147578,-0.325756,2.416423,117.188553,33.442680,-0.103960,0.242885,0.509947,-0.818629,16.623171,105.148445,16.788290,0.019086,0.048719,0.463855,-0.884365,9.357162,122.923729,10.933698,0.075778,0.865291,0.070485,0.490470,-9.638651,87.377342,5.578457,0.073994,0.872718,-0.103708,0.471310,-11.949582,50.901974,-1.738875,-0.038452,0.917611,0.039862,0.393601,-22.681784,5.139854,3.523825,-0.092938,0.863217,-0.080147,0.489689,-0.370401,87.021950,20.689613,-0.010715,0.860377,-0.088942,0.501723,2.684455,50.870903,29.239834,-0.037382,0.802494,0.047329,0.593604,-0.664699,4.332629,36.987103,-0.038452,0.917611,0.039862,0.393601,-12.529378,0.788105,-5.858707,-0.037382,0.802494,0.047329,0.593604,12.627085,0.212427,32.938217
501,4.175000,-0.007329,0.871884,0.033422,0.488515,-4.985806,87.199036,13.129362,-0.065878,0.856287,0.122130,0.497512,-5.316098,94.451553,13.500982,-0.027441,0.858965,0.104621,0.500481,-8.258157,106.522179,15.303844,0.024344,0.891257,-0.055611,0.449417,-10.535442,121.166901,17.587116,0.038069,0.913167,-0.090624,0.395555,-7.836732,134.592270,15.479782,-0.015047,0.786899,0.237133,0.569501,-12.423306,115.709709,14.203437,0.232519,-0.328797,0.221386,-0.888153,-18.534651,120.001495,-1.531310,0.231777,0.403905,-0.425938,-0.775704,-1.402083,106.356827,-13.550554,0.331181,0.462576,-0.330558,-0.753043,4.608745,122.753700,-5.252140,-0.139513,0.890801,0.177789,0.394210,-8.895443,115.301430,20.340706,0.331121,0.873211,0.147894,-0.325560,2.430269,117.189156,33.437080,-0.103689,0.242616,0.509942,-0.818746,16.639244,105.147720,16.785563,0.019068,0.048628,0.465172,-0.883678,9.368284,122.920273,10.933476,0.075786,0.865320,0.070454,0.490423,-9.618799,87.375221,5.573055,0.074104,0.872711,-0.103836,0.471278,-11.931754,50.899624,-1.742496,-0.038268,0.917636,0.039884,0.393559,-22.678392,5.141550,3.525963,-0.092889,0.863101,-0.080046,0.489920,-0.352813,87.022842,20.685669,-0.010705,0.860145,-0.089066,0.502099,2.700400,50.869907,29.228491,-0.038579,0.802593,0.046666,0.593446,-0.658864,4.333693,36.983776,-0.038268,0.917636,0.039884,0.393559,-12.528422,0.788264,-5.858492,-0.038579,0.802593,0.046666,0.593446,12.636779,0.218526,32.942463
502,4.183333,-0.007415,0.871889,0.033484,0.488502,-4.962896,87.197159,13.123092,-0.066098,0.856209,0.122158,0.497610,-5.294707,94.449600,13.494886,-0.027454,0.858890,0.104608,0.500612,-8.242919,106.523109,15.295768,0.024455,0.890973,-0.055624,0.449972,-10.520700,121.167885,17.578188,0.037868,0.912754,-0.090604,0.396531,-7.817172,134.592865,15.474513,-0.014958,0.786821,0.237048,0.569646,-12.407611,115.710678,14.193996,0.232556,-0.328693,0.221517,-0.888149,-18.513275,120.004463,-1.542410,0.231940,0.404028,-0.425826,-0.775653,-1.380168,106.354645,-13.555038,0.331353,0.462684,-0.330659,-0.752857,4.630656,122.751389,-5.255250,-0.139561,0.890799,0.177840,0.394174,-8.881614,115.302422,20.332338,0.331084,0.873283,0.148022,-0.325347,2.444623,117.191162,33.428112,-0.103739,0.242699,0.509857,-0.818768,16.661757,105.150665,16.782873,0.019005,0.048861,0.465217,-0.883643,9.388785,122.921982,10.928436,0.075869,0.865297,0.070365,0.490462,-9.596092,87.372551,5.566891,0.074181,0.872578,-0.103956,0.471485,-11.917329,50.896954,-1.746075,-0.038336,0.917642,0.039797,0.393548,-22.676754,5.142322,3.526134,-0.092823,0.863046,-0.080142,0.490013,-0.329699,87.021774,20.679293,-0.010530,0.860203,-0.089188,0.501982,2.714843,50.869083,29.226231,-0.036843,0.802530,0.047471,0.593578,-0.663400,4.334590,36.983578,-0.038336,0.917642,0.039797,0.393548,-12.526676,0.787584,-5.857528,-0.036843,0.802530,0.047471,0.593578,12.624918,0.208626,32.929195
503,4.191667,-0.007473,0.871917,0.033560,0.488446,-4.945642,87.197876,13.118720,-0.066398,0.856248,0.121985,0.497544,-5.278707,94.450226,13.491079,-0.027133,0.858974,0.104685,0.500468,-8.232812,106.530807,15.285784,0.024112,0.890799,-0.055669,0.450330,-10.503084,121.175636,17.575377,0.037880,0.912302,-0.090646,0.397560,-7.806048,134.601334,15.468004,-0.015096,0.786783,0.236781,0.569807,-12.393815,115.720726,14.189617,0.232595,-0.328629,0.221592,-0.888144,-18.492950,120.006767,-1.551434,0.232048,0.404147,-0.425756,-0.775597,-1.359406,106.353775,-13.559842,0.331429,0.462751,-0.330581,-0.752816,4.649852,122.749855,-5.258686,-0.139468,0.890789,0.177755,0.394269,-8.865525,115.308258,20.326361,0.331148,0.873304,0.148355,-0.325072,2.459016,117.194618,33.423950,-0.103601,0.242745,0.509803,-0.818805,16.682945,105.154335,16.784363,0.018961,0.049009,0.465159,-0.883666,9.408637,122.923599,10.924916,0.075809,0.865318,0.070373,0.490435,-9.579795,87.372986,5.563098,0.074334,0.872621,-0.104066,0.471358,-11.897163,50.896790,-1.748096,-0.038427,0.917682,0.039710,0.393454,-22.673140,5.146459,3.527668,-0.092810,0.862954,-0.080146,0.490177,-0.311488,87.022766,20.674341,-0.010404,0.860116,-0.089262,0.502120,2.730419,50.869942,29.221645,-0.036712,0.802442,0.047544,0.593700,-0.662825,4.336447,36.978424,-0.038427,0.917682,0.039710,0.393454,-12.524385,0.790497,-5.856863,-0.036712,0.802442,0.047544,0.593700,12.626102,0.209928,32.926605
504,4.200000,-0.007482,0.871929,0.033530,0.488426,-4.929856,87.199059,13.112809,-0.066251,0.856132,0.122181,0.497716,-5.262808,94.451447,13.484737,-0.027397,0.858809,0.104460,0.500784,-8.218211,106.538177,15.285865,0.024316,0.890438,-0.055947,0.450998,-10.492757,121.183983,17.564934,0.037716,0.911881,-0.090521,0.398568,-7.785014,134.607361,15.456536,-0.015279,0.786554,0.236824,0.570100,-12.379928,115.726723,14.180970,0.232614,-0.328506,0.221785,-0.888136,-18.467232,120.011139,-1.565097,0.232146,0.404307,-0.425782,-0.775470,-1.333943,106.350769,-13.565464,0.331498,0.462824,-0.330590,-0.752737,4.669804,122.749451,-5.262846,-0.139292,0.890845,0.177797,0.394185,-8.856335,115.318527,20.320696,0.331138,0.873379,0.148300,-0.324904,2.472199,117.199646,33.415577,-0.103645,0.242855,0.509750,-0.818800,16.701906,105.156418,16.783070,0.018931,0.049085,0.465175,-0.883654,9.427668,122.924492,10.920832,0.075786,0.865289,0.070349,0.490491,-9.564347,87.373764,5.557386,0.074460,0.872651,-0.104168,0.471259,-11.880620,50.897060,-1.751621,-0.038189,0.917705,0.039620,0.393432,-22.670855,5.150536,3.527966,-0.092847,0.862872,-0.080089,0.490324,-0.295364,87.024361,20.668232,-0.010281,0.860033,-0.089424,0.502236,2.749572,50.871365,29.213741,-0.036808,0.802433,0.047283,0.593726,-0.662469,4.340360,36.977215,-0.038189,0.917705,0.039620,0.393432,-12.524975,0.789613,-5.857365,-0.036808,0.802433,0.047283,0.593726,12.626139,0.209610,32.928654
505,4.208333,-0.007485,0.871842,0.033391,0.488591,-4.911861,87.196632,13.106606,-0.065510,0.856123,0.122043,0.497862,-5.243936,94.449142,13.476689,-0.028079,0.858656,0.104336,0.501035,-8.179585,106.528854,15.282312,0.024243,0.890101,-0.055702,0.451697,-10.470501,121.174301,17.547251,0.037534,0.911447,-0.090488,0.399585,-7.765059,134.599442,15.447062,-0.015055,0.786742,0.236867,0.569828,-12.349712,115.712273,14.166553,0.232454,-0.328404,0.221651,-0.888249,-18.448057,120.001343,-1.573977,0.232051,0.404452,-0.425785,-0.775421,-1.308428,106.349480,-13.574985,0.331549,0.462914,-0.330619,-0.752647,4.690706,122.747314,-5.267231,-0.139515,0.890780,0.177796,0.394252,-8.830212,115.312836,20.309200,0.331073,0.873450,0.148581,-0.324654,2.494321,117.200172,33.406647,-0.103502,0.242783,0.509559,-0.818959,16.734329,105.161308,16.779787,0.018942,0.049073,0.464820,-0.883841,9.451027,122.924301,10.914779,0.075697,0.865436,0.070238,0.490263,-9.543495,87.370193,5.549404,0.074681,0.872629,-0.104234,0.471250,-11.860119,50.891312,-1.748609,-0.037996,0.917685,0.039654,0.393496,-22.671265,5.149189,3.526403,-0.092867,0.862807,-0.080011,0.490447,-0.280227,87.023071,20.663807,-0.010120,0.860170,-0.089594,0.501974,2.767643,50.869411,29.205481,-0.037091,0.802349,0.047178,0.593830,-0.663215,4.340971,36.976055,-0.037996,0.917685,0.039654,0.393496,-12.525746,0.786977,-5.858723,-0.037091,0.802349,0.047178,0.593830,12.627961,0.212577,32.933529
506,4.216667,-0.007455,0.871842,0.033350,0.488594,-4.896354,87.196014,13.099074,-0.065484,0.856073,0.122071,0.497945,-5.227762,94.448578,13.468859,-0.028100,0.858596,0.104196,0.501166,-8.163486,106.528648,15.275190,0.024438,0.889785,-0.055977,0.452274,-10.453190,121.174934,17.535908,0.037288,0.911009,-0.090314,0.400644,-7.737620,134.597794,15.434241,-0.015045,0.786703,0.236828,0.569898,-12.332101,115.712334,14.155972,0.232340,-0.328252,0.221777,-0.888304,-18.427677,120.001518,-1.585601,0.232143,0.404526,-0.425779,-0.775358,-1.285866,106.347084,-13.580565,0.331705,0.463079,-0.330560,-0.752502,4.711163,122.745773,-5.273055,-0.139418,0.890885,0.177295,0.394275,-8.814476,115.313934,20.299763,0.331024,0.873567,0.148067,-0.324622,2.510372,117.205498,33.396332,-0.103670,0.243032,0.509569,-0.818857,16.753019,105.158257,16.777809,0.019026,0.048929,0.464543,-0.883993,9.474264,122.923889,10.908517,0.075628,0.865387,0.070259,0.490357,-9.527950,87.369690,5.541852,0.074807,0.872683,-0.104336,0.471107,-11.838588,50.890263,-1.755312,-0.037916,0.917722,0.039579,0.393423,-22.663704,5.151945,3.524054,-0.092904,0.862790,-0.079950,0.490479,-0.264758,87.022339,20.656296,-0.009975,0.860208,-0.089776,0.501880,2.787432,50.868477,29.195530,-0.037150,0.802360,0.046999,0.593826,-0.663060,4.342851,36.974258,-0.037916,0.917722,0.039579,0.393423,-12.520615,0.786893,-5.862380,-0.037150,0.802360,0.046999,0.593826,12.627618,0.211413,32.933197
507,4.225000,-0.007390,0.871843,0.033238,0.488601,-4.882827,87.194557,13.094036,-0.065337,0.856048,0.121998,0.498025,-5.212618,94.447243,13.462853,-0.028112,0.858538,0.104098,0.501284,-8.145018,106.530441,15.269573,0.024437,0.889490,-0.056104,0.452838,-10.433879,121.177315,17.527315,0.037098,0.910558,-0.090280,0.401693,-7.714783,134.599396,15.425229,-0.015060,0.786769,0.236647,0.569882,-12.312422,115.714355,14.147756,0.232269,-0.328080,0.221812,-0.888377,-18.408623,119.999352,-1.594716,0.232228,0.404659,-0.425765,-0.775271,-1.261927,106.345726,-13.583621,0.331882,0.463174,-0.330497,-0.752394,4.731261,122.744682,-5.274966,-0.139414,0.890842,0.177253,0.394393,-8.796487,115.316597,20.292555,0.331029,0.873604,0.148072,-0.324515,2.525161,117.207695,33.391956,-0.103646,0.243098,0.509520,-0.818871,16.771114,105.158905,16.777386,0.019025,0.048982,0.464401,-0.884065,9.491830,122.922829,10.905236,0.075519,0.865409,0.070328,0.490325,-9.514308,87.368263,5.536743,0.074939,0.872620,-0.104482,0.471171,-11.815665,50.888329,-1.760849,-0.037204,0.917751,0.039605,0.393421,-22.658352,5.154768,3.523638,-0.093025,0.862825,-0.079864,0.490410,-0.251345,87.020851,20.651329,-0.009752,0.860386,-0.089974,0.501543,2.812447,50.867641,29.189182,-0.036378,0.802489,0.047206,0.593684,-0.662492,4.344970,36.974667,-0.037204,0.917751,0.039605,0.393421,-12.521675,0.782332,-5.866284,-0.036378,0.802489,0.047206,0.593684,12.622200,0.205371,32.922291
508,4.233333,-0.007382,0.871814,0.033211,0.488655,-4.866301,87.193832,13.088739,-0.065353,0.855983,0.122009,0.498132,-5.195817,94.446548,13.457253,-0.028081,0.858471,0.104042,0.501413,-8.129770,106.533173,15.264156,0.024409,0.889198,-0.056087,0.453416,-10.417339,121.180450,17.520597,0.036961,0.910091,-0.090415,0.402733,-7.697098,134.602737,15.421269,-0.015027,0.786760,0.236596,0.569916,-12.295639,115.717590,14.140743,0.232201,-0.327939,0.221947,-0.888413,-18.390518,120.002747,-1.602198,0.232322,0.404751,-0.425770,-0.775193,-1.242223,106.345459,-13.584646,0.332023,0.463285,-0.330456,-0.752281,4.747704,122.744904,-5.276348,-0.139522,0.890890,0.177441,0.394161,-8.781512,115.319633,20.286564,0.330898,0.873731,0.147661,-0.324496,2.545454,117.213150,33.381020,-0.103827,0.243079,0.509349,-0.818960,16.796381,105.161201,16.773005,0.019028,0.049068,0.464703,-0.883901,9.508963,122.924850,10.902992,0.075555,0.865144,0.070551,0.490755,-9.496862,87.367470,5.530880,0.074954,0.872250,-0.104920,0.471755,-11.788644,50.890278,-1.783425,-0.037020,0.917794,0.039312,0.393369,-22.655291,5.165604,3.528674,-0.093157,0.862955,-0.079813,0.490164,-0.235740,87.020203,20.646597,-0.009454,0.860539,-0.090169,0.501251,2.840773,50.868214,29.185072,-0.036296,0.802472,0.047187,0.593712,-0.665137,4.348331,36.973351,-0.037020,0.917794,0.039312,0.393369,-12.522247,0.783666,-5.860742,-0.036296,0.802472,0.047187,0.593712,12.619150,0.206947,32.921471
509,4.241667,-0.007508,0.871833,0.033314,0.488612,-4.846371,87.195541,13.083085,-0.065366,0.855948,0.121939,0.498207,-5.178204,94.448128,13.452027,-0.028096,0.858405,0.104063,0.501519,-8.112632,106.538841,15.257581,0.024543,0.888865,-0.056521,0.454006,-10.401164,121.185974,17.514042,0.036740,0.909599,-0.090327,0.403882,-7.670298,134.605164,15.408773,-0.015072,0.786745,0.236513,0.569970,-12.278467,115.723190,14.133495,0.232725,-0.327927,0.221822,-0.888312,-18.371153,120.005928,-1.610950,0.232666,0.405063,-0.425622,-0.775007,-1.219684,106.346855,-13.586805,0.332175,0.463433,-0.330443,-0.752128,4.765000,122.746185,-5.276869,-0.139520,0.890875,0.177306,0.394257,-8.765873,115.325096,20.280180,0.330902,0.873798,0.147711,-0.324288,2.558480,117.219749,33.376728,-0.103780,0.243152,0.509312,-0.818968,16.816006,105.165794,16.775843,0.019069,0.049114,0.464902,-0.883793,9.528501,122.928238,10.902244,0.075476,0.865176,0.070630,0.490699,-9.477637,87.368088,5.525636,0.075079,0.871789,-0.105240,0.472517,-11.761922,50.890839,-1.790689,-0.037066,0.917797,0.039006,0.393387,-22.657412,5.174300,3.532272,-0.093182,0.862979,-0.079787,0.490121,-0.215106,87.022987,20.640533,-0.009274,0.860515,-0.090327,0.501267,2.864418,50.871044,29.178083,-0.035905,0.802380,0.047165,0.593862,-0.663773,4.353535,36.970459,-0.037066,0.917797,0.039006,0.393387,-12.524517,0.785165,-5.853933,-0.035905,0.802380,0.047165,0.593862,12.619047,0.205183,32.920914
510,4.250000,-0.007497,0.871851,0.033349,0.488577,-4.830499,87.197929,13.077991,-0.065361,0.855929,0.121863,0.498260,-5.162426,94.450485,13.447464,-0.028047,0.858363,0.104130,0.501581,-8.096614,106.544579,15.251735,0.024055,0.888562,-0.055947,0.454696,-10.385065,121.191368,17.510466,0.036815,0.908960,-0.090798,0.405207,-7.670567,134.615570,15.416052,-0.015156,0.786736,0.236408,0.570024,-12.262056,115.729233,14.128704,0.232073,-0.327653,0.222175,-0.888496,-18.352499,120.008049,-1.617675,0.232478,0.405058,-0.425819,-0.774958,-1.199871,106.345177,-13.587523,0.332301,0.463569,-0.330387,-0.752013,4.778994,122.747948,-5.276529,-0.139654,0.890912,0.177477,0.394049,-8.750299,115.329956,20.275793,0.331039,0.873807,0.147785,-0.324090,2.578467,117.227875,33.368046,-0.103750,0.243089,0.509322,-0.818984,16.837851,105.167534,16.773397,0.019155,0.049302,0.464915,-0.883774,9.549392,122.930435,10.901037,0.075396,0.865189,0.070785,0.490666,-9.462373,87.370934,5.520925,0.075198,0.871578,-0.105531,0.472822,-11.736107,50.894428,-1.802389,-0.036720,0.917825,0.038877,0.393367,-22.655979,5.185380,3.534977,-0.093251,0.862994,-0.079689,0.490098,-0.198624,87.024925,20.635056,-0.009043,0.860651,-0.090532,0.501001,2.889090,50.872768,29.168722,-0.036757,0.802299,0.046678,0.593958,-0.665245,4.358372,36.967796,-0.036720,0.917825,0.038877,0.393367,-12.527048,0.789060,-5.852148,-0.036757,0.802299,0.046678,0.593958,12.622312,0.213262,32.930489
511,4.258333,-0.007865,0.871836,0.033495,0.488588,-4.803369,87.195160,13.072658,-0.065466,0.855897,0.121841,0.498306,-5.140996,94.447487,13.441364,-0.028013,0.858336,0.104054,0.501645,-8.078906,106.548157,15.244696,0.024077,0.888263,-0.056032,0.455269,-10.365504,121.195473,17.501848,0.036635,0.908464,-0.090867,0.406319,-7.647430,134.619110,15.408343,-0.015170,0.786746,0.236377,0.570023,-12.242846,115.733322,14.120309,0.232133,-0.327521,0.222269,-0.888505,-18.333323,120.011124,-1.626335,0.232605,0.405242,-0.425847,-0.774809,-1.178475,106.344521,-13.588741,0.332411,0.463770,-0.330468,-0.751806,4.793675,122.749153,-5.276967,-0.139661,0.890850,0.177414,0.394216,-8.731972,115.334061,20.267904,0.331091,0.873853,0.147870,-0.323875,2.592144,117.231712,33.364223,-0.103946,0.243564,0.509378,-0.818783,16.856796,105.168129,16.776457,0.019009,0.049666,0.463661,-0.884416,9.579823,122.932907,10.894598,0.075375,0.865274,0.070991,0.490489,-9.434960,87.363747,5.515316,0.075397,0.871365,-0.105919,0.473096,-11.701169,50.889183,-1.819981,-0.036722,0.917829,0.038647,0.393380,-22.655991,5.190724,3.536387,-0.093211,0.863131,-0.079674,0.489866,-0.171778,87.026566,20.629999,-0.008820,0.860716,-0.090752,0.500853,2.916256,50.873672,29.160469,-0.036678,0.802317,0.046575,0.593947,-0.665306,4.362664,36.967297,-0.036722,0.917829,0.038647,0.393380,-12.527498,0.788626,-5.848505,-0.036678,0.802317,0.046575,0.593947,12.621061,0.213947,32.929768
512,4.266667,-0.007830,0.871822,0.033431,0.488618,-4.790573,87.195930,13.068279,-0.065391,0.855883,0.121804,0.498349,-5.127324,94.448334,13.436408,-0.028003,0.858314,0.103957,0.501703,-8.063662,106.551193,15.240002,0.024472,0.887942,-0.056434,0.455823,-10.348709,121.199127,17.494682,0.036250,0.908013,-0.090844,0.407366,-7.614204,134.619110,15.399128,-0.015135,0.786789,0.236185,0.570044,-12.226315,115.736710,14.113726,0.231989,-0.327334,0.222436,-0.888569,-18.315987,120.011795,-1.633963,0.232673,0.405384,-0.425954,-0.774655,-1.158750,106.341537,-13.588771,0.332582,0.463985,-0.330389,-0.751632,4.805431,122.749306,-5.277202,-0.139628,0.890827,0.177270,0.394342,-8.716252,115.337929,20.261814,0.331190,0.873865,0.147899,-0.323727,2.604697,117.235657,33.360855,-0.103930,0.243670,0.509422,-0.818726,16.870844,105.166916,16.778130,0.019024,0.049831,0.463764,-0.884352,9.597841,122.932091,10.893302,0.075134,0.865353,0.071139,0.490366,-9.421653,87.364517,5.510627,0.075629,0.871504,-0.106026,0.472778,-11.668048,50.888813,-1.825108,-0.036684,0.917890,0.038447,0.393262,-22.644674,5.195838,3.533374,-0.093293,0.863198,-0.079531,0.489756,-0.159493,87.027344,20.625931,-0.008593,0.860953,-0.090975,0.500410,2.940122,50.873901,29.149834,-0.036515,0.802324,0.046475,0.593956,-0.666456,4.366347,36.965744,-0.036684,0.917890,0.038447,0.393262,-12.519525,0.788213,-5.852527,-0.036515,0.802324,0.046475,0.593956,12.618314,0.212691,32.928051
513,4.275000,-0.007838,0.871883,0.033612,0.488496,-4.773303,87.193169,13.059333,-0.065486,0.856019,0.121481,0.498183,-5.111387,94.445389,13.429737,-0.027779,0.858461,0.104069,0.501441,-8.044858,106.547478,15.225503,0.023680,0.887859,-0.055849,0.456099,-10.325130,121.195091,17.487123,0.036730,0.907515,-0.091404,0.408304,-7.615956,134.621017,15.396905,-0.015107,0.786829,0.236194,0.569986,-12.206164,115.734352,14.105354,0.232115,-0.327230,0.222427,-0.888577,-18.298193,120.009872,-1.641303,0.232757,0.405648,-0.426052,-0.774438,-1.137349,106.339096,-13.590325,0.332575,0.464264,-0.330363,-0.751474,4.815271,122.749664,-5.276633,-0.139649,0.890715,0.176988,0.394714,-8.692202,115.332481,20.251011,0.331233,0.873853,0.148127,-0.323611,2.618318,117.231918,33.358810,-0.103853,0.243680,0.509475,-0.818700,16.886801,105.164337,16.777254,0.019079,0.049897,0.463913,-0.884268,9.616054,122.930168,10.890896,0.074910,0.865416,0.071225,0.490276,-9.406484,87.363113,5.503001,0.075838,0.871639,-0.106019,0.472497,-11.636044,50.885807,-1.829931,-0.037431,0.918131,0.037728,0.392697,-22.627686,5.195668,3.521987,-0.093313,0.863282,-0.079518,0.489605,-0.140121,87.023224,20.615664,-0.008430,0.861035,-0.091207,0.500230,2.962804,50.869907,29.138935,-0.035315,0.802418,0.046986,0.593861,-0.666418,4.366091,36.966568,-0.037431,0.918131,0.037728,0.392697,-12.509361,0.777976,-5.866539,-0.035315,0.802418,0.046986,0.593861,12.611212,0.203966,32.914139
514,4.283333,-0.007840,0.871938,0.033653,0.488395,-4.762530,87.196014,13.058064,-0.065434,0.856176,0.120824,0.498080,-5.100889,94.448196,13.429022,-0.027734,0.858582,0.103814,0.501289,-8.023414,106.548157,15.211016,0.023618,0.887563,-0.055788,0.456687,-10.298328,121.197441,17.467236,0.036560,0.906904,-0.091410,0.409675,-7.589327,134.623947,15.380422,-0.014505,0.787423,0.235692,0.569389,-12.182315,115.735840,14.088506,0.232678,-0.327025,0.222289,-0.888540,-18.298653,120.012703,-1.648363,0.233200,0.405770,-0.425938,-0.774303,-1.128058,106.341614,-13.583032,0.332659,0.464455,-0.330335,-0.751331,4.823629,122.752174,-5.275256,-0.139494,0.890521,0.176710,0.395332,-8.666165,115.335510,20.233015,0.331108,0.873937,0.148079,-0.323533,2.628861,117.229202,33.355000,-0.104001,0.243726,0.509465,-0.818674,16.904003,105.164322,16.777203,0.019192,0.049969,0.464033,-0.884199,9.633516,122.931458,10.892420,0.074748,0.865457,0.071483,0.490191,-9.397468,87.366226,5.502815,0.075976,0.871445,-0.106262,0.472779,-11.607853,50.889874,-1.840603,-0.036413,0.918146,0.037578,0.392772,-22.623196,5.206600,3.521161,-0.093388,0.863323,-0.079342,0.489547,-0.127592,87.025803,20.613316,-0.008269,0.861041,-0.091413,0.500184,2.987231,50.871445,29.127804,-0.035034,0.802525,0.046966,0.593735,-0.664448,4.370946,36.964668,-0.036413,0.918146,0.037578,0.392772,-12.513126,0.773709,-5.869093,-0.035034,0.802525,0.046966,0.593735,12.609778,0.203723,32.906330
515,4.291667,-0.007873,0.871947,0.033721,0.488374,-4.749812,87.200081,13.053189,-0.065246,0.856075,0.121041,0.498224,-5.089056,94.452194,13.424784,-0.027860,0.858427,0.103936,0.501522,-8.011582,106.555771,15.213910,0.023490,0.887190,-0.056271,0.457357,-10.292168,121.204079,17.470734,0.036582,0.906328,-0.091719,0.410875,-7.577953,134.627975,15.373916,-0.015595,0.786074,0.236642,0.570828,-12.172588,115.742363,14.090215,0.232343,-0.327046,0.222891,-0.888469,-18.230640,120.020767,-1.668771,0.232865,0.406734,-0.426610,-0.773528,-1.074086,106.329010,-13.599959,0.332754,0.464768,-0.330316,-0.751104,4.827611,122.757133,-5.272618,-0.139438,0.890650,0.176607,0.395108,-8.659835,115.342285,20.236687,0.331211,0.873956,0.148085,-0.323376,2.641925,117.237648,33.352642,-0.104073,0.243827,0.509577,-0.818565,16.918766,105.166916,16.780565,0.019280,0.050000,0.463635,-0.884404,9.654893,122.936539,10.895510,0.074568,0.865480,0.071662,0.490152,-9.385111,87.370369,5.498158,0.076143,0.871136,-0.106570,0.473252,-11.577669,50.893909,-1.850125,-0.036383,0.918070,0.037653,0.392944,-22.623032,5.219224,3.523074,-0.093481,0.863352,-0.079190,0.489503,-0.114512,87.029800,20.608221,-0.008117,0.861062,-0.091606,0.500114,3.012274,50.874947,29.116234,-0.035699,0.802557,0.046335,0.593702,-0.660318,4.377553,36.961700,-0.036383,0.918070,0.037653,0.392944,-12.509505,0.787991,-5.864249,-0.035699,0.802557,0.046335,0.593702,12.615305,0.207225,32.911102
516,4.300000,-0.008291,0.871981,0.033956,0.488291,-4.723635,87.201424,13.047667,-0.065142,0.856001,0.121436,0.498268,-5.069814,94.453201,13.419296,-0.028096,0.858298,0.104367,0.501641,-7.999726,106.573959,15.220800,0.023643,0.886856,-0.057037,0.457902,-10.293131,121.219185,17.484646,0.036568,0.905817,-0.092152,0.411905,-7.563836,134.637863,15.374017,-0.015965,0.785790,0.236306,0.571349,-12.167857,115.757736,14.100526,0.232214,-0.327080,0.222921,-0.888483,-18.204781,120.023788,-1.669912,0.232698,0.407149,-0.426849,-0.773228,-1.050004,106.332253,-13.603887,0.332673,0.465120,-0.330176,-0.750983,4.831095,122.764709,-5.267728,-0.139489,0.890886,0.176747,0.394495,-8.656988,115.357254,20.248043,0.331536,0.873895,0.148114,-0.323194,2.661133,117.257202,33.349209,-0.104008,0.243733,0.509697,-0.818526,16.933073,105.172394,16.783180,0.019211,0.050022,0.463772,-0.884333,9.672366,122.943962,10.900817,0.074464,0.865718,0.071896,0.489713,-9.360238,87.367218,5.493339,0.076363,0.870878,-0.106960,0.473603,-11.541205,50.892101,-1.865063,-0.036191,0.918086,0.037497,0.392941,-22.623861,5.228472,3.525291,-0.093435,0.863399,-0.079179,0.489430,-0.087032,87.035629,20.601995,-0.007899,0.861051,-0.091795,0.500102,3.037975,50.879990,29.107363,-0.035796,0.802486,0.046099,0.593810,-0.661250,4.385543,36.957855,-0.036191,0.918086,0.037497,0.392941,-12.512652,0.791110,-5.861630,-0.035796,0.802486,0.046099,0.593810,12.614981,0.211569,32.913033
517,4.308333,-0.007992,0.871981,0.033870,0.488302,-4.718628,87.210762,13.044183,-0.065024,0.856005,0.121297,0.498311,-5.060406,94.462692,13.416847,-0.028039,0.858285,0.104312,0.501678,-7.985564,106.582237,15.216407,0.023791,0.886483,-0.057229,0.458592,-10.276772,121.227898,17.479616,0.036283,0.905184,-0.092522,0.413238,-7.539093,134.644943,15.369527,-0.015300,0.786520,0.235568,0.570666,-12.152145,115.766647,14.095550,0.232500,-0.326892,0.222750,-0.888520,-18.216965,120.030197,-1.664858,0.232988,0.407070,-0.426779,-0.773221,-1.052232,106.343369,-13.589910,0.332660,0.465389,-0.330030,-0.750886,4.832461,122.774109,-5.262107,-0.139440,0.890884,0.176673,0.394548,-8.641757,115.365791,20.243319,0.331386,0.874012,0.148258,-0.322963,2.675365,117.264900,33.345474,-0.104037,0.243576,0.509470,-0.818711,16.959717,105.185295,16.786343,0.019133,0.049967,0.463833,-0.884306,9.687261,122.951210,10.907517,0.074213,0.865634,0.072080,0.489872,-9.355135,87.380447,5.489882,0.076553,0.870618,-0.107203,0.473995,-11.511883,50.904537,-1.871641,-0.035986,0.918121,0.037024,0.392923,-22.623190,5.248589,3.524755,-0.093623,0.863434,-0.078885,0.489381,-0.082122,87.041077,20.598484,-0.007685,0.861145,-0.092070,0.499894,3.066201,50.884598,29.091644,-0.035685,0.802459,0.045917,0.593867,-0.661539,4.394608,36.955048,-0.035986,0.918121,0.037024,0.392923,-12.515697,0.796989,-5.859425,-0.035685,0.802459,0.045917,0.593867,12.613540,0.214718,32.912533
518,4.316667,-0.007933,0.871975,0.033876,0.488313,-4.709472,87.213661,13.042248,-0.064914,0.856018,0.121176,0.498333,-5.050547,94.465599,13.415395,-0.028017,0.858281,0.104260,0.501696,-7.972502,106.588745,15.214090,0.023683,0.886237,-0.057217,0.459074,-10.262422,121.234772,17.476271,0.036354,0.904690,-0.093076,0.414187,-7.525793,134.652222,15.367376,-0.015201,0.786514,0.235420,0.570738,-12.138187,115.773460,14.092495,0.232418,-0.326798,0.222907,-0.888537,-18.200233,120.037392,-1.668876,0.232963,0.407436,-0.427017,-0.772904,-1.035941,106.345833,-13.589135,0.332645,0.465790,-0.329900,-0.750702,4.829547,122.781929,-5.256811,-0.139458,0.890896,0.176736,0.394486,-8.628047,115.372696,20.240408,0.331025,0.874236,0.148672,-0.322536,2.690607,117.271935,33.341217,-0.103841,0.243288,0.508899,-0.819177,17.000666,105.207916,16.792931,0.019061,0.049878,0.463886,-0.884284,9.701410,122.956215,10.914394,0.073944,0.865662,0.072382,0.489818,-9.345796,87.384315,5.487855,0.076789,0.870592,-0.107480,0.473943,-11.474617,50.908684,-1.883222,-0.035691,0.918189,0.036710,0.392821,-22.617081,5.261782,3.525488,-0.093705,0.863478,-0.078673,0.489322,-0.073149,87.043007,20.596638,-0.007474,0.861263,-0.092316,0.499647,3.088854,50.885189,29.078991,-0.034656,0.802367,0.046224,0.594028,-0.665426,4.399189,36.953312,-0.035691,0.918189,0.036710,0.392821,-12.515356,0.798883,-5.859536,-0.034656,0.802367,0.046224,0.594028,12.605256,0.209144,32.906895
519,4.325000,-0.007888,0.871905,0.033778,0.488445,-4.698633,87.213264,13.038497,-0.065533,0.856016,0.121270,0.498233,-5.038500,94.465317,13.410682,-0.027422,0.858452,0.104230,0.501443,-7.977995,106.599495,15.205824,0.023673,0.886069,-0.057575,0.459355,-10.251499,121.246704,17.476913,0.036401,0.904192,-0.093524,0.415169,-7.509682,134.661942,15.360698,-0.015325,0.786348,0.235197,0.571056,-12.135235,115.788963,14.091805,0.232556,-0.326687,0.223088,-0.888496,-18.184504,120.047745,-1.675861,0.233059,0.407845,-0.427215,-0.772550,-1.020627,106.347633,-13.586884,0.332555,0.466224,-0.329837,-0.750500,4.825253,122.788383,-5.251601,-0.139065,0.890988,0.176723,0.394424,-8.621024,115.381607,20.236961,0.330772,0.874381,0.148123,-0.322657,2.703158,117.269661,33.334614,-0.104303,0.243223,0.508876,-0.819152,17.017677,105.206337,16.789671,0.019106,0.049560,0.463860,-0.884315,9.715091,122.960304,10.921949,0.073742,0.865632,0.072634,0.489865,-9.332693,87.383865,5.482716,0.076961,0.870381,-0.107788,0.474231,-11.438846,50.908733,-1.897346,-0.035546,0.918244,0.036429,0.392730,-22.610716,5.270615,3.524802,-0.093778,0.863586,-0.078493,0.489146,-0.064572,87.042664,20.594278,-0.007357,0.861179,-0.092525,0.499756,3.110496,50.883759,29.067087,-0.034587,0.802388,0.046091,0.594014,-0.664216,4.401246,36.952244,-0.035546,0.918244,0.036429,0.392730,-12.513043,0.798967,-5.860418,-0.034587,0.802388,0.046091,0.594014,12.605161,0.207090,32.905800
520,4.333333,-0.007856,0.871896,0.033783,0.488462,-4.688573,87.214401,13.036224,-0.065532,0.855995,0.121185,0.498289,-5.028077,94.466446,13.408690,-0.027407,0.858421,0.104190,0.501505,-7.967612,106.605316,15.202464,0.023633,0.885820,-0.057288,0.459872,-10.240295,121.252800,17.472607,0.036472,0.903700,-0.094337,0.416049,-7.501170,134.669968,15.365173,-0.016067,0.785839,0.235190,0.571738,-12.123992,115.795052,14.087481,0.232396,-0.326525,0.223061,-0.888604,-18.145277,120.039246,-1.694824,0.232688,0.408840,-0.427838,-0.771791,-0.975515,106.343613,-13.602510,0.332536,0.466597,-0.329935,-0.750234,4.820272,122.799095,-5.246148,-0.138953,0.891008,0.176617,0.394466,-8.610648,115.387688,20.233131,0.330685,0.874461,0.148036,-0.322569,2.713464,117.273560,33.331154,-0.104604,0.243186,0.508848,-0.819141,17.033703,105.210663,16.790855,0.018892,0.049397,0.463713,-0.884405,9.729205,122.966454,10.930443,0.073586,0.865591,0.072854,0.489928,-9.322349,87.385544,5.480281,0.077050,0.870206,-0.108016,0.474487,-11.409821,50.911087,-1.908425,-0.036167,0.918455,0.035577,0.392259,-22.600533,5.278909,3.524804,-0.093854,0.863621,-0.078292,0.489102,-0.054798,87.043259,20.592169,-0.007188,0.861232,-0.092756,0.499624,3.132967,50.883057,29.054699,-0.034292,0.802406,0.046048,0.594011,-0.665269,4.404354,36.951023,-0.036167,0.918455,0.035577,0.392259,-12.509340,0.792478,-5.860331,-0.034292,0.802406,0.046048,0.594011,12.601696,0.204360,32.902729
521,4.341667,-0.008214,0.871863,0.034010,0.488499,-4.669305,87.212303,13.033077,-0.065563,0.855987,0.121167,0.498304,-5.014969,94.464043,13.405849,-0.027481,0.858409,0.104161,0.501526,-7.957838,106.614708,15.200528,0.023682,0.885559,-0.057290,0.460371,-10.232045,121.262253,17.468756,0.036581,0.903195,-0.095026,0.416978,-7.489970,134.679276,15.364254,-0.015868,0.785753,0.235218,0.571850,-12.115007,115.803925,14.084164,0.232416,-0.326525,0.223280,-0.888544,-18.132071,120.055069,-1.697881,0.232705,0.409164,-0.427924,-0.771566,-0.967176,106.350067,-13.601823,0.332210,0.467355,-0.330098,-0.749834,4.814625,122.805168,-5.241632,-0.138841,0.891033,0.176665,0.394428,-8.602026,115.397629,20.230093,0.330607,0.874534,0.148032,-0.322453,2.724203,117.279724,33.326832,-0.105005,0.242994,0.508873,-0.819131,17.050787,105.218124,16.791086,0.018776,0.049253,0.463505,-0.884525,9.743524,122.977745,10.945328,0.073522,0.865549,0.073139,0.489970,-9.302325,87.379898,5.476590,0.077201,0.869837,-0.108467,0.475036,-11.374836,50.907852,-1.928177,-0.035170,0.918362,0.036018,0.392526,-22.601179,5.287114,3.527580,-0.093845,0.863593,-0.078154,0.489175,-0.036286,87.044701,20.589563,-0.007020,0.861226,-0.092970,0.499597,3.155330,50.882767,29.043224,-0.034327,0.802382,0.045922,0.594050,-0.666458,4.407620,36.949081,-0.035170,0.918362,0.036018,0.392526,-12.512384,0.800763,-5.860170,-0.034327,0.802382,0.045922,0.594050,12.600517,0.205389,32.903145
522,4.350000,-0.008267,0.871853,0.034086,0.488509,-4.655619,87.217323,13.031563,-0.064889,0.855953,0.120956,0.498501,-5.002508,94.468979,13.404925,-0.028090,0.858195,0.104166,0.501858,-7.926467,106.613983,15.201746,0.023537,0.885200,-0.057099,0.461093,-10.217279,121.260475,17.460007,0.036690,0.902673,-0.095712,0.417941,-7.478519,134.679138,15.361619,-0.015682,0.785833,0.235417,0.571664,-12.091739,115.798462,14.076644,0.232280,-0.326437,0.223210,-0.888629,-18.116417,120.057121,-1.700474,0.232446,0.409674,-0.428322,-0.771153,-0.947084,106.357491,-13.604203,0.332031,0.467786,-0.330124,-0.749633,4.806010,122.819862,-5.233716,-0.139101,0.890959,0.176499,0.394578,-8.583956,115.398964,20.225990,0.330620,0.874550,0.148152,-0.322341,2.735659,117.290100,33.327145,-0.105269,0.242865,0.508889,-0.819126,17.065420,105.228767,16.793945,0.018509,0.049212,0.463388,-0.884594,9.755990,122.991585,10.957726,0.073327,0.865538,0.073402,0.489978,-9.288454,87.384773,5.474958,0.077398,0.869313,-0.108900,0.475863,-11.338699,50.913452,-1.939613,-0.035124,0.918353,0.035540,0.392595,-22.605366,5.304492,3.531498,-0.093905,0.863612,-0.078042,0.489147,-0.022784,87.049881,20.588169,-0.006762,0.860943,-0.092954,0.500091,3.177047,50.887489,29.036785,-0.034421,0.802033,0.045833,0.594523,-0.669556,4.411706,36.926876,-0.035124,0.918353,0.035540,0.392595,-12.517097,0.805610,-5.850827,-0.034421,0.802033,0.045833,0.594523,12.602332,0.209056,32.897511
523,4.358333,-0.007998,0.872012,0.034011,0.488236,-4.656747,87.226875,13.030666,-0.065291,0.856104,0.120762,0.498237,-4.999573,94.478668,13.405096,-0.027363,0.858437,0.104273,0.501463,-7.929820,106.626007,15.193911,0.023513,0.885075,-0.057277,0.461312,-10.202495,121.273041,17.466944,0.036680,0.902153,-0.096406,0.418904,-7.461313,134.690659,15.365047,-0.015988,0.785651,0.235271,0.571966,-12.086452,115.815887,14.081019,0.233508,-0.326666,0.222634,-0.888368,-18.098778,120.065819,-1.703161,0.232867,0.410476,-0.428279,-0.770623,-0.924085,106.371986,-13.605811,0.332035,0.468186,-0.330274,-0.749316,4.804979,122.838150,-5.226452,-0.139124,0.890977,0.176555,0.394502,-8.572475,115.407471,20.226236,0.330615,0.874563,0.148351,-0.322220,2.748977,117.299118,33.325726,-0.105351,0.242558,0.508958,-0.819164,17.082777,105.240082,16.794359,0.018599,0.048841,0.463272,-0.884674,9.770185,123.005341,10.969876,0.072948,0.865425,0.073798,0.490175,-9.294382,87.397644,5.477082,0.077576,0.868956,-0.109251,0.476405,-11.303997,50.926537,-1.949631,-0.034628,0.918421,0.035155,0.392515,-22.604137,5.327445,3.534704,-0.094133,0.863607,-0.077885,0.489137,-0.019112,87.056099,20.584249,-0.006559,0.860992,-0.093117,0.499979,3.201130,50.895073,29.030949,-0.034852,0.802040,0.045461,0.594517,-0.668665,4.421905,36.925125,-0.034628,0.918421,0.035155,0.392515,-12.523304,0.813257,-5.848256,-0.034852,0.802040,0.045461,0.594517,12.604446,0.218067,32.901043
524,4.366667,-0.008330,0.871891,0.034223,0.488432,-4.639257,87.225761,13.028626,-0.065293,0.856086,0.120743,0.498271,-4.987883,94.477257,13.403307,-0.027352,0.858446,0.104281,0.501446,-7.919536,106.631020,15.192514,0.023456,0.884810,-0.057261,0.461825,-10.192004,121.278015,17.465969,0.036754,0.901597,-0.097162,0.419918,-7.450608,134.695908,15.366170,-0.016044,0.785537,0.235249,0.572130,-12.076143,115.820953,14.079998,0.233299,-0.326562,0.222616,-0.888466,-18.081865,120.070335,-1.706836,0.232568,0.410994,-0.428687,-0.770210,-0.903384,106.380867,-13.609019,0.331786,0.468677,-0.330294,-0.749110,4.795994,122.853180,-5.219050,-0.139110,0.890998,0.176551,0.394464,-8.561917,115.412369,20.225063,0.330995,0.874366,0.149870,-0.321661,2.760728,117.303955,33.323524,-0.104844,0.241852,0.509192,-0.819292,17.099968,105.251846,16.791830,0.018774,0.048484,0.463217,-0.884719,9.784474,123.016449,10.980948,0.072826,0.865442,0.074115,0.490117,-9.273410,87.393364,5.472836,0.077863,0.867750,-0.109940,0.478394,-11.263940,50.924419,-1.969609,-0.034702,0.918162,0.034623,0.393162,-22.630527,5.343837,3.531224,-0.094168,0.863600,-0.077758,0.489163,-0.005104,87.058151,20.584415,-0.006452,0.861001,-0.093262,0.499938,3.221861,50.896156,29.024393,-0.036988,0.802119,0.044374,0.594364,-0.663196,4.425418,36.925350,-0.034702,0.918162,0.034623,0.393162,-12.537652,0.817408,-5.832870,-0.036988,0.802119,0.044374,0.594364,12.618634,0.232754,32.918423
525,4.375000,-0.008065,0.871927,0.034121,0.488380,-4.634146,87.235344,13.027890,-0.065193,0.856000,0.120981,0.498375,-4.978673,94.487015,13.403179,-0.027638,0.858330,0.104031,0.501680,-7.911661,106.641098,15.198566,0.023365,0.884506,-0.057039,0.462439,-10.188360,121.289192,17.460718,0.037032,0.901079,-0.098089,0.420789,-7.449737,134.708755,15.367955,-0.015916,0.785514,0.235204,0.572183,-12.069420,115.829453,14.077343,0.231905,-0.326157,0.223276,-0.888813,-18.073170,120.081879,-1.709430,0.231826,0.411004,-0.429308,-0.770082,-0.896202,106.386627,-13.607173,0.331245,0.469296,-0.330244,-0.748984,4.782627,122.864784,-5.211586,-0.138878,0.891074,0.176587,0.394357,-8.558752,115.425743,20.224766,0.330891,0.874471,0.149705,-0.321559,2.769069,117.310677,33.319717,-0.105116,0.241776,0.509127,-0.819320,17.115025,105.257965,16.794279,0.018655,0.048346,0.463281,-0.884695,9.795008,123.024300,10.990619,0.072453,0.865337,0.074351,0.490320,-9.269287,87.406120,5.472774,0.078164,0.867782,-0.110078,0.478256,-11.225438,50.935757,-1.971851,-0.034224,0.918258,0.034314,0.393005,-22.621716,5.362466,3.527998,-0.094228,0.863700,-0.077634,0.488995,0.000994,87.064568,20.583006,-0.006276,0.861025,-0.093409,0.499871,3.237982,50.901962,29.016548,-0.034741,0.802019,0.045162,0.594575,-0.667685,4.433614,36.921371,-0.034224,0.918258,0.034314,0.393005,-12.537416,0.822829,-5.838949,-0.034741,0.802019,0.045162,0.594575,12.603688,0.221279,32.900436
526,4.383333,-0.007995,0.871891,0.034095,0.488447,-4.626485,87.235794,13.025911,-0.064339,0.855962,0.120692,0.498622,-4.969962,94.487503,13.401333,-0.027961,0.858142,0.103524,0.502089,-7.875359,106.620285,15.196866,0.022561,0.884199,-0.055992,0.463193,-10.153870,121.270988,17.440172,0.037261,0.900535,-0.098903,0.421742,-7.445024,134.699432,15.365622,-0.015547,0.785923,0.235559,0.571485,-12.031747,115.807487,14.061132,0.233748,-0.326538,0.222083,-0.888490,-18.063688,120.071121,-1.711859,0.232317,0.412036,-0.429232,-0.769425,-0.872590,106.397964,-13.614575,0.331114,0.469705,-0.330396,-0.748719,4.775248,122.878075,-5.207221,-0.139310,0.890770,0.176329,0.395005,-8.527157,115.410637,20.212467,0.330724,0.874500,0.149727,-0.321641,2.778652,117.307091,33.324768,-0.105258,0.241728,0.509124,-0.819318,17.127497,105.262169,16.796160,0.018658,0.048243,0.463346,-0.884667,9.806093,123.030319,10.996749,0.072230,0.865304,0.074602,0.490374,-9.260475,87.407463,5.470110,0.078349,0.867627,-0.110342,0.478444,-11.192596,50.937485,-1.982655,-0.034126,0.918293,0.033927,0.392967,-22.616848,5.372450,3.527524,-0.094324,0.863577,-0.077446,0.489224,0.007504,87.064117,20.581713,-0.006170,0.861024,-0.093563,0.499845,3.255391,50.900696,29.007536,-0.035105,0.802056,0.044907,0.594523,-0.666029,4.434952,36.919853,-0.034126,0.918293,0.033927,0.392967,-12.535465,0.821967,-5.837295,-0.035105,0.802056,0.044907,0.594523,12.606231,0.222968,32.901485
527,4.391667,-0.007988,0.871853,0.034179,0.488508,-4.615994,87.236519,13.022796,-0.065045,0.855977,0.120922,0.498449,-4.960000,94.488144,13.399313,-0.027469,0.858334,0.103665,0.501759,-7.885747,106.628593,15.192962,0.022414,0.884132,-0.055890,0.463341,-10.152866,121.279236,17.448193,0.037606,0.900080,-0.100079,0.422405,-7.448310,134.708740,15.374905,-0.015803,0.785629,0.235431,0.571936,-12.037202,115.819229,14.067082,0.233928,-0.326554,0.221943,-0.888472,-18.050924,120.077171,-1.714404,0.232234,0.412524,-0.429450,-0.769067,-0.857218,106.407333,-13.617193,0.330965,0.470087,-0.330536,-0.748483,4.767755,122.890839,-5.201695,-0.139354,0.890941,0.176739,0.394420,-8.527516,115.415955,20.215092,0.330948,0.874461,0.149415,-0.321662,2.793958,117.312561,33.313847,-0.105656,0.241598,0.509317,-0.819185,17.134699,105.253647,16.788424,0.018455,0.048237,0.463308,-0.884691,9.816442,123.034164,11.001721,0.071949,0.865364,0.074687,0.490297,-9.248931,87.409088,5.466369,0.078593,0.867482,-0.110493,0.478632,-11.160570,50.937019,-1.981501,-0.033749,0.918357,0.033857,0.392856,-22.612583,5.378762,3.527076,-0.094385,0.863601,-0.077355,0.489184,0.016942,87.063950,20.579222,-0.005982,0.861141,-0.093729,0.499616,3.272434,50.900330,29.001257,-0.034045,0.801979,0.045258,0.594662,-0.670054,4.437304,36.919086,-0.033749,0.918357,0.033857,0.392856,-12.537174,0.822220,-5.841223,-0.034045,0.801979,0.045258,0.594662,12.597546,0.215592,32.895531
528,4.400000,-0.008164,0.871838,0.034336,0.488521,-4.600924,87.237785,13.021478,-0.064439,0.856056,0.120495,0.498495,-4.948292,94.489220,13.398727,-0.027909,0.858252,0.103958,0.501815,-7.851266,106.615128,15.188108,0.021944,0.883870,-0.055292,0.463935,-10.134217,121.263214,17.443943,0.037778,0.899499,-0.101032,0.423399,-7.446389,134.697769,15.381667,-0.015578,0.785875,0.235729,0.571481,-12.012005,115.801529,14.061913,0.233793,-0.326547,0.221447,-0.888633,-18.044094,120.067719,-1.710331,0.231864,0.412919,-0.429815,-0.768763,-0.839204,106.420349,-13.622743,0.331148,0.469907,-0.330465,-0.748546,4.761946,122.910019,-5.196122,-0.139718,0.890818,0.176367,0.394737,-8.503466,115.401398,20.210783,0.330694,0.874540,0.149380,-0.321725,2.805772,117.311859,33.318092,-0.105806,0.241468,0.509142,-0.819312,17.152910,105.262650,16.791143,0.018360,0.048258,0.463833,-0.884417,9.824185,123.042824,11.009212,0.071755,0.865428,0.074963,0.490169,-9.233583,87.408997,5.464852,0.078849,0.867259,-0.110834,0.478917,-11.123672,50.937931,-1.993402,-0.033668,0.918368,0.033569,0.392862,-22.613403,5.390626,3.527174,-0.094381,0.863569,-0.077289,0.489251,0.031735,87.066582,20.578104,-0.005905,0.861096,-0.093813,0.499678,3.288796,50.902142,28.996027,-0.034740,0.801970,0.044903,0.594660,-0.664503,4.440519,36.916702,-0.033668,0.918368,0.033569,0.392862,-12.539559,0.825925,-5.838836,-0.034740,0.801970,0.044903,0.594660,12.606401,0.222384,32.900314
529,4.408333,-0.008276,0.871791,0.034514,0.488590,-4.586724,87.241936,13.019898,-0.064407,0.855926,0.120829,0.498641,-4.936802,94.493164,13.398570,-0.028277,0.858106,0.103801,0.502076,-7.845607,106.625877,15.196213,0.022189,0.883452,-0.055275,0.464721,-10.136351,121.274330,17.441807,0.037878,0.898851,-0.102006,0.424531,-7.440115,134.708298,15.386772,-0.015622,0.785759,0.235791,0.571613,-12.009505,115.809822,14.061743,0.233703,-0.326462,0.221379,-0.888705,-18.036280,120.077194,-1.712214,0.231746,0.413197,-0.430050,-0.768518,-0.827105,106.434540,-13.623818,0.331054,0.470311,-0.330500,-0.748319,4.757339,122.927643,-5.193009,-0.139571,0.890919,0.176581,0.394466,-8.504975,115.414856,20.213232,0.330451,0.874702,0.149387,-0.321531,2.813144,117.319954,33.313648,-0.106003,0.241435,0.508907,-0.819443,17.174536,105.277359,16.794243,0.018270,0.048306,0.463756,-0.884457,9.835511,123.054352,11.015142,0.071637,0.865361,0.075097,0.490285,-9.218160,87.412994,5.462518,0.079053,0.867031,-0.111125,0.479228,-11.094756,50.942169,-2.000324,-0.033640,0.918351,0.033231,0.392933,-22.615948,5.404010,3.530117,-0.094490,0.863581,-0.077194,0.489224,0.044711,87.070877,20.577278,-0.005729,0.861282,-0.094128,0.499299,3.312511,50.906883,28.992975,-0.034113,0.802171,0.045071,0.594413,-0.666502,4.450670,36.932484,-0.033640,0.918351,0.033231,0.392933,-12.542023,0.830528,-5.831522,-0.034113,0.802171,0.045071,0.594413,12.598205,0.225906,32.902607
530,4.416667,-0.008487,0.871774,0.034703,0.488605,-4.568473,87.249138,13.019416,-0.065040,0.855959,0.121068,0.498443,-4.922563,94.500122,13.398978,-0.027990,0.858286,0.103935,0.501757,-7.849132,106.636108,15.195255,0.022222,0.883238,-0.055453,0.465105,-10.133655,121.284210,17.449448,0.038006,0.898212,-0.102890,0.425658,-7.433072,134.716995,15.392401,-0.014688,0.786714,0.234848,0.570711,-12.011149,115.821838,14.068344,0.233942,-0.326412,0.220909,-0.888777,-18.074785,120.088127,-1.691774,0.232060,0.412710,-0.429713,-0.768873,-0.853598,106.462219,-13.605191,0.331129,0.470657,-0.330613,-0.748018,4.755135,122.944534,-5.189130,-0.139611,0.890983,0.176698,0.394254,-8.501851,115.422951,20.216864,0.330047,0.874947,0.148571,-0.321658,2.821698,117.329315,33.312405,-0.106573,0.241704,0.508679,-0.819431,17.192337,105.288139,16.800009,0.018230,0.048497,0.463546,-0.884557,9.848229,123.066376,11.022082,0.071542,0.865348,0.075222,0.490302,-9.199590,87.418594,5.461804,0.079257,0.866839,-0.111370,0.479484,-11.065301,50.948166,-2.005653,-0.033325,0.918355,0.033035,0.392965,-22.615646,5.418223,3.531629,-0.094461,0.863403,-0.077124,0.489556,0.062643,87.079674,20.577026,-0.005629,0.860966,-0.094020,0.499866,3.327923,50.914455,28.988419,-0.036623,0.801954,0.043798,0.594651,-0.659402,4.456207,36.911854,-0.033325,0.918355,0.033035,0.392965,-12.544635,0.836322,-5.829025,-0.036623,0.801954,0.043798,0.594651,12.619707,0.244693,32.915684
531,4.425000,-0.008501,0.871761,0.034743,0.488625,-4.558808,87.252159,13.019547,-0.065074,0.855953,0.121136,0.498433,-4.913373,94.503098,13.399506,-0.028058,0.858285,0.103999,0.501741,-7.841455,106.638405,15.196779,0.022234,0.883022,-0.054756,0.465595,-10.128663,121.285988,17.451603,0.038141,0.897701,-0.104094,0.426430,-7.434846,134.723038,15.413596,-0.014816,0.786623,0.234913,0.570808,-12.005200,115.823410,14.070310,0.233793,-0.326410,0.220633,-0.888886,-18.064877,120.088326,-1.691705,0.231900,0.413071,-0.429929,-0.768606,-0.837502,106.475960,-13.611669,0.331336,0.470983,-0.330586,-0.747732,4.752979,122.962463,-5.187660,-0.139825,0.890891,0.177119,0.394198,-8.495723,115.424934,20.218752,0.329835,0.875045,0.148592,-0.321600,2.827286,117.332054,33.314651,-0.106768,0.241787,0.508515,-0.819483,17.206785,105.298447,16.804453,0.018099,0.048648,0.463206,-0.884730,9.857670,123.074432,11.026612,0.071390,0.865304,0.075450,0.490368,-9.189569,87.421761,5.461721,0.079402,0.866647,-0.111616,0.479751,-11.036562,50.952267,-2.015013,-0.033293,0.918397,0.032721,0.392896,-22.611328,5.429694,3.531858,-0.094461,0.863295,-0.077116,0.489747,0.071954,87.082558,20.577374,-0.005566,0.860791,-0.094015,0.500169,3.335695,50.917267,28.989035,-0.033619,0.801749,0.045716,0.594961,-0.659254,4.458862,36.907703,-0.033293,0.918397,0.032721,0.392896,-12.543040,0.839489,-5.827661,-0.033619,0.801749,0.045716,0.594961,12.610465,0.240306,32.887833
532,4.433333,-0.008441,0.871673,0.034671,0.488787,-4.552608,87.252243,13.018930,-0.065015,0.855955,0.121222,0.498417,-4.905976,94.503273,13.398337,-0.028180,0.858311,0.103997,0.501690,-7.833810,106.638313,15.198253,0.021771,0.882841,-0.054301,0.466015,-10.123990,121.285698,17.451315,0.038616,0.897155,-0.105181,0.427270,-7.445573,134.726868,15.420156,-0.014830,0.786597,0.235010,0.570802,-11.999643,115.822266,14.070921,0.232234,-0.326074,0.220989,-0.889329,-18.059536,120.088684,-1.690605,0.231043,0.412865,-0.430535,-0.768636,-0.829104,106.484894,-13.615931,0.331148,0.471452,-0.330940,-0.747364,4.748802,122.977257,-5.187284,-0.139916,0.890879,0.177113,0.394193,-8.489535,115.425369,20.219107,0.329714,0.875105,0.148507,-0.321600,2.832713,117.335365,33.315247,-0.106927,0.241786,0.508415,-0.819524,17.216209,105.304718,16.806374,0.018029,0.048712,0.463036,-0.884817,9.862941,123.079956,11.030923,0.071279,0.865057,0.075754,0.490772,-9.180573,87.422249,5.459400,0.079528,0.866340,-0.112006,0.480193,-11.005717,50.955009,-2.033609,-0.033079,0.918421,0.032429,0.392884,-22.610855,5.442575,3.532989,-0.094497,0.863221,-0.077004,0.489888,0.075357,87.082230,20.578461,-0.005506,0.860737,-0.094107,0.500245,3.344145,50.916153,28.984789,-0.035134,0.801854,0.044432,0.594829,-0.660744,4.459324,36.907681,-0.033079,0.918421,0.032429,0.392884,-12.545751,0.842632,-5.825173,-0.035134,0.801854,0.044432,0.594829,12.612350,0.237254,32.902672
533,4.441667,-0.008425,0.871617,0.034672,0.488887,-4.542885,87.251778,13.018587,-0.065047,0.855946,0.121226,0.498427,-4.896096,94.502808,13.398083,-0.028314,0.858312,0.104008,0.501677,-7.823117,106.631157,15.196662,0.021785,0.882537,-0.054134,0.466609,-10.116853,121.278259,17.448013,0.038585,0.896538,-0.106047,0.428350,-7.438169,134.720428,15.423804,-0.014783,0.786647,0.235072,0.570709,-11.991165,115.813972,14.068246,0.232147,-0.326074,0.220626,-0.889443,-18.054813,120.082115,-1.691361,0.230784,0.413078,-0.430721,-0.768495,-0.816347,106.494667,-13.623688,0.331051,0.471670,-0.331167,-0.747169,4.748621,122.988235,-5.188169,-0.140127,0.890832,0.177175,0.394197,-8.480994,115.418640,20.216492,0.329491,0.875190,0.148440,-0.321627,2.839094,117.334076,33.313698,-0.107063,0.241711,0.508238,-0.819638,17.229038,105.310883,16.805025,0.017911,0.048620,0.463082,-0.884800,9.866714,123.084625,11.032614,0.071118,0.864991,0.075933,0.490884,-9.169127,87.422119,5.458012,0.079735,0.866301,-0.112184,0.480188,-10.976304,50.955193,-2.040898,-0.032769,0.918453,0.032226,0.392852,-22.606199,5.449671,3.530521,-0.094496,0.863107,-0.076908,0.490103,0.083356,87.081436,20.579163,-0.005429,0.860718,-0.094202,0.500261,3.353567,50.914238,28.980118,-0.033518,0.801729,0.045856,0.594983,-0.662245,4.459033,36.906944,-0.032769,0.918453,0.032226,0.392852,-12.545302,0.841146,-5.827942,-0.033518,0.801729,0.045856,0.594983,12.607654,0.241942,32.886139
534,4.450000,-0.008452,0.871602,0.034846,0.488902,-4.529125,87.249069,13.016208,-0.065099,0.856068,0.120675,0.498345,-4.883924,94.499924,13.397701,-0.028328,0.858430,0.103804,0.501518,-7.802711,106.621597,15.182797,0.021527,0.882333,-0.053424,0.467088,-10.093345,121.269943,17.429193,0.038692,0.895964,-0.106802,0.429354,-7.428173,134.717148,15.420786,-0.014553,0.786892,0.235413,0.570237,-11.969770,115.804604,14.052301,0.232502,-0.326064,0.220291,-0.889436,-18.052410,120.081841,-1.697521,0.230803,0.413305,-0.430769,-0.768340,-0.806238,106.503677,-13.629291,0.330931,0.471754,-0.331350,-0.747088,4.749856,122.998367,-5.190293,-0.140423,0.890504,0.177164,0.394837,-8.457348,115.411171,20.199385,0.329219,0.875284,0.148399,-0.321668,2.842259,117.330399,33.313717,-0.107203,0.241637,0.508092,-0.819733,17.239824,105.317184,16.804409,0.017997,0.048534,0.462816,-0.884942,9.869860,123.089615,11.035560,0.071053,0.864923,0.075985,0.491004,-9.155098,87.420509,5.455491,0.079897,0.866221,-0.112327,0.480272,-10.955159,50.953484,-2.044660,-0.032735,0.918463,0.032125,0.392839,-22.605095,5.453425,3.529573,-0.094447,0.862994,-0.076950,0.490305,0.096849,87.077629,20.576923,-0.005387,0.860570,-0.094232,0.500510,3.360384,50.910221,28.979567,-0.033028,0.801669,0.046204,0.595064,-0.662616,4.455504,36.905643,-0.032735,0.918463,0.032125,0.392839,-12.545117,0.841971,-5.828437,-0.033028,0.801669,0.046204,0.595064,12.606239,0.238071,32.881744
535,4.458333,-0.008565,0.871563,0.034943,0.488962,-4.515784,87.250916,13.016709,-0.065249,0.855908,0.121181,0.498477,-4.872730,94.501633,13.398608,-0.028380,0.858297,0.103934,0.501715,-7.802527,106.625000,15.192800,0.021461,0.882031,-0.053620,0.467638,-10.096957,121.272446,17.441166,0.038836,0.895426,-0.107756,0.430223,-7.429045,134.718674,15.429833,-0.014718,0.786669,0.235449,0.570526,-11.970766,115.807465,14.062245,0.232382,-0.326215,0.220071,-0.889467,-18.041763,120.083366,-1.692438,0.230519,0.413355,-0.430960,-0.768292,-0.795691,106.514824,-13.635296,0.330896,0.471741,-0.331560,-0.747018,4.752666,123.010910,-5.192267,-0.140495,0.890665,0.177227,0.394421,-8.461177,115.413406,20.210911,0.329067,0.875341,0.148454,-0.321644,2.849163,117.337357,33.315300,-0.106862,0.241076,0.507816,-0.820113,17.252506,105.330566,16.806368,0.018187,0.048063,0.463988,-0.884350,9.860589,123.095444,11.044294,0.070974,0.864929,0.076099,0.490988,-9.140691,87.421494,5.455319,0.080128,0.866425,-0.112433,0.479840,-10.931592,50.954926,-2.049232,-0.032674,0.918488,0.031980,0.392797,-22.602209,5.460617,3.528658,-0.094409,0.862874,-0.076963,0.490522,0.109123,87.080330,20.578100,-0.005312,0.860549,-0.094260,0.500542,3.367667,50.912537,28.981024,-0.034935,0.801518,0.045193,0.595236,-0.663027,4.458231,36.905609,-0.032674,0.918488,0.031980,0.392797,-12.544112,0.844811,-5.829229,-0.034935,0.801518,0.045193,0.595236,12.616409,0.249827,32.907238
536,4.466667,-0.008804,0.871524,0.035070,0.489018,-4.497070,87.255875,13.018744,-0.065676,0.856017,0.121116,0.498250,-4.857966,94.506409,13.400522,-0.028644,0.858453,0.104397,0.501338,-7.797070,106.634674,15.189542,0.021550,0.881873,-0.053591,0.467935,-10.104201,121.278786,17.446657,0.039120,0.894870,-0.108777,0.431098,-7.433483,134.724945,15.438564,-0.014777,0.786439,0.235514,0.570814,-11.975233,115.813568,14.066583,0.232417,-0.326263,0.219964,-0.889466,-18.034687,120.091629,-1.691951,0.230430,0.413389,-0.431017,-0.768268,-0.787827,106.526711,-13.637797,0.330833,0.471722,-0.331710,-0.746992,4.757205,123.022141,-5.193587,-0.140429,0.890689,0.177334,0.394342,-8.460503,115.420044,20.212343,0.328730,0.875503,0.148330,-0.321606,2.852647,117.341080,33.314735,-0.107304,0.241370,0.507641,-0.820077,17.268324,105.344101,16.809423,0.018140,0.048309,0.462355,-0.885192,9.874897,123.108307,11.046211,0.071043,0.864813,0.076097,0.491182,-9.120919,87.423904,5.456651,0.080248,0.866370,-0.112564,0.479889,-10.914646,50.958042,-2.050684,-0.032559,0.918515,0.031847,0.392755,-22.601191,5.468359,3.531560,-0.094314,0.862761,-0.076989,0.490735,0.126779,87.087837,20.580837,-0.005255,0.860388,-0.094271,0.500817,3.376282,50.919006,28.982813,-0.034847,0.801480,0.045140,0.595296,-0.662059,4.464844,36.904350,-0.032559,0.918515,0.031847,0.392755,-12.545445,0.847921,-5.826568,-0.034847,0.801480,0.045140,0.595296,12.617055,0.253787,32.907711
537,4.475000,-0.008914,0.871486,0.035141,0.489078,-4.482745,87.257362,13.020247,-0.065530,0.855890,0.121235,0.498458,-4.845568,94.507797,13.402118,-0.028619,0.858298,0.104256,0.501634,-7.781693,106.628571,15.193737,0.021028,0.881585,-0.053254,0.468541,-10.086884,121.273598,17.446871,0.039293,0.894326,-0.109645,0.431989,-7.430898,134.723297,15.442874,-0.014850,0.786530,0.235718,0.570602,-11.956950,115.808250,14.066463,0.232546,-0.326380,0.219555,-0.889491,-18.024788,120.086601,-1.688769,0.230296,0.413496,-0.431134,-0.768185,-0.772747,106.536140,-13.643536,0.330850,0.471725,-0.331818,-0.746934,4.765107,123.032829,-5.196117,-0.140751,0.890589,0.177316,0.394462,-8.446405,115.414932,20.214630,0.328553,0.875538,0.148471,-0.321624,2.860306,117.344963,33.321255,-0.107165,0.241227,0.507417,-0.820277,17.281221,105.357552,16.813572,0.018172,0.048209,0.462077,-0.885342,9.876488,123.114883,11.049865,0.071006,0.864837,0.076155,0.491136,-9.105528,87.424347,5.457479,0.080405,0.866250,-0.112731,0.480040,-10.895125,50.958752,-2.052099,-0.032010,0.918456,0.032146,0.392913,-22.602791,5.474999,3.534227,-0.094246,0.862680,-0.077029,0.490884,0.140037,87.090370,20.583015,-0.005198,0.860306,-0.094271,0.500959,3.382285,50.921051,28.985664,-0.034947,0.801431,0.045094,0.595360,-0.662031,4.466835,36.903820,-0.032010,0.918456,0.032146,0.392913,-12.548009,0.856023,-5.825660,-0.034947,0.801431,0.045094,0.595360,12.618214,0.256424,32.910244
538,4.483333,-0.009018,0.871472,0.035056,0.489107,-4.467111,87.258957,13.021144,-0.065734,0.855869,0.121340,0.498442,-4.830659,94.509453,13.401193,-0.028655,0.858300,0.104418,0.501594,-7.771987,106.627144,15.192221,0.020890,0.881333,-0.053489,0.468992,-10.080412,121.271095,17.449007,0.039367,0.893775,-0.110264,0.432965,-7.423226,134.719772,15.439771,-0.014934,0.786442,0.235875,0.570656,-11.949454,115.806114,14.067437,0.232559,-0.326414,0.219408,-0.889511,-18.015026,120.085762,-1.688311,0.230179,0.413434,-0.431282,-0.768170,-0.760864,106.541016,-13.646486,0.330742,0.471704,-0.331858,-0.746977,4.774076,123.039650,-5.200403,-0.140945,0.890545,0.177337,0.394481,-8.438374,115.412155,20.215252,0.328363,0.875614,0.148268,-0.321705,2.865905,117.347588,33.323170,-0.107147,0.241124,0.507219,-0.820431,17.290438,105.364594,16.815443,0.018272,0.048112,0.462099,-0.885334,9.875354,123.118759,11.052175,0.071033,0.864837,0.076140,0.491136,-9.089354,87.423630,5.457998,0.080499,0.866370,-0.112835,0.479783,-10.881242,50.958138,-2.051584,-0.031936,0.918528,0.032045,0.392758,-22.599527,5.478045,3.542265,-0.094139,0.862582,-0.077051,0.491073,0.155132,87.094292,20.584291,-0.005162,0.860288,-0.094306,0.500984,3.387908,50.923717,28.985203,-0.035282,0.801434,0.044788,0.595359,-0.661194,4.470086,36.904343,-0.031936,0.918528,0.032045,0.392758,-12.548904,0.855621,-5.820381,-0.035282,0.801434,0.044788,0.595359,12.619957,0.258413,32.915131
539,4.491667,-0.008686,0.871453,0.034886,0.489159,-4.466591,87.260170,13.024646,-0.065813,0.855882,0.121241,0.498433,-4.824754,94.510918,13.404883,-0.028723,0.858324,0.104434,0.501546,-7.765423,106.624313,15.192136,0.020500,0.881185,-0.053326,0.469307,-10.075699,121.268059,17.448435,0.039653,0.893341,-0.111006,0.433645,-7.428872,134.718826,15.439494,-0.014961,0.786456,0.235859,0.570643,-11.944285,115.802658,14.067298,0.232535,-0.326375,0.219268,-0.889566,-18.010351,120.081154,-1.688576,0.230139,0.413334,-0.431380,-0.768181,-0.751874,106.542847,-13.647824,0.330834,0.471657,-0.331967,-0.746918,4.782998,123.042999,-5.204736,-0.141089,0.890505,0.177371,0.394506,-8.432581,115.409470,20.214809,0.328262,0.875642,0.147954,-0.321877,2.869587,117.348541,33.324017,-0.106979,0.240686,0.507080,-0.820668,17.291893,105.365692,16.814228,0.018534,0.047735,0.463151,-0.884799,9.862655,123.116539,11.059061,0.070885,0.864796,0.076199,0.491219,-9.088036,87.428528,5.461092,0.080648,0.866502,-0.112778,0.479533,-10.867516,50.962151,-2.047090,-0.031844,0.918570,0.031845,0.392685,-22.593748,5.483106,3.538603,-0.094210,0.862579,-0.076967,0.491079,0.154854,87.091812,20.588200,-0.005085,0.860264,-0.094384,0.501011,3.395179,50.921261,28.986315,-0.035014,0.801497,0.044895,0.595283,-0.664140,4.468939,36.907917,-0.031844,0.918570,0.031845,0.392685,-12.546113,0.854588,-5.824239,-0.035014,0.801497,0.044895,0.595283,12.614839,0.255204,32.913651
540,4.500000,-0.008612,0.871386,0.034808,0.489287,-4.462027,87.255630,13.025442,-0.065771,0.855957,0.120782,0.498421,-4.818743,94.506470,13.405167,-0.028934,0.858369,0.104420,0.501460,-7.753033,106.623634,15.183425,0.020298,0.881018,-0.052863,0.469682,-10.068299,121.267090,17.436407,0.039853,0.892887,-0.111741,0.434372,-7.430907,134.721222,15.437606,-0.015519,0.785729,0.236732,0.571268,-11.935401,115.800163,14.056915,0.232577,-0.326324,0.219514,-0.889513,-17.976002,120.086266,-1.706672,0.230044,0.413706,-0.431641,-0.767863,-0.721256,106.537521,-13.659469,0.330785,0.471593,-0.332124,-0.746911,4.794016,123.044930,-5.209639,-0.140964,0.890424,0.177021,0.394890,-8.422640,115.409805,20.204002,0.328001,0.875798,0.147345,-0.321999,2.870190,117.347061,33.321518,-0.107228,0.240785,0.506914,-0.820709,17.297136,105.364212,16.815794,0.018556,0.047557,0.463071,-0.884850,9.862080,123.115601,11.060558,0.070760,0.864835,0.076223,0.491165,-9.081277,87.424545,5.460559,0.080822,0.866619,-0.112778,0.479292,-10.852356,50.957119,-2.044523,-0.031469,0.918587,0.031934,0.392668,-22.591152,5.480733,3.536456,-0.094237,0.862522,-0.076949,0.491177,0.157224,87.086708,20.590322,-0.005058,0.860315,-0.094376,0.500925,3.399005,50.916336,28.988630,-0.035138,0.801548,0.044894,0.595206,-0.661330,4.463854,36.908737,-0.031469,0.918587,0.031934,0.392668,-12.547086,0.850274,-5.829257,-0.035138,0.801548,0.044894,0.595206,12.617808,0.252163,32.912846
541,4.508333,-0.008653,0.871336,0.034809,0.489375,-4.452281,87.253983,13.026672,-0.065852,0.855781,0.121409,0.498560,-4.809571,94.504814,13.406073,-0.029028,0.858233,0.104390,0.501693,-7.754875,106.623093,15.196832,0.020163,0.880778,-0.053134,0.470106,-10.072724,121.266571,17.447002,0.039973,0.892495,-0.112460,0.434980,-7.433698,134.719437,15.441995,-0.015722,0.785536,0.236613,0.571577,-11.937447,115.799126,14.067036,0.231554,-0.326163,0.219757,-0.889779,-17.965540,120.079933,-1.702778,0.229529,0.413290,-0.431983,-0.768049,-0.710854,106.536041,-13.661161,0.330840,0.471497,-0.332212,-0.746907,4.807064,123.047066,-5.213980,-0.141144,0.890502,0.177395,0.394482,-8.428076,115.409721,20.216122,0.327903,0.875854,0.147151,-0.322034,2.874223,117.350319,33.324989,-0.107181,0.240789,0.506776,-0.820799,17.303265,105.367973,16.820730,0.018679,0.047608,0.463050,-0.884856,9.862647,123.116219,11.062937,0.070774,0.864829,0.076140,0.491186,-9.069995,87.422325,5.460838,0.080905,0.866561,-0.112772,0.479385,-10.844879,50.954102,-2.039511,-0.031999,0.918593,0.031816,0.392620,-22.590729,5.478853,3.535837,-0.094292,0.862435,-0.076890,0.491328,0.165433,87.085640,20.592508,-0.005026,0.860496,-0.094621,0.500569,3.411453,50.915371,28.989632,-0.034372,0.801960,0.045162,0.594676,-0.659805,4.467237,36.929611,-0.031999,0.918593,0.031816,0.392620,-12.543058,0.851310,-5.827451,-0.034372,0.801960,0.045162,0.594676,12.609852,0.248786,32.909420
542,4.516667,-0.008822,0.871317,0.034980,0.489393,-4.438418,87.255203,13.027814,-0.065907,0.855762,0.121309,0.498610,-4.799075,94.505821,13.408168,-0.028930,0.858208,0.104482,0.501722,-7.743706,106.621620,15.195505,0.019858,0.880610,-0.053010,0.470449,-10.060488,121.264694,17.449400,0.039920,0.892102,-0.113096,0.435626,-7.429168,134.719162,15.444967,-0.015956,0.785384,0.236807,0.571700,-11.925483,115.798294,14.067909,0.231633,-0.326206,0.219653,-0.889769,-17.948442,120.077660,-1.704256,0.229491,0.413318,-0.432113,-0.767972,-0.692861,106.536720,-13.664683,0.330954,0.471399,-0.332337,-0.746863,4.820110,123.050880,-5.217969,-0.141220,0.890442,0.177328,0.394620,-8.416447,115.406990,20.217066,0.327450,0.876059,0.146467,-0.322250,2.881297,117.349709,33.329544,-0.107748,0.241330,0.506520,-0.820724,17.318213,105.374420,16.827061,0.018586,0.047994,0.461430,-0.885683,9.876778,123.122581,11.061881,0.070860,0.864758,0.076107,0.491304,-9.055755,87.422432,5.461726,0.080969,0.866419,-0.112872,0.479607,-10.836344,50.954746,-2.039856,-0.031885,0.918573,0.031829,0.392676,-22.593330,5.482629,3.537570,-0.094248,0.862394,-0.077002,0.491391,0.178917,87.087975,20.593903,-0.004881,0.860290,-0.094408,0.500963,3.417338,50.918377,28.996798,-0.035616,0.801623,0.044606,0.595099,-0.659295,4.466310,36.910992,-0.031885,0.918573,0.031829,0.392676,-12.545557,0.854168,-5.825154,-0.035616,0.801623,0.044606,0.595099,12.620852,0.256122,32.916866
543,4.525000,-0.008993,0.871146,0.035218,0.489676,-4.416193,87.259552,13.028094,-0.066245,0.855639,0.121520,0.498724,-4.780833,94.509888,13.410124,-0.029046,0.858157,0.104560,0.501787,-7.735703,106.623924,15.197307,0.019979,0.880365,-0.053126,0.470889,-10.056806,121.266304,17.451269,0.039682,0.891689,-0.113666,0.436344,-7.419624,134.719772,15.447709,-0.015540,0.785936,0.236149,0.571223,-11.919723,115.799507,14.069253,0.232497,-0.326212,0.219094,-0.889679,-17.962097,120.072952,-1.697093,0.229957,0.413005,-0.431843,-0.768152,-0.694481,106.543671,-13.653362,0.330867,0.471459,-0.332526,-0.746780,4.836484,123.054466,-5.219985,-0.141471,0.890406,0.177318,0.394616,-8.411708,115.408943,20.219038,0.327396,0.876153,0.146475,-0.322044,2.883693,117.359436,33.332382,-0.107625,0.241378,0.506347,-0.820833,17.329008,105.383598,16.837641,0.018671,0.048036,0.461249,-0.885773,9.881901,123.126244,11.066950,0.071062,0.864707,0.075856,0.491404,-9.028562,87.426414,5.458968,0.081046,0.866460,-0.112843,0.479525,-10.830564,50.958015,-2.034046,-0.032296,0.918597,0.031771,0.392590,-22.591969,5.486446,3.538578,-0.094148,0.862383,-0.077096,0.491414,0.196177,87.092697,20.597219,-0.004800,0.860249,-0.094382,0.501039,3.424503,50.922775,29.002630,-0.035600,0.801589,0.044589,0.595147,-0.658210,4.470167,36.910503,-0.032296,0.918597,0.031771,0.392590,-12.542274,0.861072,-5.823611,-0.035600,0.801589,0.044589,0.595147,12.622206,0.259329,32.917953
544,4.533333,-0.009044,0.871133,0.035238,0.489698,-4.405694,87.259171,13.030018,-0.066303,0.855600,0.121585,0.498768,-4.771123,94.509468,13.411929,-0.029107,0.858119,0.104554,0.501850,-7.728550,106.624603,15.199847,0.019724,0.880230,-0.053085,0.471156,-10.051302,121.266922,17.452543,0.039732,0.891390,-0.114288,0.436788,-7.419830,134.721344,15.447891,-0.016053,0.785279,0.236629,0.571915,-11.913199,115.799759,14.070566,0.232371,-0.326193,0.219343,-0.889657,-17.927483,120.074776,-1.706091,0.229839,0.413273,-0.432080,-0.767911,-0.664705,106.536934,-13.659665,0.330838,0.471478,-0.332406,-0.746834,4.850696,123.053909,-5.220959,-0.141562,0.890369,0.177227,0.394709,-8.406129,115.409874,20.220932,0.327352,0.876219,0.146465,-0.321913,2.885822,117.363678,33.336754,-0.107511,0.241443,0.506206,-0.820915,17.336771,105.387520,16.847179,0.018784,0.048224,0.461243,-0.885763,9.885084,123.126579,11.070503,0.071085,0.864751,0.075799,0.491332,-9.017671,87.425438,5.460639,0.081129,0.866514,-0.112823,0.479420,-10.823865,50.956650,-2.029440,-0.032445,0.918602,0.031679,0.392574,-22.590412,5.485922,3.539181,-0.094153,0.862352,-0.077114,0.491464,0.206282,87.092903,20.599396,-0.004686,0.860338,-0.094426,0.500880,3.433776,50.923264,29.006327,-0.035570,0.801617,0.044585,0.595111,-0.658802,4.471341,36.913128,-0.032445,0.918602,0.031679,0.392574,-12.539951,0.859886,-5.821859,-0.035570,0.801617,0.044585,0.595111,12.621024,0.259912,32.919243
545,4.541667,-0.009003,0.871084,0.035160,0.489791,-4.400666,87.255226,13.033104,-0.066199,0.855687,0.120936,0.498790,-4.765065,94.505615,13.414292,-0.029205,0.858153,0.104505,0.501797,-7.712105,106.624290,15.189631,0.019419,0.880074,-0.052804,0.471493,-10.036501,121.266747,17.439751,0.039602,0.891011,-0.114700,0.437464,-7.414783,134.723694,15.439384,-0.015512,0.785994,0.236126,0.571155,-11.898043,115.798691,14.059013,0.233213,-0.326049,0.219077,-0.889556,-17.943161,120.071838,-1.706359,0.230493,0.412980,-0.431746,-0.768060,-0.669846,106.534912,-13.645718,0.331013,0.471357,-0.332478,-0.746801,4.864572,123.047852,-5.223584,-0.141510,0.890145,0.177108,0.395284,-8.390298,115.410439,20.209099,0.327252,0.876293,0.146402,-0.321844,2.886319,117.359627,33.338791,-0.107224,0.241173,0.506046,-0.821131,17.342791,105.385162,16.852833,0.019018,0.047959,0.462565,-0.885083,9.879585,123.118820,11.076622,0.071071,0.864706,0.075795,0.491415,-9.011038,87.421524,5.462750,0.081088,0.866716,-0.112857,0.479053,-10.815748,50.952530,-2.026710,-0.032561,0.918773,0.031681,0.392163,-22.578100,5.481890,3.551493,-0.094157,0.862390,-0.077106,0.491399,0.209707,87.088928,20.603456,-0.004604,0.860372,-0.094467,0.500814,3.438382,50.919235,29.009706,-0.035557,0.801677,0.044194,0.595060,-0.662221,4.467970,36.916206,-0.032561,0.918773,0.031681,0.392163,-12.534827,0.857003,-5.817825,-0.035557,0.801677,0.044194,0.595060,12.615053,0.247625,32.923264
546,4.550000,-0.008980,0.871047,0.035037,0.489865,-4.395854,87.251869,13.036275,-0.066226,0.855674,0.120872,0.498824,-4.759120,94.502388,13.416040,-0.029200,0.858153,0.104342,0.501829,-7.706176,106.621971,15.189664,0.019262,0.879938,-0.052751,0.471758,-10.028094,121.265450,17.435656,0.039480,0.890731,-0.115168,0.437923,-7.409918,134.723160,15.435738,-0.016105,0.785341,0.236659,0.571815,-11.890400,115.796806,14.056290,0.233223,-0.325986,0.219380,-0.889501,-17.908583,120.070137,-1.719333,0.230517,0.413230,-0.431983,-0.767785,-0.639881,106.520882,-13.651380,0.331105,0.471431,-0.332540,-0.746686,4.879735,123.042130,-5.227065,-0.141572,0.890087,0.176962,0.395458,-8.383112,115.409599,20.206699,0.327343,0.876323,0.146260,-0.321734,2.888116,117.361366,33.340633,-0.107101,0.241250,0.506059,-0.821116,17.345106,105.379311,16.860649,0.019184,0.048025,0.462862,-0.884921,9.883488,123.113266,11.079304,0.071046,0.864709,0.075765,0.491417,-9.004943,87.417511,5.465126,0.081312,0.866744,-0.112714,0.478997,-10.809131,50.947906,-2.021501,-0.032275,0.918659,0.031823,0.392444,-22.583040,5.477670,3.535591,-0.094136,0.862365,-0.077019,0.491459,0.213234,87.086235,20.607424,-0.004692,0.860580,-0.094676,0.500417,3.443194,50.915253,29.007635,-0.035247,0.802134,0.044241,0.594459,-0.656492,4.467794,36.936947,-0.032275,0.918659,0.031823,0.392444,-12.536319,0.853290,-5.830274,-0.035247,0.802134,0.044241,0.594459,12.612841,0.243293,32.922058
547,4.558333,-0.008925,0.870990,0.034883,0.489979,-4.393048,87.248161,13.039358,-0.066195,0.855641,0.120760,0.498913,-4.754568,94.498848,13.417524,-0.029225,0.858116,0.104214,0.501919,-7.700139,106.620789,15.189108,0.019125,0.879806,-0.052778,0.472006,-10.021021,121.265030,17.431213,0.039340,0.890504,-0.115538,0.438298,-7.404949,134.722961,15.430030,-0.015706,0.785920,0.235910,0.571340,-11.883198,115.795792,14.052741,0.233503,-0.325781,0.219223,-0.889542,-17.920736,120.060898,-1.717713,0.230913,0.412888,-0.431816,-0.767944,-0.641906,106.516006,-13.640061,0.331318,0.471485,-0.332495,-0.746577,4.893285,123.035347,-5.229943,-0.141605,0.890043,0.176823,0.395609,-8.377201,115.409660,20.203957,0.327416,0.876372,0.146164,-0.321571,2.889548,117.363213,33.341473,-0.107056,0.241436,0.506070,-0.821060,17.349440,105.374458,16.868906,0.019276,0.048170,0.462841,-0.884921,9.891451,123.109093,11.080730,0.071071,0.864695,0.075732,0.491442,-9.000184,87.413391,5.467009,0.081353,0.866796,-0.112664,0.478908,-10.806990,50.943695,-2.018523,-0.032370,0.918658,0.031891,0.392432,-22.581446,5.473032,3.533862,-0.094150,0.862329,-0.076947,0.491531,0.214088,87.082932,20.611706,-0.004651,0.860603,-0.094716,0.500369,3.446942,50.911320,29.008108,-0.033699,0.802251,0.044987,0.594335,-0.657533,4.464543,36.938946,-0.032370,0.918658,0.031891,0.392432,-12.533855,0.851417,-5.832443,-0.033699,0.802251,0.044987,0.594335,12.602939,0.231055,32.904278
548,4.566667,-0.008968,0.870984,0.034852,0.489991,-4.387983,87.249199,13.042469,-0.066136,0.855604,0.120678,0.499003,-4.749829,94.499908,13.419922,-0.029208,0.858055,0.104150,0.502038,-7.693166,106.621948,15.190104,0.019212,0.879653,-0.052960,0.472268,-10.012953,121.266617,17.430542,0.038999,0.890311,-0.115808,0.438651,-7.391574,134.723221,15.427377,-0.015796,0.785837,0.235787,0.571502,-11.874861,115.797356,14.051967,0.233503,-0.325673,0.219438,-0.889528,-17.905853,120.058914,-1.721948,0.231065,0.412984,-0.431816,-0.767846,-0.628237,106.505882,-13.636780,0.331644,0.471297,-0.332365,-0.746609,4.903514,123.025810,-5.228446,-0.141869,0.889998,0.176728,0.395656,-8.370547,115.411247,20.204144,0.327482,0.876450,0.146002,-0.321363,2.892298,117.373764,33.343666,-0.106953,0.241654,0.506000,-0.821053,17.356691,105.376686,16.881107,0.019345,0.048360,0.462957,-0.884849,9.900409,123.107971,11.083694,0.071094,0.864703,0.075651,0.491438,-8.994891,87.413490,5.469962,0.081376,0.866621,-0.112667,0.479221,-10.806241,50.943119,-2.011163,-0.032736,0.918624,0.031753,0.392492,-22.584667,5.472863,3.536148,-0.094159,0.862351,-0.076959,0.491489,0.218925,87.084900,20.614975,-0.004569,0.860589,-0.094704,0.500397,3.452313,50.913544,29.012272,-0.034112,0.802136,0.044746,0.594484,-0.658556,4.466489,36.938190,-0.032736,0.918624,0.031753,0.392492,-12.532888,0.851896,-5.825978,-0.034112,0.802136,0.044746,0.594484,12.605211,0.234452,32.912849
549,4.575000,-0.009053,0.870955,0.034890,0.490039,-4.379896,87.250175,13.044880,-0.066070,0.855553,0.120553,0.499131,-4.743108,94.500824,13.422185,-0.029310,0.857963,0.104102,0.502199,-7.684365,106.626389,15.190503,0.019356,0.879497,-0.053161,0.472531,-10.006491,121.271179,17.427734,0.038669,0.890153,-0.116054,0.438934,-7.378203,134.726196,15.422921,-0.015877,0.785790,0.235650,0.571622,-11.866525,115.801201,14.049284,0.233585,-0.325506,0.219649,-0.889516,-17.892668,120.058838,-1.727548,0.231307,0.412955,-0.431801,-0.767798,-0.614209,106.497192,-13.631376,0.331799,0.471370,-0.332308,-0.746519,4.919128,123.019936,-5.228351,-0.141523,0.890087,0.176090,0.395864,-8.364594,115.416405,20.202900,0.327417,0.876548,0.145983,-0.321171,2.895918,117.376160,33.344833,-0.106847,0.241661,0.505926,-0.821111,17.368586,105.378639,16.889881,0.019627,0.048402,0.463290,-0.884666,9.909304,123.107971,11.089118,0.071185,0.864586,0.075637,0.491634,-8.985940,87.413528,5.471827,0.081383,0.866553,-0.112734,0.479326,-10.801864,50.943966,-2.012140,-0.032730,0.918623,0.031763,0.392494,-22.584528,5.475247,3.538753,-0.094192,0.862359,-0.076970,0.491467,0.226148,87.086830,20.617933,-0.004466,0.860580,-0.094725,0.500410,3.461411,50.916077,29.017084,-0.035849,0.802098,0.043947,0.594493,-0.658986,4.469299,36.939682,-0.032730,0.918623,0.031763,0.392494,-12.532741,0.854464,-5.823459,-0.035849,0.802098,0.043947,0.594493,12.613628,0.248227,32.932034
550,4.583333,-0.009200,0.870947,0.034914,0.490049,-4.370506,87.253181,13.049397,-0.066162,0.855512,0.120358,0.499236,-4.735764,94.503769,13.425952,-0.029214,0.857906,0.104051,0.502312,-7.677079,106.631363,15.188771,0.019361,0.879355,-0.053525,0.472754,-9.996259,121.276642,17.425844,0.038302,0.889980,-0.116156,0.439291,-7.362442,134.729446,15.413504,-0.015908,0.785824,0.235445,0.571658,-11.856803,115.807190,14.046818,0.233591,-0.325258,0.219929,-0.889536,-17.881451,120.060173,-1.731838,0.231534,0.412785,-0.431817,-0.767812,-0.601076,106.488670,-13.621637,0.331832,0.471584,-0.332459,-0.746302,4.937525,123.015335,-5.226829,-0.141582,0.890039,0.175886,0.396043,-8.356392,115.421417,20.201237,0.327524,0.876602,0.146044,-0.320885,2.898596,117.384491,33.347408,-0.106711,0.241870,0.505905,-0.821080,17.376934,105.380272,16.902325,0.019707,0.048663,0.463363,-0.884612,9.921220,123.106995,11.092340,0.071291,0.864540,0.075602,0.491704,-8.976330,87.414467,5.476166,0.081434,0.866752,-0.112670,0.478973,-10.799794,50.945629,-2.009504,-0.032418,0.918655,0.031917,0.392434,-22.581493,5.476320,3.538660,-0.094128,0.862374,-0.077039,0.491442,0.235318,87.091896,20.622629,-0.004416,0.860576,-0.094642,0.500432,3.464229,50.921036,29.023764,-0.035473,0.802014,0.044076,0.594620,-0.656445,4.472730,36.937225,-0.032418,0.918655,0.031917,0.392434,-12.533326,0.855900,-5.827614,-0.035473,0.802014,0.044076,0.594620,12.615304,0.248324,32.930229
551,4.591667,-0.009145,0.870906,0.034744,0.490135,-4.369918,87.252312,13.054792,-0.066097,0.855476,0.120133,0.499360,-4.733299,94.503090,13.429560,-0.029220,0.857846,0.103881,0.502450,-7.671000,106.633522,15.188223,0.019426,0.879228,-0.053783,0.472957,-9.988155,121.279846,17.420546,0.038002,0.889856,-0.116271,0.439538,-7.348773,134.730911,15.403902,-0.015954,0.785829,0.235237,0.571736,-11.848667,115.809807,14.042451,0.233810,-0.325132,0.220169,-0.889465,-17.870178,120.058037,-1.738682,0.231879,0.412828,-0.431725,-0.767736,-0.591001,106.474556,-13.616529,0.332256,0.471298,-0.332315,-0.746359,4.948835,123.001839,-5.227229,-0.141979,0.889974,0.176446,0.395796,-8.350234,115.425072,20.198057,0.327718,0.876652,0.145770,-0.320675,2.907641,117.393936,33.340889,-0.106693,0.241991,0.505892,-0.821054,17.386351,105.374466,16.907272,0.019748,0.048874,0.463413,-0.884573,9.931878,123.102020,11.092663,0.071300,0.864545,0.075628,0.491690,-8.974274,87.413040,5.480658,0.081425,0.866550,-0.112713,0.479330,-10.797432,50.944592,-2.006985,-0.032617,0.918647,0.031771,0.392447,-22.582600,5.476069,3.540237,-0.094139,0.862351,-0.076961,0.491493,0.234437,87.091583,20.628925,-0.004391,0.860616,-0.094638,0.500364,3.466484,50.919979,29.025660,-0.036022,0.802064,0.043786,0.594541,-0.655390,4.471585,36.937943,-0.032617,0.918647,0.031771,0.392447,-12.532783,0.854198,-5.823545,-0.036022,0.802064,0.043786,0.594541,12.618166,0.249814,32.934151
552,4.600000,-0.008946,0.870876,0.034550,0.490206,-4.375268,87.248314,13.057415,-0.065893,0.855483,0.119819,0.499451,-4.734779,94.499336,13.431120,-0.029185,0.857819,0.103654,0.502544,-7.664608,106.633186,15.185576,0.019403,0.879108,-0.054178,0.473137,-9.977707,121.280983,17.412413,0.037722,0.889714,-0.116306,0.439840,-7.333221,134.729721,15.386936,-0.015935,0.785874,0.234991,0.571776,-11.839241,115.810356,14.035836,0.234054,-0.324939,0.220406,-0.889412,-17.859190,120.054497,-1.747000,0.232231,0.412747,-0.431727,-0.767672,-0.578968,106.459320,-13.609945,0.332459,0.471270,-0.332267,-0.746307,4.963241,122.990021,-5.230208,-0.141971,0.889911,0.176193,0.396054,-8.342119,115.426674,20.192257,0.327824,0.876732,0.145557,-0.320445,2.908736,117.396881,33.340904,-0.106709,0.242374,0.505912,-0.820927,17.391357,105.366371,16.918810,0.019787,0.049186,0.463320,-0.884604,9.945393,123.093224,11.093393,0.071240,0.864468,0.075652,0.491831,-8.978455,87.410477,5.482597,0.081451,0.866593,-0.112650,0.479262,-10.795714,50.941669,-2.004734,-0.032654,0.918648,0.031789,0.392440,-22.579723,5.472201,3.537143,-0.094227,0.862382,-0.076911,0.491431,0.227917,87.086143,20.632235,-0.004357,0.860721,-0.094665,0.500179,3.468022,50.915207,29.028719,-0.034512,0.802205,0.044559,0.594383,-0.656215,4.467270,36.942463,-0.032654,0.918648,0.031789,0.392440,-12.529644,0.851207,-5.826800,-0.034512,0.802205,0.044559,0.594383,12.608564,0.237688,32.917870
553,4.608333,-0.008834,0.870876,0.034336,0.490222,-4.377886,87.246292,13.062376,-0.065818,0.855504,0.119628,0.499470,-4.734457,94.497559,13.434166,-0.029146,0.857829,0.103469,0.502568,-7.660474,106.633270,15.185528,0.018483,0.879252,-0.052467,0.473098,-9.969857,121.282288,17.408201,0.038053,0.889702,-0.117537,0.439509,-7.369433,134.743851,15.411109,-0.015827,0.785899,0.234527,0.571936,-11.832692,115.811203,14.033085,0.234253,-0.324793,0.220713,-0.889338,-17.846397,120.050339,-1.753473,0.232541,0.412533,-0.431768,-0.767670,-0.568159,106.440865,-13.602919,0.332574,0.471202,-0.332193,-0.746332,4.979079,122.974480,-5.235770,-0.141815,0.890030,0.175559,0.396124,-8.335881,115.428329,20.189732,0.327982,0.876780,0.145295,-0.320274,2.914578,117.402580,33.338112,-0.106715,0.242730,0.505940,-0.820804,17.397532,105.358971,16.925924,0.019726,0.049509,0.463469,-0.884509,9.959579,123.085930,11.090155,0.071122,0.864555,0.075701,0.491686,-8.980832,87.408333,5.487410,0.081553,0.866760,-0.112532,0.478970,-10.789933,50.938820,-1.998428,-0.032253,0.918656,0.031897,0.392445,-22.575144,5.468413,3.533197,-0.094234,0.862366,-0.076812,0.491473,0.225060,87.084251,20.637342,-0.004380,0.860688,-0.094681,0.500232,3.468885,50.912285,29.027969,-0.034724,0.802299,0.044399,0.594256,-0.654730,4.464650,36.943829,-0.032253,0.918656,0.031897,0.392445,-12.528353,0.845642,-5.833395,-0.034724,0.802299,0.044399,0.594256,12.609549,0.235000,32.917664
554,4.616667,-0.008769,0.870854,0.034188,0.490273,-4.378187,87.247177,13.067116,-0.065715,0.855495,0.119403,0.499553,-4.732907,94.498604,13.437472,-0.029121,0.857798,0.103267,0.502664,-7.654441,106.637451,15.185350,0.018705,0.879097,-0.052850,0.473335,-9.960413,121.287766,17.403013,0.037567,0.889545,-0.117626,0.439844,-7.348958,134.746445,15.400831,-0.015801,0.785937,0.234158,0.572034,-11.824006,115.816132,14.029219,0.234569,-0.324633,0.220993,-0.889243,-17.833811,120.049408,-1.760392,0.232992,0.412370,-0.431785,-0.767611,-0.556608,106.425247,-13.594434,0.332879,0.471142,-0.331998,-0.746321,4.995127,122.963737,-5.240936,-0.141761,0.890036,0.175346,0.396223,-8.328542,115.434242,20.186689,0.328140,0.876810,0.145224,-0.320059,2.919703,117.409195,33.336849,-0.106608,0.242977,0.505995,-0.820711,17.404324,105.355431,16.933598,0.019850,0.049768,0.463560,-0.884444,9.973235,123.082817,11.088504,0.071153,0.864434,0.075778,0.491883,-8.980262,87.408958,5.491619,0.081552,0.866750,-0.112578,0.478978,-10.786767,50.940639,-2.000674,-0.032114,0.918693,0.031822,0.392378,-22.574047,5.471209,3.534590,-0.094183,0.862443,-0.076792,0.491350,0.223888,87.085388,20.642612,-0.004384,0.860692,-0.094665,0.500229,3.466391,50.912464,29.029608,-0.034308,0.802279,0.044596,0.594292,-0.656131,4.464555,36.944416,-0.032114,0.918693,0.031822,0.392378,-12.530178,0.844967,-5.833414,-0.034308,0.802279,0.044596,0.594292,12.606432,0.232426,32.915218
555,4.625000,-0.008787,0.870826,0.034139,0.490326,-4.376837,87.249565,13.071561,-0.065723,0.855181,0.120683,0.499783,-4.731468,94.501038,13.441154,-0.029188,0.857548,0.103096,0.503121,-7.672743,106.645622,15.217169,0.019029,0.878810,-0.054628,0.473653,-9.979052,121.296867,17.428265,0.037287,0.889378,-0.117653,0.440197,-7.335975,134.743912,15.389694,-0.016156,0.785415,0.233409,0.573046,-11.839822,115.824547,14.054039,0.234348,-0.324730,0.221210,-0.889212,-17.808851,120.041725,-1.755336,0.233005,0.412200,-0.431980,-0.767589,-0.539583,106.410744,-13.593115,0.333385,0.471004,-0.331958,-0.746200,5.011652,122.955025,-5.246141,-0.141556,0.890595,0.175144,0.395128,-8.350932,115.443909,20.215317,0.328377,0.876824,0.144904,-0.319923,2.929533,117.424728,33.336967,-0.106512,0.243230,0.506048,-0.820616,17.410732,105.354263,16.942982,0.019932,0.050121,0.463977,-0.884203,9.986558,123.082039,11.088602,0.071170,0.864412,0.075800,0.491917,-8.977977,87.410683,5.495480,0.081580,0.866730,-0.112583,0.479008,-10.784492,50.942791,-1.998916,-0.032529,0.918680,0.031735,0.392381,-22.574408,5.473894,3.535068,-0.094186,0.862446,-0.076812,0.491342,0.224303,87.088448,20.647642,-0.004341,0.860724,-0.094610,0.500185,3.466307,50.915783,29.035986,-0.034078,0.802231,0.044686,0.594363,-0.656673,4.466844,36.944534,-0.032529,0.918680,0.031735,0.392381,-12.526875,0.850090,-5.830216,-0.034078,0.802231,0.044686,0.594363,12.605351,0.232922,32.915436
556,4.633333,-0.008899,0.870839,0.034195,0.490296,-4.370022,87.253876,13.074763,-0.065718,0.855155,0.120363,0.499903,-4.726442,94.505264,13.444276,-0.029240,0.857460,0.103135,0.503260,-7.666202,106.661308,15.214543,0.020158,0.878471,-0.056965,0.473959,-9.974802,121.312241,17.425446,0.036489,0.889190,-0.116854,0.440856,-7.273751,134.741760,15.347788,-0.016224,0.785433,0.232915,0.573221,-11.833858,115.839836,14.050378,0.234408,-0.324453,0.221766,-0.889159,-17.795847,120.046677,-1.764406,0.233394,0.411813,-0.432115,-0.767603,-0.529902,106.393829,-13.581811,0.333669,0.470881,-0.331875,-0.746186,5.029317,122.945572,-5.253592,-0.141340,0.890649,0.174953,0.395169,-8.347002,115.459320,20.212811,0.328585,0.876853,0.144921,-0.319622,2.934460,117.436073,33.334217,-0.106340,0.243439,0.506088,-0.820551,17.418457,105.354141,16.951151,0.020006,0.050364,0.464245,-0.884047,10.000206,123.080635,11.087358,0.071274,0.864334,0.075762,0.492043,-8.971651,87.413742,5.498954,0.081571,0.866610,-0.112614,0.479220,-10.785134,50.946533,-1.997106,-0.032360,0.918688,0.031798,0.392370,-22.577036,5.478147,3.536877,-0.094103,0.862433,-0.076881,0.491369,0.231607,87.094009,20.650572,-0.004328,0.860624,-0.094577,0.500362,3.465495,50.920975,29.040462,-0.033911,0.802209,0.044728,0.594399,-0.658616,4.471436,36.944897,-0.032360,0.918688,0.031798,0.392370,-12.531087,0.854038,-5.829950,-0.033911,0.802209,0.044728,0.594399,12.602739,0.235689,32.915520
557,4.641667,-0.008892,0.870813,0.034040,0.490354,-4.369921,87.255745,13.079781,-0.065592,0.855148,0.120112,0.499993,-4.725187,94.507286,13.447358,-0.029190,0.857427,0.102920,0.503363,-7.659491,106.665955,15.213733,0.020083,0.878334,-0.056580,0.474262,-9.963843,121.318291,17.419682,0.036166,0.888960,-0.117342,0.441218,-7.268467,134.750443,15.351563,-0.016207,0.785463,0.232574,0.573319,-11.823946,115.845467,14.045887,0.234953,-0.324359,0.221975,-0.888997,-17.782011,120.046761,-1.771845,0.233974,0.411616,-0.432095,-0.767543,-0.517647,106.378700,-13.573956,0.334157,0.470697,-0.331826,-0.746107,5.048387,122.935867,-5.262245,-0.141126,0.890683,0.174535,0.395353,-8.338517,115.465714,20.209173,0.328674,0.876895,0.144968,-0.319394,2.939975,117.440628,33.333405,-0.106204,0.243663,0.506110,-0.820489,17.428329,105.353203,16.958241,0.020190,0.050669,0.464388,-0.883951,10.015537,123.078384,11.085161,0.071187,0.864382,0.075782,0.491968,-8.970549,87.414398,5.503339,0.081682,0.866703,-0.112564,0.479045,-10.778360,50.946491,-1.990659,-0.032564,0.918681,0.031653,0.392381,-22.575977,5.478761,3.536515,-0.094091,0.862485,-0.076887,0.491279,0.230707,87.097092,20.656221,-0.004300,0.860691,-0.094512,0.500260,3.464494,50.923954,29.045725,-0.035045,0.802160,0.044142,0.594444,-0.657907,4.473224,36.944061,-0.032564,0.918681,0.031653,0.392381,-12.528380,0.853304,-5.827880,-0.035045,0.802160,0.044142,0.594444,12.609285,0.243168,32.927956
558,4.650000,-0.008813,0.870792,0.033882,0.490403,-4.372685,87.255898,13.083178,-0.064616,0.855172,0.119619,0.500196,-4.725846,94.507614,13.449299,-0.029820,0.857237,0.102624,0.503709,-7.630301,106.659164,15.215150,0.020175,0.878087,-0.057467,0.474610,-9.947278,121.312210,17.403082,0.035777,0.888847,-0.116908,0.441591,-7.237118,134.738571,15.316879,-0.015908,0.785813,0.232383,0.572925,-11.800290,115.834389,14.033487,0.235113,-0.324184,0.222182,-0.888967,-17.774445,120.036636,-1.777929,0.234306,0.411214,-0.432228,-0.767582,-0.508998,106.359161,-13.567558,0.334680,0.470321,-0.331888,-0.746082,5.065319,122.922478,-5.273956,-0.141283,0.890564,0.174130,0.395745,-8.320330,115.463829,20.200426,0.328888,0.876877,0.144780,-0.319310,2.945831,117.446228,33.334118,-0.106073,0.243942,0.506232,-0.820348,17.429817,105.346107,16.964466,0.020326,0.050917,0.464547,-0.883850,10.027713,123.071716,11.081615,0.071247,0.864215,0.075807,0.492249,-8.972482,87.414429,5.506227,0.081633,0.866621,-0.112570,0.479199,-10.780781,50.947441,-1.992112,-0.032569,0.918685,0.031620,0.392373,-22.575676,5.479083,3.535732,-0.094063,0.862536,-0.076928,0.491188,0.227112,87.097366,20.660130,-0.004325,0.860778,-0.094429,0.500126,3.458517,50.924324,29.050911,-0.034873,0.802179,0.044213,0.594423,-0.656718,4.472148,36.944462,-0.032569,0.918685,0.031620,0.392373,-12.528303,0.852846,-5.828522,-0.034873,0.802179,0.044213,0.594423,12.609375,0.240850,32.926018
559,4.658333,-0.008468,0.870729,0.033514,0.490546,-4.384658,87.252968,13.086399,-0.064445,0.855258,0.119122,0.500191,-4.730893,94.505135,13.450280,-0.029524,0.857330,0.102518,0.503591,-7.625070,106.658463,15.207572,0.020132,0.878062,-0.057765,0.474620,-9.932563,121.312691,17.397625,0.035484,0.888742,-0.117036,0.441792,-7.219569,134.737305,15.303861,-0.015897,0.785871,0.232093,0.572964,-11.790012,115.836273,14.028190,0.235536,-0.324115,0.222439,-0.888816,-17.762619,120.033348,-1.785183,0.234820,0.410882,-0.432265,-0.767583,-0.500655,106.340111,-13.561615,0.335145,0.470146,-0.331870,-0.745991,5.083039,122.909714,-5.286755,-0.141315,0.890503,0.173726,0.396047,-8.308113,115.463089,20.193874,0.329024,0.876907,0.144798,-0.319078,2.949410,117.449928,33.334305,-0.105792,0.244244,0.506238,-0.820290,17.436340,105.341972,16.973057,0.020461,0.051128,0.464767,-0.883719,10.040422,123.065125,11.075133,0.071105,0.864111,0.075901,0.492438,-8.982068,87.413727,5.508047,0.081752,0.867121,-0.112429,0.478307,-10.776130,50.946289,-1.991527,-0.031977,0.918723,0.031742,0.392325,-22.568718,5.476758,3.531553,-0.094145,0.862504,-0.076820,0.491246,0.212751,87.092209,20.664751,-0.004386,0.860780,-0.094406,0.500126,3.452820,50.919079,29.051840,-0.034098,0.802267,0.044643,0.594316,-0.656338,4.466539,36.946426,-0.031977,0.918723,0.031742,0.392325,-12.527458,0.846962,-5.837497,-0.034098,0.802267,0.044643,0.594316,12.605151,0.231984,32.916241
560,4.666667,-0.008539,0.870646,0.033360,0.490704,-4.386067,87.258125,13.091415,-0.064277,0.855253,0.118909,0.500272,-4.732154,94.510422,13.452782,-0.029503,0.857321,0.102193,0.503674,-7.619531,106.662476,15.207013,0.020120,0.877976,-0.057929,0.474760,-9.921803,121.318748,17.388945,0.035264,0.888636,-0.117282,0.441960,-7.206517,134.742386,15.291829,-0.015888,0.785866,0.231846,0.573071,-11.780782,115.841255,14.022096,0.236291,-0.324160,0.222622,-0.888553,-17.749142,120.034500,-1.793896,0.235392,0.410666,-0.432233,-0.767541,-0.492704,106.323311,-13.557518,0.335506,0.469856,-0.332016,-0.745947,5.098433,122.896957,-5.299756,-0.141392,0.890500,0.173521,0.396117,-8.300044,115.470001,20.188553,0.329402,0.876866,0.144661,-0.318863,2.954780,117.461632,33.330566,-0.105791,0.244550,0.506218,-0.820211,17.436119,105.334023,16.978930,0.020102,0.051870,0.464731,-0.883703,10.045870,123.055038,11.071981,0.071034,0.864126,0.075901,0.492421,-8.980712,87.416557,5.511338,0.081864,0.867268,-0.112309,0.478050,-10.770373,50.948368,-1.985659,-0.031825,0.918709,0.031698,0.392373,-22.565136,5.478030,3.526135,-0.093991,0.862451,-0.076778,0.491374,0.208578,87.099686,20.671494,-0.004555,0.860714,-0.094349,0.500249,3.439172,50.923912,29.050806,-0.034106,0.802378,0.044489,0.594178,-0.654648,4.470497,36.948215,-0.031825,0.918709,0.031698,0.392373,-12.524472,0.845461,-5.842177,-0.034106,0.802378,0.044489,0.594178,12.604767,0.232635,32.914688
561,4.675000,-0.009191,0.870547,0.033486,0.490859,-4.366274,87.250046,13.092245,-0.064341,0.855214,0.118889,0.500334,-4.721577,94.502052,13.450484,-0.029434,0.857317,0.101898,0.503744,-7.613676,106.668678,15.205359,0.020129,0.877845,-0.058349,0.474952,-9.909955,121.326866,17.380672,0.035071,0.888456,-0.117316,0.442327,-7.188386,134.747833,15.274671,-0.015829,0.785894,0.231446,0.573195,-11.770846,115.848717,14.015949,0.236649,-0.324088,0.222948,-0.888402,-17.734310,120.036591,-1.803313,0.235810,0.410389,-0.432352,-0.767494,-0.482805,106.307663,-13.553468,0.335888,0.469636,-0.332030,-0.745907,5.113171,122.888245,-5.312721,-0.141213,0.890555,0.173363,0.396127,-8.291058,115.478638,20.183010,0.329567,0.876859,0.144531,-0.318770,2.965250,117.467102,33.324230,-0.105664,0.244617,0.506302,-0.820156,17.444122,105.329643,16.977724,0.020233,0.051916,0.465146,-0.883479,10.058238,123.052155,11.066609,0.071355,0.864152,0.075843,0.492338,-8.958015,87.399628,5.510229,0.081822,0.867043,-0.112501,0.478419,-10.771060,50.934196,-1.994536,-0.031997,0.918658,0.032018,0.392451,-22.573278,5.467284,3.529572,-0.093754,0.862481,-0.077002,0.491333,0.225466,87.100471,20.674261,-0.004536,0.860738,-0.094263,0.500225,3.433070,50.923931,29.059135,-0.034043,0.802320,0.044545,0.594255,-0.657999,4.468951,36.948753,-0.031997,0.918658,0.032018,0.392451,-12.528363,0.844717,-5.839126,-0.034043,0.802320,0.044545,0.594255,12.601990,0.231295,32.916889
562,4.683333,-0.009211,0.870497,0.033414,0.490951,-4.364669,87.254868,13.094349,-0.064221,0.855208,0.118639,0.500420,-4.719761,94.506935,13.451499,-0.029362,0.857293,0.101731,0.503822,-7.606606,106.676483,15.202500,0.019909,0.877790,-0.058691,0.475020,-9.898722,121.335815,17.374458,0.035043,0.888365,-0.117462,0.442473,-7.177779,134.755249,15.257840,-0.016023,0.785646,0.231475,0.573519,-11.760779,115.857552,14.010571,0.236838,-0.324016,0.223483,-0.888244,-17.711103,120.043434,-1.814172,0.236119,0.410059,-0.432631,-0.767418,-0.469187,106.290306,-13.550106,0.336240,0.469340,-0.332077,-0.745914,5.128493,122.881378,-5.327266,-0.141142,0.890573,0.173103,0.396225,-8.282046,115.487671,20.178244,0.329702,0.876878,0.144523,-0.318582,2.972257,117.477036,33.321053,-0.105479,0.244761,0.506281,-0.820150,17.452705,105.331871,16.981642,0.020297,0.052163,0.465533,-0.883259,10.069268,123.051308,11.062376,0.071407,0.864036,0.075801,0.492541,-8.954800,87.403557,5.511337,0.081830,0.867022,-0.112512,0.478453,-10.771045,50.938202,-1.993027,-0.032056,0.918657,0.031924,0.392456,-22.574593,5.471644,3.531149,-0.093676,0.862433,-0.077118,0.491414,0.225462,87.106171,20.677361,-0.004581,0.860728,-0.094126,0.500267,3.422955,50.929878,29.067152,-0.033928,0.802283,0.044634,0.594306,-0.658310,4.472506,36.947746,-0.032056,0.918657,0.031924,0.392456,-12.529341,0.847360,-5.836343,-0.033928,0.802283,0.044634,0.594306,12.601781,0.234930,32.916119
563,4.691667,-0.009742,0.870463,0.033377,0.491005,-4.347948,87.268021,13.098949,-0.064416,0.855173,0.118634,0.500455,-4.709519,94.519981,13.451817,-0.029371,0.857285,0.101469,0.503888,-7.599632,106.685020,15.199507,0.019809,0.877777,-0.058669,0.475050,-9.888197,121.345940,17.364517,0.035091,0.888342,-0.117720,0.442447,-7.169822,134.765762,15.247231,-0.015804,0.785888,0.230927,0.573413,-11.751228,115.866646,14.002851,0.237541,-0.323987,0.223572,-0.888044,-17.705996,120.046616,-1.821780,0.236737,0.409776,-0.432532,-0.767434,-0.465134,106.280731,-13.544294,0.336769,0.469043,-0.332300,-0.745763,5.144459,122.875275,-5.339577,-0.140927,0.890598,0.172851,0.396355,-8.273447,115.498642,20.171171,0.329809,0.876915,0.144484,-0.318386,2.979373,117.484131,33.315834,-0.105404,0.244947,0.506363,-0.820054,17.462496,105.331612,16.984272,0.020402,0.052313,0.466051,-0.882975,10.085974,123.051941,11.058578,0.071567,0.863996,0.075701,0.492603,-8.936972,87.408234,5.515108,0.081893,0.866981,-0.112435,0.478535,-10.766634,50.943459,-1.988816,-0.032020,0.918637,0.031872,0.392512,-22.572460,5.476245,3.525114,-0.093328,0.862431,-0.077307,0.491453,0.241076,87.127808,20.682791,-0.004726,0.860537,-0.093951,0.500626,3.409030,50.948841,29.072252,-0.033584,0.802230,0.044481,0.594407,-0.655455,4.488471,36.943878,-0.032020,0.918637,0.031872,0.392512,-12.526588,0.850300,-5.840893,-0.033584,0.802230,0.044481,0.594407,12.602329,0.241812,32.914223
564,4.700000,-0.009622,0.870525,0.033018,0.490921,-4.357690,87.267769,13.103621,-0.064445,0.855090,0.118501,0.500625,-4.715139,94.520119,13.452837,-0.029197,0.857180,0.101039,0.504164,-7.607897,106.699844,15.198785,0.020110,0.877646,-0.059207,0.475213,-9.886244,121.363686,17.354803,0.034960,0.888302,-0.117797,0.442517,-7.153203,134.779282,15.229553,-0.016169,0.785392,0.230957,0.574070,-11.751644,115.884079,13.994953,0.237674,-0.323847,0.224232,-0.887893,-17.679756,120.060204,-1.840696,0.237090,0.409690,-0.432847,-0.767194,-0.449130,106.266251,-13.545254,0.337413,0.468619,-0.332195,-0.745785,5.153548,122.873535,-5.354421,-0.140643,0.890696,0.173068,0.396142,-8.277653,115.516602,20.165440,0.329927,0.876999,0.144203,-0.318161,2.983854,117.492043,33.304180,-0.105362,0.245138,0.506388,-0.819986,17.470228,105.326889,16.984909,0.020532,0.052380,0.466381,-0.882793,10.098278,123.047531,11.052662,0.071460,0.863886,0.075792,0.492798,-8.948205,87.406654,5.520655,0.081916,0.866979,-0.112394,0.478545,-10.765895,50.941765,-1.985623,-0.033196,0.918797,0.031087,0.392102,-22.571777,5.474031,3.523831,-0.093340,0.862373,-0.077362,0.491544,0.232825,87.128883,20.686586,-0.004779,0.860602,-0.093797,0.500544,3.398667,50.950718,29.080296,-0.034164,0.802237,0.044231,0.594384,-0.653410,4.487663,36.942436,-0.033196,0.918797,0.031087,0.392102,-12.525731,0.841269,-5.838623,-0.034164,0.802237,0.044231,0.594384,12.607161,0.245002,32.917740
565,4.708333,-0.009506,0.870441,0.032755,0.491089,-4.362159,87.267426,13.105144,-0.064330,0.855193,0.117931,0.500599,-4.716329,94.520050,13.451799,-0.028980,0.857290,0.100927,0.504012,-7.597526,106.695320,15.186045,0.019922,0.877723,-0.059177,0.475082,-9.868245,121.360207,17.342920,0.034929,0.888320,-0.117899,0.442457,-7.140540,134.776505,15.215291,-0.015981,0.785475,0.230725,0.574055,-11.737535,115.881454,13.983856,0.238060,-0.323897,0.224354,-0.887741,-17.666456,120.057930,-1.851399,0.237364,0.409502,-0.432949,-0.767152,-0.440176,106.253410,-13.549902,0.337638,0.468449,-0.332335,-0.745728,5.165169,122.866058,-5.370618,-0.140975,0.890584,0.172792,0.396394,-8.261203,115.512398,20.152933,0.329773,0.877195,0.144414,-0.317685,2.990065,117.499886,33.298622,-0.105017,0.245310,0.505983,-0.820229,17.496637,105.338181,16.994738,0.020674,0.052712,0.466426,-0.882746,10.114399,123.041115,11.047967,0.071501,0.863753,0.075737,0.493034,-8.949794,87.405922,5.520428,0.081909,0.867009,-0.112338,0.478504,-10.770128,50.940849,-1.984338,-0.033355,0.918810,0.031013,0.392064,-22.572777,5.471828,3.521484,-0.093317,0.862247,-0.077368,0.491769,0.225476,87.128922,20.689859,-0.004864,0.860511,-0.093735,0.500710,3.387442,50.950516,29.083971,-0.032871,0.802329,0.044875,0.594284,-0.656338,4.486444,36.944355,-0.033355,0.918810,0.031013,0.392064,-12.526247,0.838959,-5.840397,-0.032871,0.802329,0.044875,0.594284,12.596954,0.236766,32.903133
566,4.716667,-0.008885,0.870271,0.032334,0.491430,-4.380369,87.259377,13.104555,-0.063942,0.855059,0.117853,0.500895,-4.723819,94.512573,13.450188,-0.029041,0.857150,0.100307,0.504370,-7.599676,106.703865,15.188813,0.020262,0.877561,-0.059501,0.475326,-9.863535,121.372391,17.328096,0.034760,0.888288,-0.117974,0.442513,-7.122689,134.785706,15.198458,-0.015771,0.785695,0.229872,0.574103,-11.733339,115.891121,13.973429,0.238529,-0.323883,0.224501,-0.887583,-17.660580,120.056511,-1.865371,0.237699,0.409031,-0.432905,-0.767324,-0.437136,106.239845,-13.553691,0.337428,0.468485,-0.332651,-0.745659,5.183934,122.853073,-5.391813,-0.140485,0.890715,0.172394,0.396448,-8.262169,115.526665,20.145681,0.330352,0.877050,0.143737,-0.317790,2.992429,117.504791,33.289928,-0.105247,0.245793,0.506614,-0.819665,17.476606,105.310097,16.990780,0.020736,0.052905,0.466744,-0.882565,10.127403,123.031822,11.039281,0.071393,0.863565,0.075689,0.493386,-8.962269,87.404007,5.516490,0.081893,0.867094,-0.112255,0.478373,-10.774411,50.937237,-1.981987,-0.032577,0.918698,0.031654,0.392339,-22.571205,5.466187,3.519627,-0.093446,0.862052,-0.077321,0.492093,0.201531,87.114746,20.692619,-0.005039,0.860487,-0.093575,0.500780,3.370288,50.937580,29.089567,-0.033584,0.802394,0.044586,0.594178,-0.652325,4.470846,36.945107,-0.032577,0.918698,0.031654,0.392339,-12.524319,0.840876,-5.845608,-0.033584,0.802394,0.044586,0.594178,12.603734,0.226521,32.907326
567,4.725000,-0.008450,0.870179,0.031883,0.491630,-4.389483,87.256927,13.105453,-0.063784,0.855025,0.117577,0.501039,-4.724289,94.510651,13.448423,-0.028890,0.857117,0.100060,0.504484,-7.594405,106.707512,15.183247,0.020198,0.877530,-0.059802,0.475349,-9.850960,121.377792,17.318279,0.034803,0.888276,-0.118009,0.442525,-7.107708,134.789352,15.180808,-0.015895,0.785558,0.229750,0.574335,-11.722947,115.896645,13.964617,0.238665,-0.323877,0.224795,-0.887474,-17.640770,120.058151,-1.878724,0.237902,0.408791,-0.433089,-0.767285,-0.423750,106.227509,-13.559977,0.337846,0.468091,-0.332673,-0.745708,5.199021,122.847435,-5.410548,-0.140393,0.890778,0.172142,0.396448,-8.253290,115.531944,20.137707,0.330624,0.877025,0.143633,-0.317624,3.002200,117.510971,33.281055,-0.105215,0.245968,0.506700,-0.819564,17.482647,105.301956,16.989317,0.020743,0.053397,0.467056,-0.882370,10.140700,123.024117,11.032994,0.071364,0.863440,0.075690,0.493610,-8.968021,87.404472,5.515416,0.081882,0.866950,-0.112290,0.478626,-10.776312,50.937401,-1.982550,-0.033213,0.918784,0.031165,0.392126,-22.575390,5.466935,3.518958,-0.093517,0.862004,-0.077377,0.492155,0.189055,87.109383,20.695492,-0.005068,0.860577,-0.093488,0.500641,3.359610,50.933849,29.098776,-0.033389,0.802435,0.044941,0.594108,-0.655253,4.465595,36.949272,-0.033213,0.918784,0.031165,0.392126,-12.528461,0.836322,-5.843608,-0.033389,0.802435,0.044941,0.594108,12.600451,0.225946,32.905434
568,4.733333,-0.008607,0.870042,0.031806,0.491875,-4.386722,87.264656,13.108213,-0.063789,0.855000,0.117284,0.501149,-4.723050,94.518410,13.448990,-0.028754,0.857115,0.099852,0.504536,-7.588258,106.710182,15.176180,0.019891,0.877573,-0.059307,0.475344,-9.838324,121.381935,17.307878,0.034973,0.888266,-0.118416,0.442423,-7.108745,134.797516,15.178045,-0.015808,0.785454,0.229810,0.574456,-11.712544,115.900925,13.955261,0.239340,-0.324042,0.224888,-0.887208,-17.625601,120.067024,-1.888652,0.238256,0.408667,-0.433052,-0.767263,-0.416023,106.222343,-13.564247,0.337790,0.468067,-0.332942,-0.745628,5.211371,122.843552,-5.425252,-0.140318,0.890796,0.171778,0.396593,-8.243512,115.535973,20.128687,0.330669,0.877099,0.143478,-0.317442,3.008695,117.516937,33.274555,-0.105236,0.246277,0.506617,-0.819520,17.493431,105.300941,16.991858,0.020736,0.054036,0.467482,-0.882106,10.154923,123.019264,11.026443,0.071371,0.863324,0.075558,0.493831,-8.960951,87.409264,5.515522,0.081993,0.867076,-0.112195,0.478402,-10.772734,50.940788,-1.974713,-0.032477,0.918667,0.031637,0.392423,-22.575171,5.470016,3.517056,-0.093307,0.862017,-0.077502,0.492152,0.187508,87.120049,20.700905,-0.005263,0.860373,-0.093290,0.501026,3.340091,50.943039,29.104576,-0.033453,0.802404,0.044732,0.594162,-0.653018,4.471478,36.946609,-0.032477,0.918667,0.031637,0.392423,-12.527582,0.843199,-5.846679,-0.033453,0.802404,0.044732,0.594162,12.602637,0.228225,32.906387
569,4.741667,-0.009051,0.869973,0.031822,0.491989,-4.370545,87.276070,13.111661,-0.064065,0.854901,0.117205,0.501302,-4.712650,94.529701,13.449429,-0.028736,0.857036,0.099620,0.504717,-7.582148,106.716934,15.170306,0.020193,0.877488,-0.059761,0.475432,-9.828708,121.390106,17.295914,0.034899,0.888278,-0.118330,0.442428,-7.085784,134.801941,15.159741,-0.015741,0.785359,0.229695,0.574634,-11.703211,115.908455,13.944481,0.240883,-0.324344,0.224641,-0.886743,-17.609232,120.075584,-1.901786,0.239039,0.408850,-0.432841,-0.767040,-0.403853,106.218491,-13.568847,0.337934,0.467898,-0.332980,-0.745652,5.223697,122.840523,-5.440676,-0.140154,0.890845,0.171590,0.396622,-8.236768,115.544662,20.119429,0.330865,0.877106,0.143663,-0.317135,3.016260,117.523178,33.264957,-0.105076,0.246439,0.506683,-0.819450,17.504240,105.299225,16.991135,0.020806,0.054360,0.467869,-0.881879,10.171910,123.016800,11.018325,0.071608,0.863174,0.075329,0.494093,-8.942649,87.414055,5.517567,0.082008,0.867054,-0.112148,0.478450,-10.775838,50.945534,-1.967248,-0.032463,0.918659,0.031594,0.392447,-22.577703,5.474001,3.519399,-0.092975,0.862023,-0.077776,0.492161,0.201557,87.138084,20.705757,-0.005368,0.860234,-0.093056,0.501308,3.322727,50.959633,29.114941,-0.033228,0.802322,0.044571,0.594297,-0.653244,4.484055,36.941833,-0.032463,0.918659,0.031594,0.392447,-12.529922,0.845963,-5.843524,-0.033228,0.802322,0.044571,0.594297,12.601272,0.233496,32.905552
570,4.750000,-0.008717,0.869862,0.031434,0.492216,-4.380916,87.285141,13.114071,-0.063851,0.854881,0.116833,0.501449,-4.716111,94.539207,13.449237,-0.028581,0.857009,0.099365,0.504822,-7.574531,106.720245,15.163204,0.020419,0.877424,-0.060169,0.475489,-9.813549,121.395203,17.284414,0.034772,0.888273,-0.118214,0.442480,-7.059802,134.803818,15.141852,-0.015782,0.785287,0.229511,0.574804,-11.690380,115.913681,13.934104,0.240978,-0.324348,0.224826,-0.886669,-17.589544,120.077393,-1.915616,0.239150,0.408711,-0.432950,-0.767018,-0.388463,106.211342,-13.578373,0.338125,0.467727,-0.333105,-0.745617,5.240358,122.838356,-5.456757,-0.140157,0.890829,0.171266,0.396797,-8.225315,115.549675,20.109814,0.331040,0.877148,0.143876,-0.316740,3.022850,117.531654,33.258991,-0.104645,0.246580,0.506705,-0.819450,17.517557,105.299850,16.997042,0.021120,0.054422,0.468302,-0.881638,10.189339,123.013351,11.011247,0.071489,0.862961,0.075283,0.494490,-8.949156,87.425026,5.517685,0.082000,0.866639,-0.112223,0.479186,-10.772993,50.954716,-1.960702,-0.032337,0.918655,0.031379,0.392482,-22.582224,5.484664,3.522352,-0.093043,0.861720,-0.077727,0.492688,0.187324,87.145248,20.710457,-0.005509,0.860027,-0.092897,0.501691,3.309517,50.967182,29.120949,-0.033749,0.802322,0.044238,0.594292,-0.650901,4.488942,36.939949,-0.032337,0.918655,0.031379,0.392482,-12.535615,0.849842,-5.838477,-0.033749,0.802322,0.044238,0.594292,12.605731,0.239572,32.909363
571,4.758333,-0.007964,0.869715,0.030829,0.492525,-4.397985,87.276390,13.112113,-0.063588,0.854962,0.116110,0.501514,-4.719449,94.531197,13.444917,-0.028684,0.857053,0.099362,0.504742,-7.566063,106.728951,15.148369,0.020729,0.877416,-0.060465,0.475453,-9.807483,121.403755,17.268156,0.034847,0.888274,-0.118182,0.442479,-7.042687,134.809601,15.122514,-0.016253,0.784830,0.229225,0.575529,-11.683835,115.921448,13.918820,0.241133,-0.324236,0.225070,-0.886605,-17.553421,120.072601,-1.945172,0.239215,0.408924,-0.433297,-0.766688,-0.354216,106.195259,-13.597268,0.338272,0.467612,-0.333136,-0.745608,5.257286,122.833107,-5.477328,-0.139891,0.890827,0.171063,0.396984,-8.217694,115.558861,20.094009,0.331008,0.877290,0.143261,-0.316657,3.027897,117.534271,33.246380,-0.104862,0.246996,0.506743,-0.819274,17.526295,105.291191,16.996210,0.021292,0.054712,0.468687,-0.881411,10.207253,123.007713,11.002549,0.071441,0.862633,0.075200,0.495081,-8.961052,87.422813,5.512740,0.081939,0.866600,-0.112201,0.479272,-10.779777,50.951050,-1.959847,-0.032528,0.918642,0.031443,0.392493,-22.583611,5.479568,3.523082,-0.093331,0.861568,-0.077700,0.492902,0.165081,87.129974,20.711487,-0.005443,0.860305,-0.092818,0.501229,3.304475,50.955589,29.131369,-0.033924,0.802341,0.044546,0.594234,-0.653426,4.475901,36.943027,-0.032528,0.918642,0.031443,0.392493,-12.534785,0.848490,-5.837225,-0.033924,0.802341,0.044546,0.594234,12.605490,0.236304,32.909660
572,4.766667,-0.007843,0.869589,0.030569,0.492766,-4.399711,87.276375,13.111764,-0.063458,0.854914,0.115905,0.501658,-4.717874,94.531433,13.442058,-0.028620,0.857016,0.099042,0.504871,-7.559227,106.729958,15.142223,0.020642,0.877382,-0.060616,0.475499,-9.794517,121.406769,17.254538,0.034993,0.888254,-0.118212,0.442501,-7.029689,134.811890,15.104415,-0.016200,0.784892,0.228875,0.575585,-11.672483,115.923759,13.907276,0.241291,-0.324213,0.225139,-0.886554,-17.539907,120.069756,-1.958866,0.239360,0.408777,-0.433375,-0.766677,-0.341484,106.187668,-13.606458,0.338464,0.467453,-0.333211,-0.745587,5.271966,122.828384,-5.494340,-0.139846,0.890820,0.170794,0.397130,-8.208139,115.562485,20.083553,0.331337,0.877256,0.143274,-0.316401,3.033833,117.539322,33.238800,-0.104732,0.247348,0.506920,-0.819074,17.529449,105.280746,16.997833,0.021251,0.055165,0.469307,-0.881054,10.224779,122.998795,10.992818,0.071374,0.862549,0.075059,0.495259,-8.958600,87.422531,5.509880,0.082087,0.867070,-0.111989,0.478445,-10.776839,50.948483,-1.951630,-0.032476,0.918672,0.031561,0.392418,-22.578087,5.474809,3.518598,-0.093236,0.861533,-0.077875,0.492953,0.159179,87.130219,20.713648,-0.005541,0.860355,-0.092648,0.501174,3.285481,50.956547,29.141485,-0.033353,0.802316,0.044848,0.594278,-0.655915,4.473981,36.944370,-0.032476,0.918672,0.031561,0.392418,-12.530872,0.846063,-5.844586,-0.033353,0.802316,0.044848,0.594278,12.600744,0.231687,32.906429
573,4.775000,-0.007572,0.869437,0.030229,0.493059,-4.406649,87.275902,13.111101,-0.063500,0.854883,0.115822,0.501724,-4.719073,94.531326,13.438940,-0.028376,0.857085,0.098362,0.504901,-7.558088,106.720207,15.135191,0.020702,0.877469,-0.060931,0.475296,-9.776948,121.401466,17.233900,0.035205,0.888430,-0.118076,0.442165,-7.007351,134.804367,15.076158,-0.015969,0.784911,0.228586,0.575681,-11.661118,115.917442,13.891792,0.241571,-0.324181,0.225126,-0.886492,-17.524923,120.064713,-1.975346,0.239580,0.408663,-0.433448,-0.766628,-0.325203,106.179741,-13.617560,0.338705,0.467366,-0.333333,-0.745477,5.289769,122.825310,-5.513406,-0.139889,0.890763,0.170471,0.397381,-8.197017,115.558052,20.068312,0.331527,0.877264,0.143021,-0.316294,3.037606,117.538902,33.229225,-0.104874,0.247738,0.507053,-0.818855,17.530291,105.267097,16.995653,0.020976,0.055489,0.469916,-0.880716,10.238437,122.989037,10.983149,0.071301,0.862354,0.074970,0.495622,-8.960488,87.423447,5.506221,0.082110,0.866902,-0.112012,0.478740,-10.774213,50.947617,-1.947708,-0.032404,0.918665,0.031538,0.392441,-22.580221,5.474785,3.519273,-0.093253,0.861430,-0.077924,0.493123,0.147192,87.128365,20.715982,-0.005628,0.860390,-0.092521,0.501135,3.271084,50.955486,29.148119,-0.033564,0.802354,0.044790,0.594219,-0.656764,4.470780,36.945038,-0.032404,0.918665,0.031538,0.392441,-12.533298,0.844682,-5.843548,-0.033564,0.802354,0.044790,0.594219,12.600574,0.230677,32.907032
574,4.783333,-0.007448,0.869281,0.029932,0.493356,-4.408333,87.280312,13.111266,-0.063402,0.854787,0.115591,0.501955,-4.717169,94.536018,13.436145,-0.028266,0.856995,0.098059,0.505118,-7.551339,106.725182,15.127799,0.020655,0.877389,-0.061104,0.475424,-9.763347,121.408417,17.219934,0.035378,0.888369,-0.118091,0.442272,-6.992210,134.810349,15.058118,-0.015854,0.784959,0.228307,0.575729,-11.648905,115.924118,13.879040,0.241790,-0.324108,0.225283,-0.886419,-17.510929,120.069290,-1.989314,0.239927,0.408463,-0.433412,-0.766647,-0.312364,106.175522,-13.622752,0.339208,0.467054,-0.333294,-0.745462,5.310188,122.824081,-5.529674,-0.139699,0.890898,0.170020,0.397338,-8.187820,115.565231,20.057281,0.332018,0.877170,0.143350,-0.315890,3.049821,117.547356,33.215435,-0.104671,0.247831,0.507244,-0.818736,17.538998,105.257904,16.992071,0.020854,0.055851,0.470210,-0.880539,10.256102,122.983589,10.973838,0.071338,0.862159,0.074800,0.495982,-8.957023,87.427345,5.503292,0.082191,0.867222,-0.111851,0.478184,-10.776372,50.950027,-1.941948,-0.032331,0.918662,0.031560,0.392453,-22.578299,5.475039,3.515900,-0.093214,0.861330,-0.078004,0.493293,0.140357,87.133270,20.719242,-0.005756,0.860272,-0.092347,0.501370,3.257122,50.960796,29.155741,-0.034443,0.802404,0.044302,0.594137,-0.654191,4.473191,36.943714,-0.032331,0.918662,0.031560,0.392453,-12.531732,0.844664,-5.847174,-0.034443,0.802404,0.044302,0.594137,12.606363,0.236728,32.912445
575,4.791667,-0.007503,0.869010,0.029917,0.493832,-4.394182,87.287498,13.108601,-0.063630,0.854616,0.115569,0.502222,-4.703780,94.543205,13.432713,-0.028257,0.856895,0.097868,0.505326,-7.543103,106.731735,15.120059,0.020812,0.877313,-0.061236,0.475541,-9.752515,121.416107,17.206945,0.035492,0.888347,-0.118162,0.442287,-6.975528,134.816757,15.044658,-0.015655,0.784873,0.228174,0.575905,-11.637848,115.931320,13.866748,0.241906,-0.324042,0.225601,-0.886331,-17.493042,120.080719,-2.003016,0.240200,0.408275,-0.433413,-0.766661,-0.299492,106.172791,-13.626942,0.339445,0.467009,-0.333348,-0.745358,5.328738,122.823456,-5.544179,-0.139658,0.890892,0.169792,0.397465,-8.179736,115.573357,20.046707,0.332235,0.877196,0.143269,-0.315628,3.054810,117.556572,33.207333,-0.104623,0.248123,0.507444,-0.818529,17.545055,105.254005,16.994862,0.021069,0.056027,0.470366,-0.880439,10.276271,122.982597,10.969014,0.071423,0.862081,0.074492,0.496151,-8.934524,87.433830,5.495629,0.082251,0.866898,-0.111922,0.478744,-10.769403,50.953983,-1.933392,-0.032274,0.918629,0.031523,0.392537,-22.582941,5.481446,3.519780,-0.093062,0.861258,-0.078183,0.493418,0.146159,87.141159,20.721573,-0.005815,0.860228,-0.092179,0.501475,3.245400,50.968658,29.164383,-0.033483,0.802267,0.044773,0.594342,-0.654101,4.478180,36.941116,-0.032274,0.918629,0.031523,0.392537,-12.535325,0.849568,-5.841426,-0.033483,0.802267,0.044773,0.594342,12.603755,0.236334,32.906643
576,4.800000,-0.007502,0.868901,0.029671,0.494039,-4.390993,87.292519,13.109430,-0.063650,0.854530,0.115368,0.502411,-4.698886,94.548447,13.430386,-0.028185,0.856810,0.097711,0.505504,-7.536338,106.737366,15.112495,0.020581,0.877291,-0.061268,0.475587,-9.741960,121.422768,17.196058,0.035919,0.888307,-0.118330,0.442288,-6.969903,134.823853,15.030211,-0.015643,0.784827,0.227953,0.576055,-11.627720,115.938011,13.856053,0.241910,-0.323866,0.225854,-0.886330,-17.476906,120.084503,-2.016693,0.240438,0.408047,-0.433518,-0.766648,-0.283377,106.167450,-13.629728,0.339716,0.467088,-0.333415,-0.745155,5.348609,122.822914,-5.558745,-0.139561,0.890892,0.169535,0.397608,-8.172105,115.580009,20.037409,0.332319,0.877256,0.143510,-0.315262,3.059418,117.562935,33.200665,-0.104329,0.248196,0.507506,-0.818506,17.558405,105.256889,16.998657,0.021458,0.055992,0.470637,-0.880287,10.294240,122.982857,10.965458,0.071477,0.861894,0.074339,0.496492,-8.927700,87.436859,5.494252,0.082294,0.866816,-0.111923,0.478884,-10.768766,50.955887,-1.927710,-0.032460,0.918613,0.031423,0.392568,-22.586716,5.484038,3.521654,-0.093056,0.861193,-0.078308,0.493513,0.145714,87.148186,20.724609,-0.005819,0.860200,-0.092022,0.501551,3.238956,50.977062,29.175556,-0.033897,0.802268,0.044532,0.594335,-0.653448,4.483852,36.939476,-0.032460,0.918613,0.031423,0.392568,-12.537068,0.851727,-5.837157,-0.033897,0.802268,0.044532,0.594335,12.606189,0.243493,32.909290
577,4.808333,-0.007455,0.868894,0.029395,0.494068,-4.393047,87.293449,13.111250,-0.063085,0.854486,0.115034,0.502634,-4.698379,94.549614,13.429040,-0.028475,0.856632,0.097415,0.505847,-7.518654,106.736588,15.109844,0.020736,0.877126,-0.061357,0.475873,-9.728100,121.423248,17.180561,0.036017,0.888216,-0.118379,0.442449,-6.950161,134.823334,15.016040,-0.015622,0.784792,0.227860,0.576141,-11.610273,115.935722,13.843078,0.241952,-0.323774,0.225917,-0.886336,-17.456036,120.081619,-2.031079,0.240500,0.408104,-0.433647,-0.766526,-0.260955,106.162109,-13.638865,0.339893,0.467140,-0.333665,-0.744930,5.365127,122.821510,-5.570063,-0.139588,0.890835,0.169160,0.397886,-8.159813,115.582825,20.027603,0.332486,0.877270,0.143534,-0.315037,3.063729,117.569862,33.197041,-0.104228,0.248524,0.507668,-0.818319,17.564295,105.255058,17.003111,0.021617,0.056177,0.470700,-0.880238,10.313514,122.982323,10.959799,0.071436,0.861767,0.074326,0.496720,-8.929257,87.436089,5.495745,0.082336,0.866829,-0.111907,0.478859,-10.766279,50.954544,-1.924401,-0.032461,0.918628,0.031478,0.392528,-22.586775,5.483013,3.522038,-0.093057,0.861082,-0.078407,0.493691,0.143163,87.150803,20.726755,-0.005825,0.860115,-0.091878,0.501725,3.230947,50.980843,29.184664,-0.033468,0.802157,0.044714,0.594496,-0.655711,4.485139,36.936562,-0.032461,0.918628,0.031478,0.392528,-12.537736,0.852079,-5.838110,-0.033468,0.802157,0.044714,0.594496,12.603262,0.241744,32.907387
578,4.816667,-0.007266,0.868762,0.029095,0.494320,-4.393357,87.295425,13.110182,-0.062994,0.854400,0.114793,0.502847,-4.694236,94.551888,13.425467,-0.028426,0.856540,0.097190,0.506049,-7.509737,106.739494,15.101499,0.020659,0.877071,-0.061381,0.475976,-9.714998,121.427551,17.166754,0.036309,0.888166,-0.118503,0.442492,-6.938222,134.827713,15.001163,-0.015649,0.784677,0.227728,0.576348,-11.597603,115.939651,13.830115,0.242002,-0.323681,0.226096,-0.886310,-17.434994,120.083878,-2.047558,0.240693,0.408136,-0.433650,-0.766446,-0.240956,106.157051,-13.648108,0.340153,0.467175,-0.333643,-0.744799,5.383983,122.818626,-5.582872,-0.139553,0.890823,0.168946,0.398017,-8.149998,115.587463,20.016272,0.332769,0.877229,0.143555,-0.314844,3.070268,117.575577,33.188335,-0.104270,0.248780,0.507818,-0.818143,17.567471,105.247963,17.001127,0.021365,0.056619,0.471350,-0.879868,10.327526,122.978973,10.952334,0.071449,0.861624,0.074151,0.496992,-8.925201,87.438515,5.492087,0.082377,0.866943,-0.111801,0.478670,-10.767264,50.955158,-1.917899,-0.032451,0.918618,0.031472,0.392553,-22.585167,5.482015,3.520732,-0.093031,0.861004,-0.078482,0.493820,0.138487,87.152328,20.728275,-0.005823,0.859833,-0.091576,0.502262,3.220630,50.982891,29.190445,-0.032744,0.801755,0.045666,0.595006,-0.656612,4.481941,36.915508,-0.032451,0.918618,0.031472,0.392553,-12.535754,0.850826,-5.838881,-0.032744,0.801755,0.045666,0.595006,12.606854,0.247809,32.891388
579,4.825000,-0.007160,0.868629,0.028764,0.494576,-4.391718,87.298332,13.109222,-0.062989,0.854312,0.114625,0.503035,-4.688972,94.555107,13.420993,-0.028400,0.856468,0.096861,0.506236,-7.502267,106.742188,15.092704,0.020768,0.876971,-0.061526,0.476136,-9.702367,121.432198,17.149534,0.036479,0.888081,-0.118508,0.442648,-6.920573,134.831116,14.982730,-0.015240,0.784985,0.227161,0.576164,-11.585860,115.943359,13.814944,0.242304,-0.323515,0.226106,-0.886286,-17.431110,120.085762,-2.060319,0.241115,0.407955,-0.433425,-0.766537,-0.231895,106.155922,-13.649585,0.340354,0.467291,-0.333712,-0.744604,5.405547,122.814919,-5.594363,-0.139420,0.890792,0.168706,0.398233,-8.140907,115.592934,20.002682,0.332889,0.877275,0.143536,-0.314597,3.074658,117.578796,33.179092,-0.104317,0.249048,0.507844,-0.818039,17.575636,105.243095,17.001425,0.021246,0.057036,0.471831,-0.879586,10.342176,122.974373,10.945943,0.071486,0.861430,0.074012,0.497343,-8.919112,87.440285,5.488459,0.082405,0.866838,-0.111806,0.478854,-10.765730,50.955803,-1.914843,-0.032292,0.918623,0.031405,0.392559,-22.587332,5.483210,3.520356,-0.092939,0.860924,-0.078587,0.493959,0.135677,87.156380,20.729986,-0.005945,0.859660,-0.091425,0.502584,3.206635,50.986885,29.196012,-0.035258,0.801820,0.043823,0.594913,-0.656415,4.483459,36.913311,-0.032292,0.918623,0.031405,0.392559,-12.539509,0.848566,-5.839259,-0.035258,0.801820,0.043823,0.594913,12.615358,0.249876,32.916077
580,4.833333,-0.006968,0.868438,0.028481,0.494930,-4.392276,87.298630,13.107530,-0.063682,0.853765,0.117144,0.503297,-4.685196,94.555679,13.416998,-0.027681,0.856334,0.095238,0.506809,-7.540907,106.707047,15.129537,0.020485,0.876798,-0.061642,0.476452,-9.699414,121.407616,17.154745,0.036757,0.887926,-0.118840,0.442847,-6.921732,134.806580,14.983013,-0.015106,0.784366,0.226653,0.577209,-11.595696,115.917778,13.829075,0.240633,-0.323408,0.226261,-0.886741,-17.399090,120.062210,-2.061000,0.240182,0.407781,-0.433912,-0.766647,-0.199926,106.148674,-13.669884,0.340568,0.467373,-0.333678,-0.744469,5.427973,122.811546,-5.605083,-0.139643,0.891295,0.168199,0.397243,-8.158406,115.569427,20.021187,0.332939,0.877299,0.143668,-0.314415,3.082415,117.577492,33.172684,-0.104312,0.249167,0.507882,-0.817980,17.587439,105.239960,17.000059,0.021247,0.057260,0.472144,-0.879403,10.357800,122.971977,10.941249,0.071467,0.861301,0.073884,0.497589,-8.913508,87.441269,5.483124,0.082479,0.866914,-0.111765,0.478712,-10.761590,50.955166,-1.911816,-0.032359,0.918611,0.031426,0.392581,-22.586483,5.482855,3.518559,-0.092996,0.860865,-0.078623,0.494045,0.128958,87.155991,20.731936,-0.005948,0.859687,-0.091324,0.502556,3.201357,50.987720,29.202658,-0.035282,0.801778,0.043891,0.594963,-0.656411,4.482555,36.912086,-0.032359,0.918611,0.031426,0.392581,-12.537512,0.849512,-5.840461,-0.035282,0.801778,0.043891,0.594963,12.616360,0.250874,32.916157
581,4.841667,-0.006907,0.868307,0.028250,0.495174,-4.388501,87.302444,13.108436,-0.064166,0.853692,0.116987,0.503395,-4.679086,94.559692,13.415348,-0.027059,0.856383,0.095144,0.506778,-7.545400,106.718979,15.119184,0.020652,0.876754,-0.062005,0.476478,-9.686464,121.421112,17.151571,0.036795,0.887801,-0.118953,0.443064,-6.900053,134.817261,14.973632,-0.015297,0.784077,0.226314,0.577729,-11.589810,115.934982,13.823803,0.240155,-0.323172,0.226754,-0.886830,-17.372074,120.071648,-2.075994,0.240192,0.407763,-0.433978,-0.766616,-0.176468,106.145790,-13.675377,0.340798,0.467492,-0.333657,-0.744299,5.450143,122.811081,-5.611900,-0.139529,0.891321,0.168013,0.397304,-8.151596,115.579834,20.015015,0.333125,0.877337,0.143739,-0.314079,3.088651,117.586708,33.167183,-0.104278,0.249498,0.507952,-0.817840,17.598034,105.239082,17.006172,0.021240,0.057576,0.471900,-0.879514,10.378283,122.970604,10.937853,0.071541,0.861095,0.073771,0.497951,-8.905451,87.444130,5.481476,0.082489,0.866837,-0.111793,0.478844,-10.759365,50.957573,-1.909750,-0.032410,0.918617,0.031367,0.392567,-22.587078,5.485997,3.520636,-0.092985,0.860780,-0.078632,0.494194,0.128449,87.160759,20.735395,-0.006054,0.859820,-0.091371,0.502318,3.198352,50.992447,29.206837,-0.033823,0.801890,0.044960,0.594817,-0.650897,4.488215,36.926125,-0.032410,0.918617,0.031367,0.392567,-12.538111,0.851732,-5.837932,-0.033823,0.801890,0.044960,0.594817,12.615092,0.256181,32.908127
582,4.850000,-0.006997,0.868192,0.028101,0.495383,-4.378734,87.307671,13.108876,-0.064266,0.853535,0.116820,0.503687,-4.669454,94.565018,13.413193,-0.027031,0.856209,0.095028,0.507095,-7.536784,106.726501,15.111463,0.020812,0.876578,-0.062379,0.476746,-9.676134,121.429337,17.140570,0.037001,0.887650,-0.118970,0.443345,-6.880130,134.822601,14.957224,-0.015278,0.783887,0.226051,0.578090,-11.578270,115.943230,13.812081,0.240115,-0.322962,0.226984,-0.886859,-17.345997,120.078064,-2.093472,0.240403,0.407956,-0.433909,-0.766487,-0.148812,106.144882,-13.681700,0.341114,0.467575,-0.333606,-0.744125,5.473830,122.810387,-5.617782,-0.139438,0.891327,0.167908,0.397367,-8.144589,115.588066,20.005808,0.332967,0.877556,0.142993,-0.313977,3.094779,117.593239,33.158981,-0.104666,0.249945,0.507851,-0.817716,17.612658,105.236496,17.012587,0.021258,0.057883,0.472066,-0.879404,10.396651,122.970749,10.937318,0.071590,0.861022,0.073587,0.498097,-8.891994,87.446777,5.479686,0.082553,0.866774,-0.111766,0.478953,-10.754755,50.958717,-1.901912,-0.032187,0.918620,0.031519,0.392565,-22.587187,5.487585,3.521890,-0.092899,0.860562,-0.078770,0.494568,0.134528,87.168556,20.738068,-0.005957,0.859601,-0.091108,0.502742,3.190095,51.000660,29.216463,-0.034424,0.801603,0.044509,0.595204,-0.658352,4.491773,36.908089,-0.032187,0.918620,0.031519,0.392565,-12.539845,0.854634,-5.839076,-0.034424,0.801603,0.044509,0.595204,12.613578,0.259650,32.909840
583,4.858333,-0.006995,0.868047,0.027935,0.495647,-4.371228,87.310196,13.108582,-0.064171,0.853414,0.116631,0.503948,-4.660821,94.567680,13.410730,-0.027040,0.856068,0.094880,0.507361,-7.524079,106.729759,15.105229,0.021042,0.876411,-0.062589,0.477015,-9.662027,121.433426,17.129776,0.037016,0.887517,-0.119001,0.443601,-6.856884,134.824692,14.945838,-0.015172,0.783675,0.226006,0.578398,-11.563119,115.946915,13.801344,0.240023,-0.322786,0.227321,-0.886861,-17.318560,120.086304,-2.107482,0.240566,0.408031,-0.433849,-0.766429,-0.123355,106.141708,-13.684938,0.341227,0.467736,-0.333625,-0.743963,5.498791,122.807335,-5.622061,-0.139528,0.891323,0.167985,0.397311,-8.133276,115.592514,19.997240,0.333083,0.877621,0.143027,-0.313658,3.106799,117.599716,33.149509,-0.104813,0.250070,0.507838,-0.817668,17.630812,105.235031,17.014704,0.021121,0.058272,0.472207,-0.879306,10.416584,122.970238,10.938656,0.071685,0.860775,0.073413,0.498536,-8.879855,87.448029,5.476627,0.082612,0.866784,-0.111783,0.478921,-10.751417,50.959087,-1.898376,-0.032375,0.918596,0.031388,0.392617,-22.589170,5.489227,3.524492,-0.092841,0.860477,-0.078813,0.494721,0.137399,87.172363,20.740540,-0.005962,0.859539,-0.091029,0.502863,3.186160,51.004173,29.220114,-0.035296,0.801442,0.044010,0.595406,-0.659223,4.493937,36.905106,-0.032375,0.918596,0.031388,0.392617,-12.539464,0.855121,-5.833363,-0.035296,0.801442,0.044010,0.595406,12.618578,0.265170,32.922825
584,4.866667,-0.006974,0.867903,0.027779,0.495908,-4.362429,87.311134,13.109101,-0.064126,0.853278,0.116375,0.504243,-4.650722,94.568748,13.409352,-0.027090,0.855903,0.094661,0.507676,-7.510023,106.730820,15.097812,0.021384,0.876242,-0.062806,0.477283,-9.646707,121.435638,17.115246,0.037004,0.887434,-0.118963,0.443779,-6.829663,134.824524,14.932031,-0.015293,0.783465,0.226024,0.578673,-11.546399,115.948235,13.787506,0.239960,-0.322523,0.227415,-0.886950,-17.290661,120.086929,-2.125536,0.240671,0.408281,-0.433799,-0.766291,-0.089115,106.141342,-13.692363,0.341314,0.467986,-0.333729,-0.743719,5.527053,122.807838,-5.625233,-0.139532,0.891151,0.168033,0.397674,-8.121128,115.595535,19.986029,0.333096,0.877718,0.143212,-0.313288,3.108837,117.599251,33.147461,-0.104960,0.250454,0.507830,-0.817536,17.644003,105.232643,17.024168,0.020943,0.058755,0.472226,-0.879268,10.437443,122.967422,10.939984,0.071767,0.860704,0.073252,0.498670,-8.866475,87.448067,5.474424,0.082660,0.866819,-0.111744,0.478858,-10.748137,50.958229,-1.893588,-0.032232,0.918604,0.031458,0.392605,-22.587740,5.488303,3.524730,-0.092739,0.860472,-0.078873,0.494739,0.141617,87.174194,20.743778,-0.006087,0.859699,-0.091094,0.502576,3.181487,51.005302,29.223564,-0.034441,0.801773,0.044375,0.594983,-0.654208,4.496324,36.920956,-0.032232,0.918604,0.031458,0.392605,-12.539365,0.854352,-5.834634,-0.034441,0.801773,0.044375,0.594983,12.615007,0.261492,32.916565
585,4.875000,-0.006806,0.867583,0.027625,0.496478,-4.352679,87.310875,13.106008,-0.064264,0.853110,0.116220,0.504546,-4.637929,94.568649,13.405339,-0.027003,0.855808,0.094425,0.507885,-7.499169,106.732628,15.087946,0.021678,0.876062,-0.062833,0.477595,-9.630540,121.438934,17.100214,0.036936,0.887246,-0.119062,0.444134,-6.805026,134.826797,14.921750,-0.015273,0.783349,0.225772,0.578928,-11.531056,115.951370,13.773188,0.239998,-0.322252,0.227623,-0.886985,-17.265038,120.087601,-2.144204,0.240914,0.408595,-0.433728,-0.766088,-0.059502,106.135025,-13.696662,0.341581,0.468045,-0.333525,-0.743651,5.548751,122.801720,-5.627354,-0.139477,0.891066,0.167890,0.397946,-8.108723,115.598999,19.973352,0.333169,0.877818,0.143103,-0.312978,3.114233,117.600990,33.141022,-0.105118,0.250844,0.507837,-0.817392,17.656656,105.225563,17.031059,0.020696,0.059032,0.472439,-0.879141,10.458149,122.961021,10.938731,0.071920,0.860525,0.072948,0.499002,-8.846726,87.449364,5.465470,0.082731,0.866981,-0.111645,0.478577,-10.746767,50.957859,-1.889548,-0.032346,0.918602,0.031369,0.392608,-22.585999,5.486965,3.521386,-0.092709,0.860448,-0.078907,0.494781,0.141367,87.172386,20.746546,-0.006089,0.859792,-0.091061,0.502423,3.177693,51.003479,29.227552,-0.034357,0.801831,0.044393,0.594909,-0.654899,4.493937,36.923103,-0.032346,0.918602,0.031369,0.392608,-12.536803,0.852036,-5.836608,-0.034357,0.801831,0.044393,0.594909,12.613056,0.258099,32.915611
586,4.883333,-0.006363,0.867464,0.027172,0.496716,-4.359256,87.315498,13.108023,-0.064111,0.853043,0.115701,0.504799,-4.635742,94.573715,13.404772,-0.026873,0.855706,0.094205,0.508104,-7.485453,106.731621,15.076224,0.021643,0.875925,-0.062863,0.477844,-9.610660,121.439377,17.084362,0.037076,0.887077,-0.119038,0.444467,-6.784699,134.827164,14.905962,-0.015274,0.783169,0.225686,0.579206,-11.512274,115.952026,13.757619,0.240295,-0.321996,0.227702,-0.886977,-17.235058,120.088783,-2.163663,0.241276,0.409078,-0.433596,-0.765791,-0.023052,106.131073,-13.700294,0.341958,0.468140,-0.333511,-0.743425,5.574496,122.799530,-5.626039,-0.139502,0.890948,0.167716,0.398274,-8.093004,115.599319,19.959455,0.333219,0.877929,0.143315,-0.312517,3.120620,117.601990,33.134972,-0.105081,0.251040,0.507836,-0.817337,17.675787,105.222534,17.039612,0.020711,0.059242,0.472940,-0.878857,10.481067,122.957596,10.940543,0.071843,0.860328,0.072851,0.499366,-8.849215,87.456940,5.465136,0.082806,0.867238,-0.111455,0.478141,-10.744911,50.963558,-1.881672,-0.032176,0.918664,0.031376,0.392475,-22.579067,5.489814,3.516424,-0.092801,0.860363,-0.078832,0.494923,0.130703,87.174057,20.750910,-0.005999,0.859539,-0.090825,0.502898,3.174219,51.005535,29.230965,-0.034385,0.801514,0.044352,0.595337,-0.658715,4.491830,36.901104,-0.032176,0.918664,0.031376,0.392475,-12.534109,0.853113,-5.845241,-0.034385,0.801514,0.044352,0.595337,12.613431,0.255556,32.907974
587,4.891667,-0.006393,0.867334,0.026957,0.496955,-4.350749,87.315926,13.109249,-0.063985,0.852951,0.115322,0.505055,-4.626136,94.574310,13.402995,-0.026851,0.855575,0.094046,0.508356,-7.468832,106.734421,15.067160,0.022356,0.875689,-0.063552,0.478152,-9.591660,121.443108,17.070990,0.036880,0.886938,-0.118793,0.444825,-6.738749,134.824326,14.887331,-0.015350,0.782989,0.225687,0.579447,-11.492692,115.955521,13.744322,0.240012,-0.321614,0.228081,-0.887095,-17.205645,120.092216,-2.180505,0.241363,0.409227,-0.433651,-0.765653,0.010021,106.125519,-13.700773,0.341905,0.468510,-0.333374,-0.743277,5.601456,122.797287,-5.625669,-0.139478,0.890827,0.167560,0.398619,-8.077041,115.603302,19.948177,0.333298,0.878017,0.143423,-0.312135,3.127239,117.604805,33.131813,-0.105170,0.251349,0.507851,-0.817221,17.691696,105.219398,17.049446,0.020582,0.059602,0.473119,-0.878739,10.503971,122.954475,10.943408,0.071932,0.860233,0.072669,0.499543,-8.836505,87.455147,5.463854,0.082885,0.867362,-0.111245,0.477952,-10.743230,50.960743,-1.875039,-0.032040,0.918581,0.031749,0.392650,-22.573343,5.483809,3.505028,-0.092775,0.860238,-0.078858,0.495141,0.135006,87.176712,20.754644,-0.006059,0.859739,-0.090875,0.502547,3.173754,51.008137,29.236189,-0.034271,0.801599,0.044734,0.595200,-0.653572,4.495364,36.914837,-0.032040,0.918581,0.031749,0.392650,-12.524902,0.855043,-5.856828,-0.034271,0.801599,0.044734,0.595200,12.618335,0.265727,32.913883
588,4.900000,-0.006533,0.867204,0.026841,0.497186,-4.334387,87.319672,13.110149,-0.063966,0.852845,0.115104,0.505288,-4.610778,94.578117,13.401340,-0.026743,0.855460,0.093912,0.508581,-7.450508,106.738327,15.060202,0.022374,0.875505,-0.063773,0.478460,-9.569071,121.447945,17.061728,0.036932,0.886707,-0.118769,0.445286,-6.711767,134.827667,14.874652,-0.015350,0.782892,0.225373,0.579699,-11.470434,115.960739,13.734605,0.240021,-0.321347,0.228267,-0.887142,-17.173216,120.093117,-2.194992,0.241515,0.409597,-0.433732,-0.765361,0.046788,106.120743,-13.701859,0.342051,0.468733,-0.333230,-0.743134,5.623835,122.796097,-5.623583,-0.139534,0.890706,0.167392,0.398939,-8.057939,115.607849,19.940159,0.333477,0.878053,0.143594,-0.311764,3.136901,117.610947,33.131573,-0.105101,0.251606,0.507910,-0.817114,17.706963,105.217102,17.060795,0.020503,0.059883,0.473370,-0.878586,10.527196,122.951401,10.946536,0.072125,0.860045,0.072475,0.499867,-8.816036,87.455833,5.462292,0.082986,0.867567,-0.111418,0.477521,-10.739594,50.961399,-1.872048,-0.031994,0.918605,0.031653,0.392605,-22.582956,5.489713,3.523198,-0.092709,0.860223,-0.078998,0.495158,0.147262,87.183510,20.758005,-0.005942,0.859795,-0.090793,0.502469,3.176457,51.015675,29.246113,-0.034775,0.801607,0.044018,0.595214,-0.655754,4.501355,36.912949,-0.031994,0.918605,0.031653,0.392605,-12.536168,0.858011,-5.838979,-0.034775,0.801607,0.044018,0.595214,12.616381,0.264112,32.920807
589,4.908333,-0.007001,0.867146,0.026815,0.497283,-4.310145,87.328217,13.107656,-0.063811,0.852760,0.115152,0.505439,-4.592285,94.586594,13.395114,-0.026850,0.855336,0.093834,0.508798,-7.429001,106.744469,15.056149,0.022551,0.875284,-0.063996,0.478825,-9.549632,121.454361,17.053513,0.036910,0.886453,-0.118794,0.445789,-6.683938,134.832108,14.865335,-0.015417,0.782666,0.225332,0.580019,-11.448878,115.966331,13.726540,0.239844,-0.320996,0.228625,-0.887224,-17.138659,120.098701,-2.207704,0.241639,0.409874,-0.433858,-0.765102,0.084426,106.116508,-13.698056,0.342135,0.469107,-0.333168,-0.742887,5.648501,122.795906,-5.618892,-0.139508,0.890597,0.167180,0.399281,-8.039594,115.614960,19.933943,0.333582,0.878143,0.143890,-0.311261,3.146003,117.617691,33.133251,-0.105034,0.251952,0.507857,-0.817049,17.728216,105.218719,17.077436,0.020372,0.060345,0.473415,-0.878534,10.553978,122.948967,10.951480,0.072372,0.859981,0.072080,0.499999,-8.789964,87.457016,5.458599,0.083068,0.867797,-0.111226,0.477133,-10.743017,50.960983,-1.860003,-0.032117,0.918602,0.031713,0.392598,-22.582102,5.486530,3.521281,-0.092511,0.860229,-0.079269,0.495140,0.169673,87.199425,20.756712,-0.005794,0.859567,-0.090494,0.502914,3.176289,51.032055,29.254827,-0.034712,0.801216,0.043766,0.595763,-0.657680,4.512447,36.888611,-0.032117,0.918602,0.031713,0.392598,-12.534107,0.857695,-5.841018,-0.034712,0.801216,0.043766,0.595763,12.618070,0.268575,32.915573
590,4.916667,-0.006937,0.866948,0.026471,0.497647,-4.302022,87.328407,13.110049,-0.062251,0.853066,0.111983,0.505828,-4.580982,94.587067,13.393518,-0.027965,0.855100,0.094949,0.508928,-7.346164,106.771255,15.007024,0.022822,0.875094,-0.063413,0.479238,-9.512563,121.473000,17.015182,0.036941,0.886260,-0.118710,0.446191,-6.646479,134.853821,14.846341,-0.014942,0.783329,0.225219,0.579179,-11.393143,115.981995,13.682530,0.240776,-0.320430,0.228956,-0.887091,-17.117344,120.118103,-2.238409,0.242537,0.410337,-0.433577,-0.764729,0.116315,106.114639,-13.686898,0.342119,0.469606,-0.333279,-0.742529,5.674903,122.797356,-5.612700,-0.139489,0.889839,0.167234,0.400951,-7.986606,115.635834,19.891735,0.333521,0.878334,0.143636,-0.310906,3.152618,117.623817,33.132423,-0.105248,0.252392,0.507755,-0.816950,17.747900,105.217834,17.093918,0.020242,0.060862,0.474097,-0.878133,10.578760,122.945869,10.958795,0.072490,0.859843,0.071858,0.500251,-8.775436,87.455353,5.457215,0.083131,0.867650,-0.111194,0.477398,-10.742228,50.958218,-1.852158,-0.032201,0.918550,0.031741,0.392711,-22.586706,5.484086,3.519968,-0.092614,0.860152,-0.079211,0.495264,0.171392,87.201462,20.762882,-0.005629,0.859588,-0.090494,0.502879,3.185481,51.034809,29.261419,-0.034735,0.801205,0.043630,0.595785,-0.661618,4.515016,36.887505,-0.032201,0.918550,0.031741,0.392711,-12.535561,0.856947,-5.839784,-0.034735,0.801205,0.043630,0.595785,12.613830,0.268503,32.916294
591,4.925000,-0.006932,0.866764,0.026111,0.497986,-4.287058,87.327866,13.113533,-0.062206,0.852925,0.111910,0.506089,-4.563469,94.586792,13.392392,-0.027854,0.854978,0.094722,0.509180,-7.327280,106.771645,15.004112,0.022751,0.874906,-0.063447,0.479579,-9.487981,121.474876,17.007589,0.037047,0.886003,-0.118810,0.446665,-6.621932,134.855682,14.838707,-0.014979,0.783158,0.225081,0.579464,-11.369274,115.983940,13.675215,0.240728,-0.320118,0.229181,-0.887159,-17.081944,120.118568,-2.250251,0.242686,0.410676,-0.433666,-0.764449,0.156559,106.108879,-13.683838,0.342210,0.470041,-0.333367,-0.742172,5.701299,122.794746,-5.607565,-0.139484,0.889736,0.167027,0.401268,-7.966296,115.637680,19.886366,0.333730,0.878342,0.143809,-0.310577,3.164127,117.626045,33.134396,-0.105196,0.252679,0.507856,-0.816804,17.762661,105.211067,17.105818,0.020097,0.061145,0.474391,-0.877958,10.603610,122.939888,10.962195,0.072639,0.859734,0.071602,0.500453,-8.754484,87.451881,5.457152,0.083325,0.868259,-0.110911,0.476322,-10.738718,50.953613,-1.841870,-0.032435,0.918583,0.031786,0.392610,-22.579813,5.476576,3.513102,-0.092654,0.860097,-0.079169,0.495359,0.180368,87.203857,20.769913,-0.005438,0.859716,-0.090504,0.502661,3.197611,51.037262,29.267582,-0.032607,0.801335,0.044538,0.595664,-0.663516,4.517448,36.886398,-0.032435,0.918583,0.031786,0.392610,-12.528369,0.853130,-5.848156,-0.032607,0.801335,0.044538,0.595664,12.599659,0.255897,32.890366
592,4.933333,-0.006683,0.866488,0.025625,0.498496,-4.282472,87.324409,13.119555,-0.062792,0.852378,0.114328,0.506397,-4.552379,94.583755,13.393937,-0.027223,0.854831,0.093065,0.509767,-7.356351,106.738686,15.046144,0.022715,0.874667,-0.063942,0.479952,-9.477105,121.452286,17.015865,0.037148,0.885832,-0.118886,0.446977,-6.604168,134.829956,14.836740,-0.015039,0.782417,0.224651,0.580629,-11.370402,115.959671,13.693068,0.240095,-0.319995,0.229007,-0.887419,-17.035934,120.093498,-2.249441,0.242256,0.411248,-0.434027,-0.764073,0.210468,106.100128,-13.691086,0.342424,0.470578,-0.333451,-0.741696,5.725656,122.791161,-5.598942,-0.139581,0.890216,0.166735,0.400290,-7.975410,115.616905,19.908783,0.333792,0.878379,0.143828,-0.310399,3.181376,117.620377,33.132343,-0.105425,0.252821,0.507902,-0.816702,17.783373,105.201080,17.110260,0.019888,0.061540,0.474902,-0.877659,10.628536,122.933540,10.967439,0.072748,0.859543,0.071410,0.500794,-8.740961,87.448227,5.457961,0.083452,0.868505,-0.110743,0.475890,-10.736476,50.949104,-1.833685,-0.032343,0.918597,0.031978,0.392569,-22.577854,5.470559,3.507833,-0.092825,0.860051,-0.078970,0.495439,0.176018,87.200592,20.781147,-0.005305,0.859818,-0.090494,0.502489,3.210805,51.034035,29.272703,-0.033014,0.801384,0.044372,0.595588,-0.659164,4.513905,36.885113,-0.032343,0.918597,0.031978,0.392569,-12.527472,0.850889,-5.856435,-0.033014,0.801384,0.044372,0.595588,12.605440,0.255388,32.890572
593,4.941667,-0.006666,0.866228,0.025166,0.498971,-4.265154,87.325943,13.127522,-0.061739,0.852490,0.111797,0.506903,-4.531667,94.585632,13.396104,-0.027760,0.854550,0.094035,0.510030,-7.285758,106.773224,15.008955,0.022683,0.874513,-0.063517,0.480289,-9.435614,121.480492,16.994335,0.037230,0.885677,-0.118971,0.447255,-6.567733,134.861069,14.826433,-0.015192,0.782859,0.224648,0.580029,-11.316022,115.988266,13.663591,0.240821,-0.319550,0.229482,-0.887261,-17.005627,120.112923,-2.272719,0.243125,0.411820,-0.433788,-0.763625,0.244141,106.094086,-13.678082,0.342829,0.470956,-0.333405,-0.741289,5.748261,122.787155,-5.589768,-0.139423,0.889598,0.166683,0.401738,-7.925247,115.644524,19.881556,0.334030,0.878448,0.143978,-0.309877,3.192625,117.632401,33.140202,-0.105410,0.253634,0.508085,-0.816338,17.802866,105.200104,17.135733,0.019846,0.061912,0.473789,-0.878235,10.672970,122.932076,10.971218,0.072969,0.859351,0.071147,0.501129,-8.715252,87.446205,5.460994,0.083506,0.869088,-0.110555,0.474858,-10.731956,50.946682,-1.822848,-0.032642,0.918751,0.031920,0.392188,-22.563086,5.465034,3.514981,-0.093039,0.860213,-0.078939,0.495123,0.184943,87.205681,20.794050,-0.004837,0.860269,-0.090508,0.501720,3.237580,51.041706,29.290209,-0.032207,0.801378,0.044447,0.595635,-0.664353,4.521376,36.885044,-0.032642,0.918751,0.031920,0.392188,-12.517775,0.847057,-5.855563,-0.032207,0.801378,0.044447,0.595635,12.595120,0.251183,32.885925
594,4.950000,-0.006624,0.865994,0.024906,0.499390,-4.245195,87.329193,13.134945,-0.061618,0.852348,0.111630,0.507193,-4.509427,94.589081,13.400434,-0.027745,0.854414,0.093868,0.510289,-7.258463,106.773911,15.009853,0.022879,0.874303,-0.063650,0.480645,-9.406006,121.482147,16.990583,0.037090,0.885468,-0.118987,0.447675,-6.530477,134.861298,14.823946,-0.015235,0.782660,0.224451,0.580374,-11.285752,115.989601,13.659997,0.241010,-0.319316,0.229534,-0.887280,-16.961388,120.111893,-2.281901,0.243324,0.412497,-0.433893,-0.763136,0.294636,106.090340,-13.674435,0.343182,0.471295,-0.333548,-0.740846,5.773770,122.788307,-5.578041,-0.139488,0.889474,0.166408,0.402104,-7.898721,115.646492,19.880035,0.334172,0.878484,0.144078,-0.309574,3.208267,117.637505,33.147324,-0.105513,0.253984,0.508204,-0.816142,17.823128,105.197716,17.152887,0.019680,0.062253,0.474046,-0.878076,10.705169,122.932228,10.981442,0.073230,0.859086,0.070787,0.501596,-8.687874,87.448021,5.464093,0.083611,0.869229,-0.110359,0.474627,-10.730786,50.947536,-1.807594,-0.032561,0.918758,0.032034,0.392169,-22.560467,5.463463,3.512728,-0.093242,0.860155,-0.078751,0.495215,0.197483,87.210373,20.805796,-0.004458,0.860447,-0.090590,0.501403,3.269094,51.047016,29.297739,-0.034160,0.801314,0.043393,0.595690,-0.664740,4.527757,36.882687,-0.032561,0.918758,0.032034,0.392169,-12.515919,0.847450,-5.859596,-0.034160,0.801314,0.043393,0.595690,12.604337,0.266425,32.906059
595,4.958333,-0.006827,0.865760,0.024577,0.499810,-4.215359,87.334274,13.147853,-0.062680,0.851923,0.113701,0.507317,-4.479881,94.594360,13.407603,-0.027130,0.854404,0.092559,0.510578,-7.274158,106.748024,15.044339,0.023015,0.874098,-0.064172,0.480941,-9.386688,121.464584,17.000675,0.037091,0.885246,-0.118922,0.448132,-6.500116,134.839890,14.825082,-0.015258,0.781907,0.224070,0.581534,-11.278311,115.971352,13.677960,0.240285,-0.319131,0.229536,-0.887543,-16.906963,120.094803,-2.280288,0.242854,0.413035,-0.434362,-0.762728,0.354928,106.083931,-13.677068,0.343392,0.471738,-0.333694,-0.740401,5.802336,122.790169,-5.566002,-0.139265,0.889836,0.165674,0.401682,-7.894984,115.629875,19.900103,0.334009,0.878617,0.144054,-0.309383,3.225970,117.628441,33.154549,-0.106023,0.254393,0.508210,-0.815945,17.852179,105.191826,17.168026,0.019418,0.062740,0.473894,-0.878129,10.741813,122.932007,10.994754,0.073536,0.858815,0.070392,0.502070,-8.650555,87.447281,5.472587,0.083861,0.869366,-0.110152,0.474380,-10.723853,50.945980,-1.786415,-0.033291,0.918721,0.031902,0.392207,-22.563326,5.461550,3.509059,-0.093367,0.860165,-0.078575,0.495202,0.219836,87.221268,20.823120,-0.003976,0.860652,-0.090690,0.501037,3.306139,51.057590,29.308342,-0.034303,0.801125,0.043038,0.595962,-0.668448,4.539654,36.880127,-0.033291,0.918721,0.031902,0.392207,-12.511632,0.850375,-5.857984,-0.034303,0.801125,0.043038,0.595962,12.602530,0.272825,32.915752
596,4.966667,-0.007003,0.865478,0.024235,0.500312,-4.183504,87.338234,13.160431,-0.062734,0.851672,0.113664,0.507740,-4.447915,94.598518,13.414449,-0.027102,0.854172,0.092366,0.511004,-7.244068,106.753792,15.048520,0.022691,0.873916,-0.064351,0.481264,-9.353915,121.471466,16.999369,0.037458,0.885050,-0.118865,0.448503,-6.471561,134.846573,14.816915,-0.015321,0.781720,0.223900,0.581849,-11.244024,115.978035,13.676107,0.240332,-0.318828,0.229730,-0.887589,-16.859829,120.098854,-2.287343,0.243009,0.413469,-0.434495,-0.762368,0.407267,106.081734,-13.668552,0.343582,0.472106,-0.333991,-0.739944,5.836915,122.794189,-5.553394,-0.139285,0.889747,0.165476,0.401954,-7.866837,115.636978,19.901606,0.333860,0.878861,0.143839,-0.308950,3.246315,117.636955,33.162376,-0.106675,0.255407,0.508060,-0.815636,17.890867,105.196381,17.195753,0.019102,0.063802,0.471800,-0.879187,10.794756,122.937286,11.004745,0.073897,0.858574,0.069984,0.502487,-8.609750,87.445755,5.479923,0.083986,0.869114,-0.110082,0.474836,-10.717913,50.944149,-1.767501,-0.033385,0.918705,0.031889,0.392237,-22.567324,5.460268,3.510363,-0.093503,0.860211,-0.078290,0.495141,0.242742,87.230713,20.840940,-0.003514,0.860713,-0.090872,0.500903,3.348938,51.065590,29.312759,-0.034251,0.801129,0.042726,0.595982,-0.670725,4.550451,36.877934,-0.033385,0.918705,0.031889,0.392237,-12.514189,0.849831,-5.855495,-0.034251,0.801129,0.042726,0.595982,12.598478,0.275818,32.916035
597,4.975000,-0.007064,0.865300,0.023908,0.500634,-4.151079,87.344429,13.173260,-0.063155,0.851442,0.113676,0.508070,-4.413968,94.604942,13.422626,-0.026821,0.854008,0.092190,0.511324,-7.220518,106.761574,15.050756,0.022712,0.873673,-0.064803,0.481643,-9.321238,121.480682,17.000687,0.037457,0.884771,-0.118720,0.449091,-6.431145,134.852737,14.809807,-0.015369,0.781347,0.223564,0.582477,-11.213006,115.988708,13.675965,0.240409,-0.318516,0.230120,-0.887579,-16.803291,120.106522,-2.297223,0.243260,0.414035,-0.434676,-0.761877,0.464776,106.074715,-13.658855,0.343851,0.472479,-0.333957,-0.739596,5.870355,122.794151,-5.540534,-0.139239,0.889668,0.165317,0.402212,-7.840253,115.645042,19.903725,0.333934,0.878972,0.143762,-0.308591,3.266131,117.643967,33.170330,-0.106465,0.255321,0.508013,-0.815721,17.919296,105.194542,17.218496,0.019171,0.063752,0.473852,-0.878084,10.819668,122.932640,11.025105,0.074252,0.858208,0.069610,0.503110,-8.571588,87.448280,5.489394,0.084208,0.869501,-0.109785,0.474157,-10.711281,50.946712,-1.748975,-0.032806,0.918715,0.032039,0.392250,-22.561607,5.460170,3.503868,-0.093812,0.860425,-0.078031,0.494751,0.269429,87.240585,20.857126,-0.002794,0.861199,-0.091134,0.500023,3.408786,51.076744,29.322237,-0.033720,0.801181,0.042553,0.595955,-0.674208,4.565692,36.878632,-0.032806,0.918715,0.032039,0.392250,-12.513107,0.847059,-5.865653,-0.033720,0.801181,0.042553,0.595955,12.589916,0.278414,32.913380
598,4.983333,-0.007119,0.865054,0.023463,0.501079,-4.119994,87.348999,13.190818,-0.063557,0.851270,0.113701,0.508303,-4.380464,94.609795,13.434051,-0.026481,0.853955,0.091843,0.511492,-7.197805,106.771378,15.057577,0.022484,0.873582,-0.064748,0.481826,-9.284898,121.492935,17.003553,0.037742,0.884581,-0.118909,0.449391,-6.400266,134.866028,14.811860,-0.015474,0.781086,0.223103,0.583001,-11.180980,116.002045,13.679513,0.240504,-0.318168,0.230383,-0.887610,-16.749907,120.111847,-2.303190,0.243481,0.414488,-0.434922,-0.761419,0.523178,106.070694,-13.645623,0.344055,0.472935,-0.334085,-0.739152,5.905718,122.796906,-5.527627,-0.139186,0.889565,0.165140,0.402529,-7.810406,115.656532,19.908350,0.334133,0.879047,0.143780,-0.308153,3.287605,117.653969,33.182186,-0.106502,0.255701,0.508174,-0.815496,17.947622,105.191696,17.246700,0.019198,0.063983,0.474096,-0.877936,10.862404,122.932373,11.044631,0.074517,0.857791,0.069304,0.503824,-8.532587,87.448265,5.502346,0.084503,0.869659,-0.109552,0.473867,-10.694690,50.946461,-1.728175,-0.033166,0.918740,0.031918,0.392170,-22.557083,5.459795,3.496233,-0.094067,0.860384,-0.077477,0.494861,0.292599,87.249733,20.879290,-0.002284,0.861255,-0.091462,0.499869,3.467825,51.083065,29.318848,-0.033152,0.801290,0.042442,0.595847,-0.670841,4.577425,36.878269,-0.033166,0.918740,0.031918,0.392170,-12.507233,0.847615,-5.872292,-0.033152,0.801290,0.042442,0.595847,12.587443,0.278238,32.906387
599,4.991667,-0.007085,0.864648,0.022977,0.501803,-4.092863,87.351021,13.213274,-0.063500,0.851042,0.113391,0.508761,-4.349558,94.612160,13.450430,-0.026199,0.853780,0.091519,0.511856,-7.162972,106.777023,15.066849,0.022206,0.873423,-0.064679,0.482136,-9.238742,121.500816,17.008093,0.037806,0.884398,-0.118986,0.449726,-6.360491,134.875198,14.815877,-0.015788,0.780809,0.222941,0.583425,-11.137054,116.010857,13.683769,0.240771,-0.317861,0.230522,-0.887611,-16.688387,120.112274,-2.307206,0.243672,0.415003,-0.435262,-0.760884,0.591256,106.064400,-13.631314,0.344128,0.473368,-0.334202,-0.738788,5.945564,122.798660,-5.513532,-0.139181,0.889420,0.164698,0.403032,-7.771556,115.663742,19.915260,0.334459,0.879052,0.144129,-0.307624,3.312383,117.663643,33.200474,-0.106391,0.256078,0.508243,-0.815349,17.977819,105.188560,17.279987,0.018857,0.064499,0.474519,-0.877677,10.903813,122.927437,11.065661,0.074785,0.857375,0.069008,0.504533,-8.492602,87.446838,5.517395,0.084741,0.869310,-0.109478,0.474482,-10.676995,50.944973,-1.706084,-0.033160,0.918701,0.031797,0.392274,-22.559204,5.460581,3.493046,-0.094607,0.860292,-0.076716,0.495038,0.306877,87.255211,20.909151,-0.001652,0.861658,-0.091983,0.499081,3.543149,51.087379,29.320511,-0.032845,0.801608,0.042165,0.595456,-0.664773,4.590544,36.895840,-0.033160,0.918701,0.031797,0.392274,-12.507727,0.845333,-5.872220,-0.032845,0.801608,0.042165,0.595456,12.585998,0.280122,32.911079
600,5.000000,-0.007110,0.864264,0.022571,0.502482,-4.061790,87.356499,13.236527,-0.062382,0.851108,0.110743,0.509372,-4.316027,94.617905,13.468203,-0.026731,0.853466,0.092443,0.512187,-7.076479,106.815048,15.043185,0.022162,0.873169,-0.064488,0.482625,-9.180728,121.532906,16.998768,0.037660,0.884135,-0.118866,0.450286,-6.304268,134.908722,14.812891,-0.015831,0.781084,0.222793,0.583113,-11.065985,116.043213,13.666597,0.240895,-0.317205,0.231284,-0.887614,-16.629969,120.137856,-2.321719,0.244165,0.415362,-0.435416,-0.760442,0.652894,106.062065,-13.606164,0.344325,0.473725,-0.334355,-0.738398,5.990129,122.803650,-5.495214,-0.139014,0.888849,0.164205,0.404547,-7.705691,115.695282,19.900850,0.334874,0.879099,0.144551,-0.306839,3.337234,117.685486,33.221630,-0.106164,0.256587,0.508305,-0.815180,18.012888,105.192184,17.324873,0.018563,0.065170,0.475161,-0.877286,10.952604,122.927681,11.091855,0.075012,0.856851,0.068687,0.505432,-8.449433,87.448639,5.533700,0.085160,0.869647,-0.109191,0.473856,-10.652871,50.946011,-1.680153,-0.032886,0.918717,0.031927,0.392249,-22.552893,5.462405,3.485060,-0.095186,0.860277,-0.075943,0.495072,0.325852,87.264366,20.939354,-0.000780,0.861564,-0.092240,0.499198,3.627502,51.095940,29.322708,-0.033216,0.801354,0.041628,0.595814,-0.664686,4.603389,36.877048,-0.032886,0.918717,0.031927,0.392249,-12.504058,0.847352,-5.883139,-0.033216,0.801354,0.041628,0.595814,12.589586,0.287186,32.910229
601,5.008333,-0.007122,0.863894,0.022139,0.503137,-4.028432,87.361633,13.266916,-0.062144,0.850847,0.110300,0.509932,-4.279830,94.623306,13.492889,-0.026865,0.853164,0.092151,0.512736,-7.030937,106.824913,15.059994,0.022237,0.872777,-0.064978,0.483263,-9.135404,121.544159,17.004786,0.037499,0.883769,-0.118642,0.451076,-6.248490,134.916534,14.811641,-0.016063,0.780534,0.222758,0.583856,-11.017230,116.052925,13.673207,0.240820,-0.316850,0.231642,-0.887668,-16.550747,120.146622,-2.325922,0.244245,0.416107,-0.435711,-0.759839,0.735095,106.059792,-13.592031,0.344616,0.474131,-0.334579,-0.737900,6.039370,122.811249,-5.471551,-0.139101,0.888712,0.163989,0.404907,-7.665010,115.707909,19.911968,0.334926,0.879308,0.144537,-0.306188,3.366926,117.701134,33.241402,-0.106315,0.257233,0.508207,-0.815018,18.060770,105.197121,17.369881,0.018390,0.065836,0.475111,-0.877267,11.010333,122.929169,11.120505,0.075183,0.856457,0.068500,0.506100,-8.404385,87.450050,5.557398,0.085600,0.869572,-0.109098,0.473936,-10.620187,50.947426,-1.652647,-0.032955,0.918700,0.031651,0.392303,-22.552454,5.469015,3.483787,-0.095955,0.860321,-0.074998,0.494991,0.347520,87.273216,20.976437,0.000355,0.861848,-0.092828,0.498599,3.734146,51.105118,29.327229,-0.032884,0.801308,0.041285,0.595919,-0.673031,4.622823,36.878448,-0.032955,0.918700,0.031651,0.392303,-12.502769,0.847831,-5.880478,-0.032884,0.801308,0.041285,0.595919,12.578009,0.293502,32.915127
602,5.016667,-0.007066,0.863518,0.021753,0.503799,-3.995312,87.367653,13.296384,-0.062014,0.850552,0.109902,0.510527,-4.243361,94.629593,13.517737,-0.026745,0.852857,0.091860,0.513305,-6.988257,106.836143,15.076509,0.023208,0.872339,-0.065605,0.483924,-9.086496,121.557190,17.014391,0.036666,0.883530,-0.118316,0.451699,-6.166010,134.922531,14.822867,-0.016076,0.780145,0.222370,0.584523,-10.967310,116.066109,13.681981,0.240854,-0.316462,0.231949,-0.887717,-16.473658,120.156967,-2.327242,0.244352,0.416745,-0.435992,-0.759294,0.817356,106.060097,-13.572830,0.344738,0.474649,-0.335073,-0.737286,6.092202,122.820374,-5.445859,-0.139180,0.888608,0.163842,0.405168,-7.623278,115.720901,19.925123,0.334714,0.879695,0.143283,-0.305896,3.400533,117.716637,33.260899,-0.107042,0.258110,0.508121,-0.814699,18.110374,105.194176,17.418776,0.018512,0.066391,0.475084,-0.877237,11.072140,122.934387,11.156273,0.075358,0.855970,0.068249,0.506931,-8.359467,87.453789,5.580154,0.086002,0.869402,-0.108997,0.474198,-10.588951,50.950577,-1.622707,-0.032419,0.918701,0.031558,0.392354,-22.551069,5.476600,3.483509,-0.096711,0.860400,-0.074053,0.494849,0.368843,87.281517,21.012613,0.001397,0.862342,-0.093255,0.497663,3.840141,51.113773,29.330101,-0.032241,0.801322,0.041128,0.595947,-0.663892,4.639152,36.871441,-0.032419,0.918701,0.031558,0.392354,-12.505695,0.847128,-5.881287,-0.032241,0.801322,0.041128,0.595947,12.581801,0.295703,32.905704
603,5.025000,-0.007158,0.863357,0.021254,0.504094,-3.957881,87.372986,13.332134,-0.062004,0.850308,0.109462,0.511028,-4.203505,94.635216,13.546458,-0.026648,0.852554,0.091516,0.513875,-6.944485,106.848480,15.095015,0.023716,0.871969,-0.065938,0.484520,-9.036261,121.571579,17.024294,0.036231,0.883284,-0.118171,0.452252,-6.097268,134.933197,14.834814,-0.015984,0.779958,0.221610,0.585064,-10.916133,116.080307,13.691677,0.241298,-0.315975,0.232142,-0.887719,-16.400558,120.162476,-2.327287,0.244742,0.417430,-0.436193,-0.758676,0.901362,106.055878,-13.543862,0.345127,0.474810,-0.335407,-0.736848,6.146604,122.822426,-5.416172,-0.139139,0.888436,0.163526,0.405685,-7.580328,115.735580,19.939243,0.334776,0.879948,0.143263,-0.305111,3.429275,117.730736,33.286835,-0.107306,0.258832,0.508090,-0.814455,18.161015,105.195412,17.475256,0.018391,0.067208,0.475419,-0.876996,11.136738,122.934792,11.197134,0.075448,0.855337,0.068146,0.507998,-8.316726,87.453377,5.612844,0.086496,0.869104,-0.108964,0.474662,-10.546833,50.950123,-1.589611,-0.032794,0.918723,0.031250,0.392297,-22.550493,5.483541,3.484874,-0.097424,0.860460,-0.072985,0.494762,0.400964,87.292603,21.051424,0.002540,0.863061,-0.094110,0.496249,3.958349,51.123463,29.326408,-0.031445,0.801599,0.040798,0.595640,-0.666778,4.664433,36.890461,-0.032794,0.918723,0.031250,0.392297,-12.503756,0.850472,-5.876679,-0.031445,0.801599,0.040798,0.595640,12.568233,0.300480,32.911606
604,5.033333,-0.007058,0.863047,0.020830,0.504644,-3.914745,87.378914,13.368731,-0.062189,0.850132,0.108778,0.511445,-4.156139,94.641426,13.578322,-0.026589,0.852377,0.091447,0.514183,-6.894485,106.863914,15.109454,0.023040,0.871956,-0.064168,0.484814,-8.984385,121.587494,17.037157,0.036553,0.883131,-0.119254,0.452240,-6.083461,134.962921,14.881478,-0.016006,0.779649,0.220953,0.585723,-10.863128,116.096603,13.703266,0.241339,-0.315362,0.232608,-0.887804,-16.320652,120.170036,-2.327108,0.245028,0.417940,-0.436573,-0.758084,0.989793,106.048523,-13.511726,0.345446,0.475163,-0.335610,-0.736379,6.205713,122.825539,-5.387094,-0.139020,0.888137,0.162811,0.406667,-7.531770,115.751183,19.953171,0.334978,0.880153,0.143488,-0.304191,3.451195,117.745743,33.322781,-0.107540,0.260032,0.508167,-0.813993,18.204205,105.194946,17.543343,0.018003,0.068370,0.475304,-0.876976,11.209013,122.932747,11.236710,0.075520,0.854718,0.068052,0.509041,-8.263786,87.457291,5.643892,0.087172,0.869401,-0.108761,0.474041,-10.493279,50.953888,-1.558032,-0.032447,0.918789,0.031040,0.392188,-22.539415,5.494219,3.477601,-0.098229,0.860498,-0.071765,0.494715,0.434296,87.300529,21.093571,0.003814,0.863572,-0.094854,0.495209,4.088837,51.129978,29.319868,-0.031572,0.801699,0.040063,0.595547,-0.666081,4.684999,36.889740,-0.032447,0.918789,0.031040,0.392188,-12.498820,0.851944,-5.885984,-0.031572,0.801699,0.040063,0.595547,12.565165,0.306829,32.913967
605,5.041667,-0.007142,0.862803,0.020436,0.505076,-3.855945,87.386429,13.407901,-0.061820,0.849658,0.108614,0.512311,-4.095606,94.649162,13.611810,-0.026693,0.851786,0.090641,0.515298,-6.822990,106.862167,15.140075,0.023123,0.871186,-0.066470,0.485882,-8.905692,121.589973,17.043074,0.036038,0.882567,-0.117785,0.453766,-5.968871,134.949860,14.840169,-0.016295,0.779275,0.221081,0.586164,-10.780390,116.096245,13.711574,0.241823,-0.315014,0.232646,-0.887786,-16.219582,120.168015,-2.325450,0.245307,0.418987,-0.436907,-0.757223,1.100932,106.041611,-13.488287,0.345706,0.475752,-0.335804,-0.735787,6.272279,122.830437,-5.353777,-0.139244,0.887745,0.162120,0.407722,-7.465391,115.756310,19.970469,0.335199,0.880324,0.143600,-0.303397,3.485484,117.759743,33.365051,-0.107567,0.260860,0.508227,-0.813687,18.255196,105.192352,17.614483,0.017897,0.069213,0.475689,-0.876704,11.279207,122.931168,11.284308,0.075747,0.854211,0.067960,0.509870,-8.197230,87.460175,5.678654,0.087831,0.869574,-0.108634,0.473630,-10.437663,50.958397,-1.528090,-0.031958,0.918863,0.030841,0.392069,-22.529568,5.507037,3.472771,-0.098685,0.860401,-0.070536,0.494971,0.485340,87.312683,21.137148,0.004875,0.863600,-0.095604,0.495006,4.212351,51.135780,29.302784,-0.030851,0.801661,0.039786,0.595656,-0.662598,4.705203,36.884617,-0.031958,0.918863,0.030841,0.392069,-12.496612,0.854257,-5.893790,-0.030851,0.801661,0.039786,0.595656,12.562816,0.308990,32.909348
606,5.050000,-0.007040,0.862472,0.019936,0.505664,-3.808264,87.395866,13.450491,-0.063443,0.849109,0.110792,0.512557,-4.043107,94.658905,13.648730,-0.025416,0.851781,0.088998,0.515657,-6.831989,106.849480,15.200093,0.023158,0.870888,-0.067307,0.486300,-8.857635,121.588135,17.080555,0.035829,0.882174,-0.117758,0.454553,-5.907537,134.942307,14.860734,-0.016289,0.778304,0.219926,0.587886,-10.752362,116.096962,13.756204,0.241119,-0.314544,0.232808,-0.888102,-16.121122,120.159065,-2.306981,0.245121,0.419691,-0.437394,-0.756612,1.210415,106.038536,-13.460123,0.346237,0.476473,-0.335806,-0.735070,6.343337,122.838127,-5.314840,-0.139208,0.888133,0.161613,0.407090,-7.441668,115.753151,20.017166,0.335054,0.880668,0.143149,-0.302774,3.527496,117.768112,33.395046,-0.108193,0.261656,0.508134,-0.813407,18.320942,105.190071,17.675266,0.017587,0.070024,0.476627,-0.876136,11.355998,122.934914,11.332707,0.075855,0.853684,0.067920,0.510742,-8.139043,87.466965,5.715328,0.088494,0.869593,-0.108546,0.473492,-10.380450,50.966000,-1.495241,-0.031287,0.918906,0.030435,0.392055,-22.521658,5.523884,3.469961,-0.099481,0.860690,-0.069246,0.494491,0.522514,87.324768,21.185654,0.006197,0.863967,-0.096354,0.494205,4.352839,51.146187,29.295826,-0.030847,0.801703,0.039089,0.595645,-0.658064,4.730597,36.880806,-0.031287,0.918906,0.030435,0.392055,-12.496650,0.853431,-5.896312,-0.030847,0.801703,0.039089,0.595645,12.563554,0.318855,32.910114
607,5.058333,-0.007530,0.862156,0.019724,0.506203,-3.737990,87.409981,13.499530,-0.063430,0.848788,0.110269,0.513201,-3.977540,94.673035,13.691352,-0.025523,0.851402,0.088426,0.516376,-6.759547,106.861603,15.229158,0.023127,0.870379,-0.067728,0.487154,-8.780701,121.603134,17.091816,0.035476,0.881699,-0.117301,0.455619,-5.822722,134.954590,14.866150,-0.016438,0.777987,0.219642,0.588407,-10.672731,116.109680,13.769690,0.240904,-0.313796,0.233363,-0.888279,-16.019983,120.166084,-2.302113,0.245370,0.420299,-0.437862,-0.755923,1.322110,106.031242,-13.420669,0.346479,0.477246,-0.335772,-0.734470,6.419894,122.844360,-5.276667,-0.139430,0.887721,0.161094,0.408117,-7.372640,115.770302,20.036491,0.335364,0.880888,0.143095,-0.301813,3.565193,117.791710,33.439034,-0.108626,0.262901,0.508402,-0.812780,18.377281,105.188622,17.756912,0.017634,0.071242,0.475782,-0.876496,11.451156,122.935234,11.391782,0.076272,0.853299,0.067688,0.511353,-8.058963,87.471901,5.758803,0.089136,0.869565,-0.108385,0.473459,-10.330460,50.973331,-1.454468,-0.030935,0.918975,0.030164,0.391943,-22.516653,5.538687,3.468755,-0.099956,0.860855,-0.068105,0.494266,0.582983,87.348053,21.240255,0.007500,0.864328,-0.097033,0.493422,4.488222,51.164841,29.293865,-0.030474,0.801699,0.038382,0.595716,-0.654011,4.763377,36.877338,-0.030935,0.918975,0.030164,0.391943,-12.498132,0.857468,-5.899088,-0.030474,0.801699,0.038382,0.595716,12.561745,0.329820,32.911430
608,5.066667,-0.007636,0.861589,0.019220,0.507185,-3.684063,87.417427,13.559504,-0.063045,0.848441,0.109323,0.514025,-3.921445,94.680748,13.743957,-0.025662,0.850973,0.088106,0.517131,-6.684217,106.873665,15.263973,0.023479,0.869825,-0.068190,0.488061,-8.705628,121.616684,17.114571,0.034758,0.881245,-0.117133,0.456595,-5.729985,134.963974,14.887532,-0.016926,0.777349,0.219528,0.589279,-10.592909,116.121712,13.792263,0.241215,-0.313300,0.233545,-0.888322,-15.903820,120.169617,-2.293725,0.245653,0.421372,-0.438139,-0.755072,1.449555,106.027290,-13.385138,0.346699,0.477837,-0.335779,-0.733979,6.503388,122.850311,-5.230378,-0.139637,0.887411,0.160425,0.408984,-7.303981,115.785263,20.065088,0.335800,0.881041,0.144306,-0.300301,3.607181,117.816208,33.487911,-0.108178,0.263462,0.508347,-0.812692,18.450130,105.198730,17.846600,0.017228,0.072109,0.476759,-0.875902,11.533484,122.939812,11.454571,0.076672,0.852556,0.067563,0.512547,-7.987373,87.473610,5.808902,0.089752,0.869336,-0.108320,0.473778,-10.278809,50.978325,-1.414703,-0.029427,0.918985,0.030062,0.392043,-22.514122,5.552783,3.470525,-0.100723,0.860903,-0.066527,0.494243,0.619247,87.361237,21.310106,0.008913,0.864673,-0.097715,0.492659,4.632318,51.173668,29.290802,-0.030665,0.801645,0.037644,0.595825,-0.650501,4.786953,36.867905,-0.029427,0.918985,0.030062,0.392043,-12.508148,0.852323,-5.901090,-0.030665,0.801645,0.037644,0.595825,12.563872,0.340205,32.912170
609,5.075000,-0.008289,0.861183,0.019126,0.507868,-3.592531,87.420563,13.613097,-0.063266,0.847989,0.109091,0.514792,-3.837538,94.683784,13.791363,-0.025758,0.850502,0.087649,0.517977,-6.604245,106.880936,15.301554,0.023120,0.869394,-0.068128,0.488854,-8.622884,121.626213,17.137127,0.034691,0.880844,-0.117285,0.457334,-5.653649,134.975052,14.910785,-0.016960,0.777011,0.218976,0.589928,-10.506015,116.129562,13.815233,0.241140,-0.312590,0.233803,-0.888524,-15.790208,120.170357,-2.281332,0.245795,0.422247,-0.438531,-0.754309,1.579349,106.023956,-13.342160,0.346696,0.478701,-0.335791,-0.733411,6.591486,122.856995,-5.180033,-0.139822,0.886960,0.159694,0.410182,-7.229575,115.796402,20.094761,0.335325,0.881605,0.144408,-0.299125,3.645586,117.834625,33.545662,-0.108473,0.264782,0.507659,-0.812654,18.539673,105.221642,17.949411,0.016653,0.073585,0.476895,-0.875716,11.624983,122.943100,11.519641,0.077279,0.851988,0.067306,0.513434,-7.883363,87.466217,5.855514,0.090490,0.869181,-0.108333,0.473920,-10.215494,50.975330,-1.377249,-0.030597,0.919057,0.029543,0.391824,-22.512197,5.562642,3.473242,-0.100914,0.860927,-0.065481,0.494300,0.698302,87.374901,21.370682,0.010234,0.865085,-0.098319,0.491789,4.762090,51.179909,29.291851,-0.031039,0.801504,0.036978,0.596037,-0.649259,4.806781,36.861431,-0.030597,0.919057,0.029543,0.391824,-12.501356,0.862014,-5.893088,-0.031039,0.801504,0.036978,0.596037,12.566489,0.351480,32.919949
610,5.083333,-0.008598,0.860915,0.018745,0.508331,-3.506193,87.422134,13.667300,-0.063568,0.847516,0.108948,0.515564,-3.752343,94.685486,13.838384,-0.025798,0.849986,0.087196,0.518898,-6.526289,106.888046,15.339747,0.023569,0.868851,-0.068402,0.489759,-8.540914,121.635628,17.161064,0.034021,0.880494,-0.117182,0.458084,-5.554202,134.981293,14.939088,-0.017112,0.776412,0.218577,0.590860,-10.419909,116.137756,13.838866,0.241035,-0.311732,0.234262,-0.888733,-15.665605,120.173714,-2.271508,0.245988,0.423348,-0.439001,-0.753356,1.719999,106.016449,-13.293168,0.346987,0.479355,-0.335926,-0.732784,6.680270,122.861038,-5.122058,-0.139822,0.886637,0.159085,0.411117,-7.157050,115.807068,20.125597,0.334866,0.882262,0.142398,-0.298665,3.691377,117.847237,33.597786,-0.110064,0.266695,0.507405,-0.811973,18.614584,105.210175,18.048929,0.016127,0.075007,0.476507,-0.875817,11.728103,122.940697,11.593177,0.077598,0.851689,0.067170,0.513899,-7.788592,87.459839,5.905013,0.091465,0.868798,-0.108334,0.474435,-10.142104,50.971268,-1.332502,-0.029040,0.918903,0.029557,0.392303,-22.520981,5.575380,3.465899,-0.101181,0.861130,-0.064512,0.494020,0.776207,87.384430,21.429588,0.011546,0.865336,-0.098895,0.491202,4.895693,51.184071,29.297274,-0.030328,0.801576,0.036738,0.595992,-0.644593,4.824397,36.855972,-0.029040,0.918903,0.029557,0.392303,-12.515138,0.858055,-5.897382,-0.030328,0.801576,0.036738,0.595992,12.564021,0.352049,32.909878
611,5.091667,-0.008403,0.860133,0.018188,0.509676,-3.449529,87.419510,13.733008,-0.063047,0.847092,0.107770,0.516572,-3.689394,94.683220,13.898190,-0.025807,0.849498,0.087000,0.519729,-6.437377,106.886848,15.377569,0.023107,0.868310,-0.068857,0.490675,-8.450966,121.635452,17.191835,0.033685,0.879923,-0.117034,0.459243,-5.465824,134.979462,14.957804,-0.017085,0.775801,0.218053,0.591856,-10.325241,116.137436,13.867198,0.241197,-0.311078,0.234533,-0.888847,-15.529956,120.171265,-2.256988,0.246251,0.424631,-0.439429,-0.752297,1.869634,106.005989,-13.246239,0.347272,0.480108,-0.335714,-0.732253,6.773475,122.862648,-5.063180,-0.140196,0.886204,0.158387,0.412191,-7.074624,115.807106,20.160282,0.335436,0.882322,0.142479,-0.297808,3.739350,117.860779,33.658081,-0.110383,0.267619,0.508045,-0.811225,18.669003,105.192696,18.140694,0.016217,0.075774,0.477123,-0.875414,11.826999,122.940254,11.670768,0.077770,0.851324,0.067002,0.514500,-7.707696,87.455711,5.957397,0.092325,0.868682,-0.108170,0.474518,-10.073471,50.967449,-1.277662,-0.028991,0.918941,0.029394,0.392229,-22.515478,5.583152,3.466818,-0.101897,0.861173,-0.063095,0.493981,0.808638,87.383308,21.508619,0.012894,0.865559,-0.099414,0.490671,5.026810,51.180309,29.311598,-0.030207,0.801577,0.036538,0.596010,-0.643265,4.833496,36.852894,-0.028991,0.918941,0.029394,0.392229,-12.512141,0.861183,-5.896796,-0.030207,0.801577,0.036538,0.596010,12.563523,0.354715,32.907997
612,5.100000,-0.008560,0.859636,0.017788,0.510525,-3.357906,87.416122,13.798428,-0.062329,0.846937,0.104872,0.517508,-3.596922,94.680000,13.957220,-0.026438,0.848973,0.087797,0.520420,-6.298356,106.920670,15.384459,0.022753,0.867816,-0.069004,0.491544,-8.341842,121.664108,17.207289,0.033409,0.879405,-0.116833,0.460305,-5.359924,135.008209,14.969556,-0.017248,0.776099,0.217515,0.591659,-10.200228,116.165474,13.874764,0.241647,-0.309942,0.235188,-0.888948,-15.412861,120.182121,-2.251154,0.246958,0.425558,-0.439771,-0.751341,2.006613,105.993286,-13.178319,0.347378,0.480653,-0.335424,-0.731978,6.867620,122.861946,-5.000343,-0.140198,0.885254,0.158186,0.414303,-6.960277,115.835800,20.173382,0.335510,0.882655,0.143340,-0.296324,3.792862,117.876175,33.721710,-0.110408,0.268587,0.507733,-0.811097,18.764114,105.201462,18.249878,0.015693,0.077118,0.476994,-0.875376,11.931199,122.938156,11.749896,0.078266,0.850653,0.066867,0.515551,-7.600681,87.446678,6.014381,0.093231,0.868668,-0.108054,0.474392,-9.993940,50.962841,-1.233970,-0.028565,0.918986,0.029193,0.392168,-22.503822,5.592078,3.461208,-0.101987,0.861088,-0.062203,0.494224,0.884869,87.385574,21.582474,0.014062,0.865641,-0.099766,0.490423,5.139890,51.175613,29.332956,-0.030066,0.801556,0.036503,0.596046,-0.639910,4.838410,36.849953,-0.028565,0.918986,0.029193,0.392168,-12.506440,0.860321,-5.903824,-0.030066,0.801556,0.036503,0.596046,12.565968,0.356539,32.905510
613,5.108333,-0.008335,0.859134,0.017345,0.511389,-3.273645,87.422203,13.865956,-0.062160,0.846387,0.104492,0.518504,-3.506716,94.686356,14.020644,-0.026817,0.848337,0.087344,0.521514,-6.201992,106.932541,15.439301,0.022138,0.867184,-0.068922,0.492699,-8.250427,121.677742,17.242113,0.033241,0.878751,-0.117108,0.461495,-5.279886,135.024307,15.003915,-0.017895,0.775356,0.217182,0.592736,-10.100036,116.175774,13.910227,0.241628,-0.308914,0.235611,-0.889200,-15.267446,120.176674,-2.234148,0.247213,0.426873,-0.440363,-0.750164,2.173872,105.978821,-13.114667,0.347647,0.481624,-0.335676,-0.731096,6.971976,122.863808,-4.926742,-0.140550,0.884882,0.158185,0.414977,-6.876530,115.852417,20.217604,0.335927,0.882863,0.143070,-0.295360,3.853685,117.898117,33.783287,-0.111049,0.269681,0.508025,-0.810463,18.839422,105.190613,18.352436,0.015338,0.078178,0.477087,-0.875238,12.041274,122.937820,11.837224,0.078507,0.850172,0.066774,0.516320,-7.500832,87.452515,6.073433,0.094122,0.868165,-0.108105,0.475124,-9.906312,50.970566,-1.180347,-0.029343,0.919279,0.027914,0.391518,-22.494688,5.616635,3.467428,-0.101731,0.860649,-0.061434,0.495137,0.953542,87.391891,21.658480,0.015291,0.865318,-0.100229,0.490862,5.212916,51.170956,29.355093,-0.029933,0.801503,0.036400,0.596131,-0.692639,4.845911,36.849285,-0.029343,0.919279,0.027914,0.391518,-12.507402,0.861109,-5.896334,-0.029933,0.801503,0.036400,0.596131,12.512485,0.359555,32.907417
614,5.116667,-0.008527,0.858575,0.016900,0.512338,-3.174400,87.419556,13.932302,-0.062093,0.845754,0.104279,0.519586,-3.406733,94.683891,14.079740,-0.026908,0.847656,0.086801,0.522705,-6.098563,106.926575,15.490802,0.022312,0.866456,-0.069249,0.493924,-8.143358,121.674469,17.275635,0.032402,0.878186,-0.117039,0.462646,-5.159932,135.018341,15.038574,-0.017899,0.774855,0.216867,0.593505,-9.986931,116.170792,13.943209,0.241579,-0.307891,0.236048,-0.889452,-15.122531,120.171227,-2.211429,0.247408,0.427989,-0.441051,-0.749059,2.339993,105.964066,-13.045676,0.347453,0.482725,-0.335441,-0.730570,7.078218,122.866127,-4.852558,-0.140972,0.884334,0.157476,0.416271,-6.781140,115.850815,20.259779,0.335730,0.883358,0.143720,-0.293784,3.907488,117.909981,33.856224,-0.111353,0.270845,0.507529,-0.810344,18.946218,105.201126,18.478149,0.014720,0.079816,0.477337,-0.874964,12.154105,122.935776,11.931254,0.079083,0.849563,0.066553,0.517261,-7.384295,87.443260,6.130400,0.094961,0.867637,-0.108249,0.475890,-9.826526,50.965881,-1.134066,-0.028151,0.919176,0.028138,0.391830,-22.493368,5.629894,3.475471,-0.101568,0.860357,-0.060820,0.495753,1.035494,87.395851,21.734201,0.016160,0.864980,-0.100358,0.491404,5.302079,51.166843,29.388702,-0.029672,0.801568,0.036512,0.596049,-0.685202,4.846835,36.849056,-0.028151,0.919176,0.028138,0.391830,-12.510356,0.866945,-5.889077,-0.029672,0.801568,0.036512,0.596049,12.517740,0.358671,32.901955
615,5.125000,-0.009295,0.858168,0.016851,0.513008,-3.043974,87.414803,14.005897,-0.062732,0.845111,0.104115,0.520588,-3.285629,94.678955,14.146821,-0.027183,0.846958,0.086686,0.523841,-5.993531,106.933914,15.544269,0.022840,0.865722,-0.070301,0.495037,-8.045893,121.681961,17.319141,0.031708,0.877674,-0.116872,0.463707,-5.031987,135.017090,15.070753,-0.019092,0.773323,0.217064,0.595391,-9.879408,116.176941,13.983381,0.241324,-0.306822,0.236691,-0.889719,-14.935369,120.164505,-2.199537,0.247383,0.429814,-0.442098,-0.747403,2.544834,105.942429,-12.985617,0.347410,0.483971,-0.335184,-0.729884,7.188234,122.869644,-4.773773,-0.141072,0.883918,0.157006,0.417297,-6.690682,115.859459,20.308708,0.335717,0.883724,0.144857,-0.292135,3.967175,117.920853,33.928947,-0.111555,0.271711,0.507293,-0.810175,19.054630,105.211189,18.599327,0.014297,0.081235,0.477406,-0.874803,12.273300,122.936646,12.030659,0.079876,0.849008,0.066216,0.518093,-7.241444,87.426651,6.197276,0.095932,0.867220,-0.108318,0.476439,-9.739506,50.955338,-1.078670,-0.027675,0.919224,0.028110,0.391755,-22.491020,5.638316,3.483632,-0.101024,0.860034,-0.060604,0.496451,1.153495,87.402954,21.814516,0.017137,0.864986,-0.100364,0.491359,5.387570,51.163761,29.438841,-0.029885,0.801650,0.036339,0.595939,-0.679596,4.846957,36.854439,-0.027675,0.919224,0.028110,0.391755,-12.514153,0.869371,-5.884413,-0.029885,0.801650,0.036339,0.595939,12.522981,0.358460,32.906483
616,5.133333,-0.009233,0.857935,0.016434,0.513413,-2.923011,87.419441,14.071838,-0.063293,0.844550,0.104225,0.521408,-3.160855,94.683823,14.207906,-0.027030,0.846390,0.086281,0.524832,-5.880632,106.923851,15.596106,0.022077,0.865160,-0.069959,0.496101,-7.924859,121.674255,17.360806,0.031354,0.877032,-0.117186,0.464864,-4.929586,135.014099,15.115468,-0.019368,0.772886,0.216559,0.596133,-9.755342,116.169487,14.022954,0.241258,-0.305536,0.236850,-0.890137,-14.780134,120.145035,-2.172622,0.247587,0.431069,-0.442704,-0.746253,2.735641,105.927444,-12.906779,0.347513,0.484893,-0.335287,-0.729175,7.316761,122.869217,-4.686467,-0.141555,0.883220,0.156250,0.418892,-6.581230,115.851761,20.355616,0.335777,0.884091,0.144605,-0.291078,4.025402,117.926880,34.013706,-0.112311,0.273289,0.507499,-0.809410,19.141663,105.197121,18.729200,0.013984,0.082402,0.477448,-0.874676,12.401577,122.933578,12.132260,0.080291,0.848285,0.065951,0.519246,-7.113138,87.428589,6.259272,0.096978,0.866451,-0.108516,0.477580,-9.637701,50.959621,-1.019293,-0.027289,0.919287,0.027456,0.391679,-22.488556,5.665737,3.493761,-0.100540,0.859774,-0.060674,0.496991,1.267116,87.410301,21.884405,0.018074,0.864952,-0.100244,0.491408,5.463177,51.164471,29.498180,-0.029963,0.801702,0.036340,0.595865,-0.675472,4.848507,36.860016,-0.027289,0.919287,0.027456,0.391679,-12.519166,0.876122,-5.871697,-0.029963,0.801702,0.036340,0.595865,12.526989,0.361309,32.910206
617,5.141667,-0.009185,0.857249,0.016098,0.514569,-2.810661,87.409607,14.147999,-0.063223,0.843960,0.103745,0.522467,-3.045576,94.674156,14.279920,-0.027552,0.845739,0.086092,0.525884,-5.761653,106.927155,15.656732,0.022280,0.864377,-0.070714,0.497348,-7.818325,121.677673,17.405888,0.030574,0.876343,-0.117155,0.466222,-4.803653,135.011765,15.152420,-0.019790,0.772070,0.216176,0.597314,-9.637282,116.169609,14.067194,0.241418,-0.304321,0.237100,-0.890444,-14.612412,120.135284,-2.146126,0.247960,0.432739,-0.443517,-0.744678,2.934466,105.915154,-12.825992,0.347665,0.486292,-0.334836,-0.728377,7.431789,122.875687,-4.597983,-0.141818,0.882633,0.155839,0.420192,-6.479253,115.857994,20.408197,0.336023,0.884392,0.145315,-0.289523,4.086775,117.937263,34.097099,-0.112707,0.274493,0.507480,-0.808959,19.239891,105.190613,18.863256,0.013563,0.084080,0.476977,-0.874780,12.525734,122.926559,12.240283,0.080709,0.847666,0.065820,0.520208,-6.979743,87.416870,6.324178,0.098123,0.866176,-0.108618,0.477821,-9.527326,50.951618,-0.964973,-0.027279,0.919444,0.026999,0.391343,-22.476604,5.680969,3.499598,-0.100474,0.859885,-0.060773,0.496799,1.358421,87.402351,21.971819,0.019511,0.865753,-0.099999,0.489991,5.548327,51.156437,29.588572,-0.029979,0.801891,0.036567,0.595596,-0.684512,4.840928,36.873714,-0.027279,0.919444,0.026999,0.391343,-12.515691,0.879642,-5.868887,-0.029979,0.801891,0.036567,0.595596,12.516674,0.358997,32.913666
618,5.150000,-0.009397,0.856706,0.015722,0.515480,-2.676361,87.406090,14.221519,-0.063024,0.843194,0.103747,0.523725,-2.911232,94.670753,14.346918,-0.028219,0.844841,0.085347,0.527412,-5.619551,106.899002,15.719531,0.021796,0.863633,-0.070112,0.498746,-7.684541,121.652237,17.435690,0.030013,0.875806,-0.117335,0.467221,-4.684206,134.992020,15.196811,-0.019793,0.771795,0.216104,0.597696,-9.490480,116.138168,14.099811,0.242102,-0.303120,0.236803,-0.890746,-14.449728,120.105324,-2.118014,0.248070,0.434438,-0.443968,-0.743383,3.140639,105.898964,-12.744517,0.346552,0.487612,-0.335262,-0.727829,7.565382,122.868584,-4.495436,-0.142670,0.881752,0.155099,0.422024,-6.355794,115.837906,20.452932,0.335858,0.884861,0.145918,-0.287973,4.148073,117.939911,34.186131,-0.113157,0.275801,0.507182,-0.808638,19.351435,105.190071,19.005104,0.012783,0.085367,0.477263,-0.874511,12.654704,122.918953,12.351636,0.081489,0.846450,0.065452,0.522109,-6.828721,87.407043,6.388807,0.099144,0.865536,-0.108842,0.478719,-9.423250,50.947636,-0.912999,-0.026579,0.919545,0.026601,0.391182,-22.469530,5.700645,3.508843,-0.099672,0.859557,-0.060951,0.497507,1.475999,87.405136,22.054232,0.020341,0.865910,-0.099745,0.489732,5.602209,51.148880,29.656490,-0.029897,0.802023,0.036975,0.595398,-0.684701,4.831705,36.884373,-0.026579,0.919545,0.026601,0.391182,-12.519932,0.881585,-5.862557,-0.029897,0.802023,0.036975,0.595398,12.516099,0.357445,32.914371
619,5.158333,-0.009567,0.855841,0.015074,0.516932,-2.543984,87.395653,14.302850,-0.063171,0.842477,0.103385,0.524932,-2.776311,94.660553,14.418512,-0.028333,0.844147,0.085076,0.528559,-5.483439,106.883217,15.776934,0.020851,0.863017,-0.069552,0.499930,-7.549387,121.637642,17.481655,0.029858,0.875103,-0.117870,0.468412,-4.574434,134.984131,15.248874,-0.019802,0.771165,0.215659,0.598668,-9.347668,116.122711,14.143085,0.241720,-0.301511,0.237270,-0.891272,-14.266359,120.088104,-2.087516,0.248182,0.435962,-0.445094,-0.741778,3.361546,105.879936,-12.649194,0.346364,0.489146,-0.334831,-0.727088,7.697137,122.875122,-4.394039,-0.143029,0.880880,0.154034,0.424106,-6.230258,115.824188,20.504784,0.335656,0.885337,0.146383,-0.286507,4.208654,117.937363,34.285713,-0.113630,0.277421,0.507080,-0.808082,19.460886,105.184471,19.156357,0.012638,0.087001,0.477063,-0.874461,12.795955,122.911438,12.465610,0.081834,0.845786,0.065347,0.523143,-6.669722,87.388634,6.456085,0.100561,0.865379,-0.109061,0.478656,-9.281020,50.932396,-0.855576,-0.027222,0.919760,0.026079,0.390667,-22.451094,5.716681,3.519001,-0.099496,0.859364,-0.060929,0.497877,1.581753,87.402664,22.149614,0.021142,0.866352,-0.099165,0.489033,5.694409,51.143585,29.745758,-0.030212,0.802240,0.037165,0.595077,-0.625593,4.818639,36.894554,-0.027222,0.919760,0.026079,0.390667,-12.507576,0.891398,-5.855650,-0.030212,0.802240,0.037165,0.595077,12.575495,0.353742,32.914986
620,5.166667,-0.008923,0.855038,0.014371,0.518289,-2.445578,87.383759,14.390627,-0.062876,0.841823,0.102458,0.526197,-2.664805,94.649139,14.502041,-0.028522,0.843417,0.084824,0.529753,-5.355407,106.876579,15.840888,0.020551,0.862274,-0.069504,0.501229,-7.424543,121.631958,17.533371,0.029304,0.874375,-0.118259,0.469707,-4.452577,134.979752,15.304366,-0.020602,0.770138,0.215577,0.599991,-9.213965,116.115784,14.192101,0.241953,-0.300007,0.237417,-0.891677,-14.076283,120.068680,-2.058519,0.248481,0.437617,-0.445863,-0.740239,3.593336,105.863861,-12.554786,0.346156,0.490289,-0.334681,-0.726486,7.846449,122.876022,-4.290467,-0.143512,0.880239,0.153735,0.425382,-6.114634,115.819672,20.562738,0.335519,0.885804,0.147233,-0.284783,4.281706,117.942047,34.374393,-0.114221,0.278599,0.506683,-0.807842,19.587746,105.186844,19.301426,0.011855,0.088895,0.477041,-0.874293,12.932502,122.909248,12.584904,0.081867,0.844706,0.065491,0.524862,-6.546601,87.380539,6.530917,0.101932,0.864986,-0.109309,0.479021,-9.139350,50.926102,-0.796299,-0.026415,0.919937,0.025574,0.390339,-22.432831,5.741757,3.528844,-0.099713,0.859347,-0.061039,0.497849,1.655445,87.386978,22.250336,0.022719,0.867309,-0.098663,0.487365,5.777920,51.132118,29.861317,-0.030548,0.802402,0.037442,0.594824,-0.634648,4.804334,36.908527,-0.026415,0.919937,0.025574,0.390339,-12.505442,0.894823,-5.851729,-0.030548,0.802402,0.037442,0.594824,12.568005,0.351118,32.921074
621,5.175000,-0.010123,0.854425,0.014193,0.519283,-2.266461,87.389603,14.475705,-0.063724,0.841019,0.102920,0.527289,-2.499366,94.654724,14.575590,-0.028898,0.842645,0.084668,0.530986,-5.213719,106.868454,15.908223,0.020030,0.861518,-0.069476,0.502552,-7.292367,121.623993,17.587740,0.028789,0.873630,-0.118565,0.471046,-4.328192,134.973572,15.359079,-0.020833,0.769390,0.215153,0.601095,-9.070175,116.105721,14.243716,0.242211,-0.298593,0.237311,-0.892110,-13.886002,120.052376,-2.022257,0.248688,0.439528,-0.446474,-0.738668,3.828423,105.860374,-12.460196,0.345470,0.491991,-0.334301,-0.725836,7.994491,122.880997,-4.179155,-0.144251,0.879446,0.153139,0.426983,-5.989695,115.813492,20.623669,0.335260,0.886419,0.147453,-0.283052,4.351690,117.954849,34.473598,-0.114769,0.280377,0.506269,-0.807409,19.715496,105.191185,19.466722,0.011221,0.090464,0.476777,-0.874285,13.083712,122.904602,12.707022,0.082633,0.843693,0.065225,0.526402,-6.348804,87.366920,6.606309,0.103351,0.864037,-0.109841,0.480305,-8.986441,50.919281,-0.738714,-0.026132,0.920078,0.024870,0.390069,-22.424236,5.773532,3.543251,-0.098359,0.859179,-0.061750,0.498321,1.815881,87.412277,22.345100,0.023591,0.867415,-0.098075,0.487253,5.821811,51.143932,29.954041,-0.030434,0.802454,0.037563,0.594753,-0.634374,4.809022,36.914059,-0.026132,0.920078,0.024870,0.390069,-12.507504,0.905777,-5.837808,-0.030434,0.802454,0.037563,0.594753,12.567345,0.356584,32.922642
622,5.183333,-0.010435,0.853575,0.013789,0.520682,-2.117976,87.389793,14.567701,-0.063953,0.840066,0.102880,0.528786,-2.351872,94.654991,14.659832,-0.029518,0.841632,0.084286,0.532616,-5.073461,106.870819,15.984000,0.019589,0.860591,-0.069505,0.504152,-7.164898,121.627197,17.640003,0.028408,0.872817,-0.118857,0.472500,-4.204851,134.977966,15.412925,-0.021267,0.768376,0.214793,0.602504,-8.927178,116.104736,14.294708,0.241739,-0.296741,0.238011,-0.892669,-13.683295,120.043503,-1.990736,0.249049,0.441157,-0.447220,-0.737123,4.069595,105.843040,-12.351545,0.345743,0.493136,-0.333892,-0.725117,8.154986,122.883308,-4.062170,-0.144549,0.878800,0.152827,0.428321,-5.871792,115.820404,20.687073,0.335120,0.886948,0.148130,-0.281203,4.426724,117.965149,34.568386,-0.115452,0.281823,0.505945,-0.807011,19.847366,105.194702,19.625719,0.010635,0.092539,0.476752,-0.874088,13.234669,122.905037,12.835580,0.082624,0.842642,0.065357,0.528069,-6.174399,87.359169,6.684939,0.105194,0.863523,-0.110334,0.480717,-8.791754,50.912712,-0.673196,-0.025805,0.920453,0.023725,0.389279,-22.401743,5.813593,3.555908,-0.097718,0.859117,-0.062152,0.498504,1.938447,87.420425,22.450464,0.024824,0.867917,-0.097469,0.486419,5.887125,51.146435,30.062443,-0.030604,0.802549,0.037671,0.594608,-0.635777,4.805958,36.922501,-0.025805,0.920453,0.023725,0.389279,-12.508196,0.913287,-5.832689,-0.030604,0.802549,0.037671,0.594608,12.566398,0.358701,32.926815
623,5.191667,-0.010208,0.852555,0.013151,0.522372,-1.986874,87.380829,14.663575,-0.063836,0.839097,0.102362,0.530437,-2.213290,94.646332,14.749061,-0.029903,0.840592,0.083979,0.534283,-4.928878,106.868195,16.058981,0.019615,0.859721,-0.069143,0.505682,-7.028394,121.625450,17.696962,0.027688,0.872191,-0.119397,0.473562,-4.067183,134.978729,15.486596,-0.022140,0.767183,0.214682,0.604029,-8.776735,116.100609,14.348260,0.241837,-0.295047,0.238222,-0.893148,-13.467421,120.025993,-1.959378,0.249320,0.443120,-0.448013,-0.735370,4.330552,105.829475,-12.247972,0.344924,0.495248,-0.333657,-0.724176,8.322577,122.891769,-3.941971,-0.145145,0.878040,0.152314,0.429860,-5.746898,115.820778,20.752972,0.334911,0.887536,0.148626,-0.279329,4.499608,117.979416,34.670570,-0.116034,0.283410,0.505650,-0.806556,19.979736,105.201469,19.795971,0.010197,0.094222,0.476808,-0.873884,13.391503,122.905861,12.970445,0.082982,0.841033,0.065538,0.530550,-6.012137,87.348328,6.764863,0.106658,0.862178,-0.111152,0.482615,-8.622734,50.908054,-0.626227,-0.024628,0.920530,0.022853,0.389224,-22.395973,5.855423,3.569841,-0.097793,0.859721,-0.062694,0.497380,2.038388,87.413330,22.562288,0.026673,0.868985,-0.096730,0.484558,5.981351,51.145470,30.206367,-0.030728,0.802681,0.037856,0.594413,-0.645031,4.800433,36.935131,-0.024628,0.920530,0.022853,0.389224,-12.518051,0.920433,-5.817039,-0.030728,0.802681,0.037856,0.594413,12.557147,0.359316,32.932636
624,5.200000,-0.010338,0.851619,0.012702,0.523905,-1.833170,87.378532,14.766272,-0.063957,0.838039,0.101837,0.532192,-2.057925,94.644173,14.844796,-0.030627,0.839401,0.083630,0.536165,-4.769390,106.857254,16.135302,0.019272,0.858508,-0.069356,0.507722,-6.885190,121.614944,17.748161,0.026845,0.871092,-0.119376,0.475633,-3.921784,134.967896,15.538820,-0.022114,0.766417,0.214216,0.605168,-8.614880,116.085556,14.397289,0.241438,-0.293199,0.238814,-0.893705,-13.257645,120.010925,-1.924062,0.249800,0.444666,-0.448610,-0.733908,4.580516,105.809471,-12.135975,0.344832,0.496874,-0.332854,-0.723475,8.497877,122.883690,-3.826608,-0.145925,0.877210,0.152083,0.431370,-5.614240,115.814247,20.816099,0.334505,0.888234,0.148641,-0.277584,4.579075,117.987968,34.770367,-0.117064,0.285167,0.505106,-0.806129,20.121351,105.203606,19.966244,0.009560,0.096482,0.476543,-0.873789,13.550623,122.903084,13.106528,0.082984,0.839730,0.065884,0.532566,-5.829940,87.340424,6.853127,0.108638,0.861656,-0.111703,0.482980,-8.409004,50.903564,-0.565797,-0.023855,0.920754,0.021629,0.388813,-22.367283,5.902851,3.575546,-0.097002,0.859345,-0.063032,0.498141,2.163599,87.416641,22.679415,0.027735,0.869126,-0.096044,0.484382,6.037069,51.140469,30.319553,-0.031087,0.802797,0.038066,0.594224,-0.643949,4.788390,36.944981,-0.023855,0.920754,0.021629,0.388813,-12.509584,0.928700,-5.811928,-0.031087,0.802797,0.038066,0.594224,12.560220,0.357836,32.937340
625,5.208333,-0.010528,0.850653,0.012062,0.525483,-1.680752,87.377838,14.868821,-0.064189,0.837009,0.101608,0.533827,-1.903106,94.643654,14.937563,-0.030986,0.838325,0.083323,0.537873,-4.618731,106.856384,16.214798,0.018201,0.857758,-0.069387,0.509024,-6.741921,121.614944,17.809874,0.026873,0.870510,-0.119669,0.476623,-3.798373,134.970825,15.591642,-0.022798,0.765227,0.213918,0.606751,-8.457559,116.083397,14.455345,0.241265,-0.291366,0.238981,-0.894307,-13.032415,119.996979,-1.887995,0.249959,0.446440,-0.449338,-0.732330,4.855314,105.805527,-12.026843,0.344011,0.498560,-0.332303,-0.722959,8.686337,122.894264,-3.703482,-0.146268,0.876384,0.151264,0.433216,-5.483250,115.816208,20.886570,0.333999,0.888944,0.149365,-0.275523,4.650963,117.998802,34.882435,-0.117630,0.286979,0.504471,-0.805801,20.267090,105.219696,20.151686,0.008679,0.098382,0.476816,-0.873437,13.712944,122.905144,13.246280,0.082923,0.838318,0.066359,0.534736,-5.648082,87.331429,6.940922,0.110665,0.860847,-0.112460,0.483785,-8.185055,50.898510,-0.511746,-0.022777,0.920943,0.020362,0.388498,-22.343271,5.955914,3.581654,-0.096313,0.859022,-0.063255,0.498802,2.286579,87.424248,22.796721,0.028871,0.869338,-0.095455,0.484052,6.102138,51.140244,30.428808,-0.031223,0.802961,0.038089,0.593993,-0.642875,4.783577,36.956604,-0.022777,0.920943,0.020362,0.388498,-12.507081,0.938311,-5.805253,-0.031223,0.802961,0.038089,0.593993,12.560174,0.355759,32.942265
626,5.216667,-0.010814,0.849626,0.011880,0.527141,-1.517157,87.376869,14.976019,-0.064789,0.835890,0.101468,0.535533,-1.741788,94.642654,15.039891,-0.031636,0.837187,0.082816,0.539684,-4.474270,106.870125,16.302141,0.018907,0.856555,-0.070008,0.510936,-6.609026,121.629990,17.869448,0.025811,0.869594,-0.119776,0.478325,-3.633681,134.979767,15.656978,-0.023484,0.763859,0.213464,0.608606,-8.308178,116.093735,14.514309,0.241779,-0.289620,0.239152,-0.894690,-12.803420,119.994331,-1.854210,0.250421,0.448295,-0.449829,-0.730735,5.130917,105.804314,-11.912388,0.343060,0.499548,-0.331173,-0.723246,8.880724,122.906540,-3.576203,-0.146467,0.875562,0.150765,0.434980,-5.362106,115.835503,20.958883,0.333595,0.889713,0.149406,-0.273500,4.716727,118.018219,34.994663,-0.118736,0.289230,0.503962,-0.805152,20.401815,105.229698,20.345570,0.007775,0.100727,0.476627,-0.873281,13.878756,122.910164,13.394356,0.083045,0.836639,0.066867,0.537277,-5.453448,87.324997,7.032695,0.112595,0.859680,-0.113441,0.485185,-7.954700,50.898624,-0.463904,-0.021595,0.921188,0.018900,0.388059,-22.317535,6.017745,3.593631,-0.095941,0.859124,-0.063769,0.498633,2.419133,87.428734,22.919342,0.030588,0.869996,-0.094479,0.482955,6.193336,51.144279,30.569822,-0.031467,0.802823,0.038016,0.594171,-0.640222,4.779717,36.947735,-0.021595,0.921188,0.018900,0.388059,-12.507224,0.950722,-5.793809,-0.031467,0.802823,0.038016,0.594171,12.566053,0.354305,32.941360
627,5.225000,-0.011168,0.848501,0.011528,0.528951,-1.350079,87.377480,15.082598,-0.065126,0.834737,0.101313,0.537316,-1.576503,94.643272,15.138926,-0.032020,0.836017,0.082487,0.541523,-4.315440,106.865120,16.386944,0.018311,0.855505,-0.070195,0.512688,-6.457945,121.625885,17.935101,0.025202,0.868688,-0.119925,0.479963,-3.487591,134.976227,15.719238,-0.024504,0.762354,0.213414,0.610467,-8.141912,116.087318,14.576104,0.241291,-0.287824,0.239264,-0.895371,-12.556386,119.974831,-1.817487,0.250422,0.450199,-0.450502,-0.729148,5.427095,105.800339,-11.809625,0.342450,0.500863,-0.330016,-0.723155,9.087980,122.916779,-3.451603,-0.147308,0.874671,0.150451,0.436595,-5.224390,115.833488,21.033827,0.333005,0.890530,0.149707,-0.271389,4.796790,118.033585,35.108120,-0.119669,0.291049,0.503327,-0.804756,20.559013,105.246033,20.541216,0.007450,0.102856,0.475874,-0.873447,14.052547,122.917702,13.551530,0.082870,0.835178,0.067236,0.539527,-5.252334,87.317581,7.122557,0.114896,0.858963,-0.114160,0.485746,-7.707603,50.892735,-0.396673,-0.020385,0.921424,0.017563,0.387627,-22.288851,6.076866,3.599898,-0.095273,0.858787,-0.064161,0.499291,2.552177,87.437370,23.042639,0.031867,0.870442,-0.093762,0.482208,6.263454,51.147114,30.696386,-0.031254,0.803019,0.038361,0.593896,-0.637326,4.777351,36.963112,-0.020385,0.921424,0.017563,0.387627,-12.504229,0.963317,-5.789127,-0.031254,0.803019,0.038361,0.593896,12.566434,0.356064,32.943924
628,5.233333,-0.011477,0.847349,0.011122,0.530797,-1.178916,87.376602,15.202525,-0.066453,0.833162,0.103703,0.539139,-1.406139,94.642426,15.250975,-0.032018,0.834725,0.080973,0.543740,-4.204668,106.835541,16.522863,0.017583,0.854377,-0.070787,0.514510,-6.326663,121.603729,18.027845,0.024764,0.867811,-0.120317,0.481471,-3.358491,134.952194,15.797808,-0.024929,0.760723,0.212357,0.612849,-8.003844,116.061111,14.672145,0.240190,-0.286243,0.238701,-0.896324,-12.316122,119.933907,-1.752113,0.249651,0.451526,-0.451432,-0.728016,5.726156,105.808067,-11.707088,0.341288,0.502246,-0.329251,-0.723094,9.308826,122.933815,-3.325162,-0.148302,0.874241,0.149620,0.437404,-5.120433,115.815735,21.145500,0.332558,0.891247,0.150450,-0.269164,4.865901,118.052338,35.238804,-0.120685,0.293168,0.502844,-0.804136,20.703083,105.266106,20.752241,0.006601,0.105288,0.475207,-0.873527,14.227045,122.931274,13.719797,0.082878,0.833467,0.068298,0.542032,-5.046374,87.308846,7.225579,0.117112,0.857976,-0.115404,0.486666,-7.436115,50.894821,-0.366812,-0.019022,0.921739,0.015739,0.387024,-22.253689,6.154588,3.608035,-0.094618,0.858293,-0.064178,0.500261,2.688542,87.444351,23.179472,0.033204,0.870808,-0.093458,0.481515,6.349137,51.144989,30.814425,-0.030820,0.803499,0.038872,0.593236,-0.642934,4.778069,37.000534,-0.019022,0.921739,0.015739,0.387024,-12.501690,0.980795,-5.781932,-0.030820,0.803499,0.038872,0.593236,12.553683,0.360934,32.953400
629,5.241667,-0.011642,0.845944,0.010813,0.533036,-1.014154,87.381134,15.319514,-0.065510,0.832120,0.100662,0.541435,-1.241141,94.647011,15.362274,-0.033267,0.833260,0.081777,0.545787,-3.985408,106.870628,16.577980,0.018147,0.853135,-0.070526,0.516583,-6.155358,121.632446,18.077084,0.023462,0.866978,-0.120395,0.483015,-3.170337,134.981293,15.872027,-0.025493,0.759911,0.212178,0.613894,-7.800092,116.086487,14.710855,0.240231,-0.284148,0.239399,-0.896793,-12.066702,119.948936,-1.727754,0.250256,0.453187,-0.451837,-0.726524,6.018605,105.810776,-11.586681,0.339716,0.503947,-0.327406,-0.723488,9.528226,122.945938,-3.199895,-0.148730,0.872723,0.149162,0.440436,-4.949479,115.846634,21.198927,0.332496,0.891786,0.152697,-0.266173,4.939703,118.079628,35.361134,-0.120774,0.294587,0.502228,-0.803990,20.858965,105.294609,20.963753,0.005438,0.107704,0.475591,-0.873031,14.393293,122.940086,13.887925,0.082546,0.831819,0.069163,0.544499,-4.839306,87.308708,7.322237,0.119505,0.856659,-0.116630,0.488110,-7.150602,50.899452,-0.317189,-0.017521,0.922027,0.013701,0.386486,-22.219927,6.239709,3.616122,-0.094408,0.858560,-0.064631,0.499785,2.810997,87.453568,23.316792,0.034959,0.871644,-0.092443,0.480072,6.445437,51.155590,30.970802,-0.030711,0.803561,0.038873,0.593157,-0.635097,4.782143,37.005486,-0.017521,0.922027,0.013701,0.386486,-12.501651,0.999042,-5.771719,-0.030711,0.803561,0.038873,0.593157,12.559915,0.363244,32.955048
630,5.250000,-0.012048,0.844622,0.010399,0.535127,-0.837210,87.385651,15.446359,-0.066168,0.830835,0.100082,0.543432,-1.066068,94.651512,15.480330,-0.033645,0.831977,0.081470,0.547764,-3.817672,106.869576,16.667732,0.017437,0.851944,-0.070821,0.518529,-5.995572,121.632149,18.147831,0.022779,0.865903,-0.120470,0.484955,-3.015930,134.981125,15.936343,-0.026408,0.758263,0.211861,0.615999,-7.623900,116.084122,14.777024,0.239689,-0.282284,0.239305,-0.897551,-11.798668,119.932640,-1.688409,0.250064,0.455133,-0.452443,-0.724995,6.341619,105.819633,-11.482146,0.338338,0.505502,-0.326029,-0.723671,9.761498,122.960815,-3.069916,-0.149477,0.871520,0.148524,0.442775,-4.804303,115.848228,21.278778,0.331975,0.892605,0.152976,-0.263909,5.005167,118.095337,35.494087,-0.121997,0.296976,0.501756,-0.803220,21.001690,105.306335,21.186153,0.004535,0.110035,0.475366,-0.872868,14.573455,122.948051,14.064348,0.082368,0.829843,0.070409,0.547374,-4.622583,87.303902,7.430267,0.121938,0.855667,-0.118020,0.488913,-6.845018,50.905430,-0.286498,-0.016006,0.922437,0.011442,0.385647,-22.173182,6.332097,3.626757,-0.093875,0.858269,-0.064663,0.500380,2.948164,87.467407,23.462450,0.036485,0.872340,-0.091972,0.478783,6.542361,51.162254,31.101448,-0.032073,0.804024,0.037560,0.592543,-0.633794,4.790893,37.038441,-0.016006,0.922437,0.011442,0.385647,-12.495955,1.018998,-5.762777,-0.032073,0.804024,0.037560,0.592543,12.558630,0.365198,32.986992
631,5.258333,-0.012284,0.843370,0.010167,0.537097,-0.665629,87.386932,15.569634,-0.066210,0.829557,0.099307,0.545517,-0.895646,94.652771,15.598382,-0.033784,0.830618,0.080940,0.549892,-3.637321,106.859924,16.760944,0.016013,0.850802,-0.070676,0.520465,-5.813777,121.624779,18.220087,0.022231,0.864852,-0.120538,0.486835,-2.862196,134.978882,16.001816,-0.027210,0.756655,0.211730,0.617984,-7.428296,116.075493,14.844743,0.238791,-0.280412,0.239518,-0.898320,-11.516253,119.916191,-1.644284,0.249717,0.456458,-0.453213,-0.723799,6.671576,105.819427,-11.373031,0.336665,0.506961,-0.324912,-0.723933,10.018474,122.972725,-2.943748,-0.150593,0.870185,0.147813,0.445253,-4.641958,115.842262,21.360914,0.331419,0.893427,0.153469,-0.261528,5.079188,118.114456,35.632801,-0.122986,0.299015,0.501045,-0.802757,21.156641,105.324913,21.416355,0.003856,0.112701,0.475238,-0.872601,14.748311,122.956917,14.250481,0.081747,0.828037,0.071677,0.550031,-4.413451,87.300072,7.535970,0.124465,0.854143,-0.119368,0.490611,-6.520579,50.907433,-0.240428,-0.014156,0.922792,0.009212,0.384929,-22.116835,6.423262,3.627835,-0.093357,0.858282,-0.065220,0.500384,3.082193,87.473793,23.603300,0.038030,0.873196,-0.090881,0.477308,6.622545,51.166801,31.258684,-0.030463,0.804221,0.038746,0.592283,-0.622079,4.787469,37.048409,-0.014156,0.922792,0.009212,0.384929,-12.481775,1.035119,-5.762299,-0.030463,0.804221,0.038746,0.592283,12.561685,0.361636,32.969025
632,5.266667,-0.012460,0.841732,0.009688,0.539664,-0.493912,87.387177,15.698950,-0.068091,0.827592,0.102023,0.547764,-0.722416,94.653099,15.719752,-0.033113,0.829119,0.079102,0.552456,-3.539563,106.825592,16.902842,0.016452,0.849299,-0.071788,0.522750,-5.673590,121.600632,18.321154,0.020827,0.863759,-0.120711,0.488790,-2.688052,134.946060,16.096180,-0.028231,0.753892,0.211155,0.621501,-7.287264,116.050484,14.946796,0.237022,-0.278853,0.239049,-0.899398,-11.221387,119.880463,-1.582093,0.248774,0.458412,-0.453760,-0.722545,7.021214,105.835114,-11.282610,0.336111,0.508514,-0.324343,-0.723357,10.280258,122.987831,-2.807468,-0.151261,0.869750,0.146679,0.446251,-4.540370,115.820099,21.479794,0.330484,0.894482,0.153358,-0.259161,5.142764,118.122757,35.772621,-0.124696,0.301660,0.500150,-0.802061,21.312756,105.337952,21.657234,0.002907,0.115589,0.474154,-0.872816,14.931443,122.963211,14.443487,0.081291,0.825798,0.073263,0.553246,-4.192638,87.293922,7.642638,0.127062,0.852644,-0.121129,0.492118,-6.175437,50.912880,-0.220215,-0.011790,0.923194,0.006694,0.384096,-22.062523,6.530574,3.634599,-0.093121,0.858104,-0.065271,0.500725,3.204814,87.480438,23.755260,0.039817,0.874195,-0.090111,0.475477,6.725280,51.170670,31.406645,-0.031024,0.804418,0.038289,0.592016,-0.620326,4.791317,37.067497,-0.011790,0.923194,0.006694,0.384096,-12.478777,1.055052,-5.757494,-0.031024,0.804418,0.038289,0.592016,12.562656,0.364520,32.986649
633,5.275000,-0.012821,0.840053,0.009522,0.542269,-0.318396,87.386169,15.830146,-0.066564,0.826317,0.098048,0.550596,-0.550055,94.652008,15.845362,-0.034797,0.827241,0.080264,0.554994,-3.288755,106.863358,16.960270,0.015489,0.847941,-0.071295,0.525046,-5.488046,121.629402,18.372414,0.020166,0.862759,-0.120739,0.490574,-2.523496,134.981110,16.157040,-0.029108,0.752777,0.211288,0.622766,-7.058744,116.075012,14.984794,0.239202,-0.277296,0.238758,-0.899380,-10.936303,119.895302,-1.559702,0.250191,0.460795,-0.453090,-0.720959,7.356545,105.851517,-11.167418,0.334777,0.510065,-0.323498,-0.723261,10.552852,122.999046,-2.675690,-0.152116,0.867772,0.146488,0.449859,-4.353335,115.851509,21.535320,0.330173,0.895334,0.153938,-0.256252,5.208148,118.154129,35.909824,-0.125824,0.304089,0.499482,-0.801384,21.463308,105.354294,21.906313,0.001933,0.118458,0.473335,-0.872879,15.114622,122.969391,14.642289,0.080743,0.823483,0.074570,0.556593,-3.966999,87.286766,7.751081,0.129663,0.850995,-0.122763,0.493886,-5.829584,50.913494,-0.176884,-0.009620,0.923634,0.004322,0.383131,-22.002846,6.632051,3.647755,-0.092800,0.858111,-0.065726,0.500713,3.330207,87.485580,23.909210,0.041496,0.875036,-0.089012,0.473991,6.813310,51.175808,31.577667,-0.030604,0.804624,0.038802,0.591725,-0.612526,4.790732,37.084942,-0.009620,0.923634,0.004322,0.383131,-12.470901,1.075100,-5.749231,-0.030604,0.804624,0.038802,0.591725,12.567025,0.368410,32.988159
634,5.283333,-0.012759,0.838551,0.008945,0.544601,-0.154916,87.397270,15.963427,-0.067154,0.824765,0.097812,0.552889,-0.381305,94.663277,15.971454,-0.034964,0.825718,0.079667,0.557334,-3.131083,106.869736,17.065228,0.016091,0.846509,-0.070845,0.527394,-5.328585,121.638298,18.453674,0.018695,0.861667,-0.121422,0.492379,-2.348320,134.991699,16.269812,-0.030138,0.750300,0.210884,0.625835,-6.883833,116.082336,15.061511,0.238326,-0.275538,0.238802,-0.900141,-10.625774,119.891975,-1.516628,0.249985,0.462612,-0.453294,-0.719738,7.714581,105.870201,-11.065741,0.334037,0.511339,-0.323009,-0.722923,10.839335,123.019852,-2.541482,-0.152690,0.866433,0.145643,0.452512,-4.215501,115.862099,21.627335,0.329398,0.896385,0.154366,-0.253301,5.256487,118.174728,36.059361,-0.127202,0.306954,0.498720,-0.800548,21.612299,105.374954,22.173496,0.001201,0.121512,0.472624,-0.872846,15.303347,122.980377,14.851284,0.079767,0.820959,0.076193,0.560230,-3.758608,87.293938,7.864279,0.132483,0.850123,-0.124912,0.494101,-5.458300,50.927250,-0.130188,-0.008039,0.924376,0.001123,0.381397,-21.950525,6.766072,3.722711,-0.092433,0.857868,-0.065895,0.501175,3.448775,87.500603,24.062574,0.042905,0.875566,-0.088261,0.473025,6.898123,51.187420,31.730131,-0.030133,0.805144,0.038603,0.591054,-0.604733,4.800999,37.120434,-0.008039,0.924376,0.001123,0.381397,-12.483697,1.113543,-5.683088,-0.030133,0.805144,0.038603,0.591054,12.563446,0.366509,33.000324
635,5.291667,-0.012934,0.836696,0.008736,0.547446,0.015070,87.396988,16.094099,-0.067000,0.822809,0.097568,0.555857,-0.211804,94.662979,16.097427,-0.035479,0.823652,0.078944,0.560453,-2.960010,106.875694,17.178915,0.015710,0.844791,-0.071261,0.530097,-5.163367,121.646606,18.532642,0.017606,0.860447,-0.121562,0.494514,-2.176406,134.998459,16.348469,-0.031112,0.747879,0.210794,0.628709,-6.694576,116.086975,15.135556,0.237408,-0.273932,0.238793,-0.900876,-10.308842,119.892929,-1.471731,0.249697,0.464387,-0.453465,-0.718586,8.075818,105.894485,-10.969733,0.333078,0.512602,-0.322079,-0.722886,11.130866,123.041573,-2.412812,-0.153333,0.865113,0.144691,0.455119,-4.076194,115.873947,21.721699,0.328625,0.897474,0.154937,-0.250082,5.306515,118.200813,36.209648,-0.128299,0.309829,0.497731,-0.799881,21.768719,105.400101,22.450954,0.000240,0.124553,0.472205,-0.872645,15.491979,122.987091,15.062153,0.078898,0.818618,0.078252,0.563486,-3.533455,87.289902,7.970678,0.135392,0.848259,-0.127217,0.495925,-5.061230,50.936638,-0.118949,-0.005133,0.924715,-0.001742,0.380623,-21.893202,6.904149,3.737564,-0.092255,0.857501,-0.066245,0.501789,3.563596,87.504066,24.217520,0.044562,0.876358,-0.087187,0.471603,6.982937,51.191879,31.903177,-0.028495,0.805606,0.039339,0.590457,-0.600745,4.801345,37.142868,-0.005133,0.924715,-0.001742,0.380623,-12.485025,1.151166,-5.666182,-0.028495,0.805606,0.039339,0.590457,12.552720,0.356454,32.987110
636,5.300000,-0.013203,0.834935,0.008689,0.550121,0.198958,87.395416,16.222183,-0.067215,0.820954,0.097024,0.558662,-0.030813,94.661324,16.222065,-0.036011,0.821697,0.078523,0.563340,-2.780584,106.880547,17.280434,0.015911,0.842985,-0.072541,0.532787,-4.994685,121.652306,18.607128,0.016115,0.859140,-0.121127,0.496937,-1.975329,134.995026,16.411745,-0.032212,0.745640,0.210351,0.631455,-6.501405,116.089905,15.203625,0.236625,-0.272157,0.238545,-0.901685,-9.992700,119.880127,-1.433542,0.249408,0.465742,-0.453805,-0.717594,8.446312,105.914917,-10.874949,0.331741,0.514005,-0.321375,-0.722817,11.440663,123.063072,-2.295795,-0.154063,0.863618,0.144066,0.457900,-3.929568,115.882217,21.808250,0.327886,0.898554,0.155023,-0.247102,5.356864,118.219017,36.356510,-0.129952,0.313000,0.496821,-0.798945,21.917349,105.411766,22.722399,-0.001419,0.127886,0.472749,-0.871867,15.682414,122.991264,15.270340,0.077911,0.815924,0.080249,0.567238,-3.297384,87.284721,8.076216,0.138541,0.846478,-0.129514,0.497501,-4.642909,50.943523,-0.099546,-0.002296,0.925128,-0.005060,0.379614,-21.831312,7.048434,3.751115,-0.091827,0.857498,-0.066816,0.501798,3.695299,87.506119,24.368153,0.046178,0.877023,-0.086125,0.470404,7.065855,51.193726,32.074379,-0.029045,0.805821,0.039273,0.590141,-0.597525,4.799655,37.164616,-0.002296,0.925128,-0.005060,0.379614,-12.488399,1.185030,-5.649494,-0.029045,0.805821,0.039273,0.590141,12.556601,0.362253,33.002949
637,5.308333,-0.013343,0.832930,0.008483,0.553152,0.369012,87.395027,16.356396,-0.066913,0.818917,0.095908,0.561872,0.139204,94.660934,16.351814,-0.036507,0.819472,0.078184,0.566587,-2.592108,106.882751,17.380758,0.015693,0.841311,-0.072101,0.535491,-4.817894,121.655022,18.681942,0.014913,0.858080,-0.121529,0.498705,-1.800406,135.001678,16.508047,-0.033070,0.743230,0.210029,0.634353,-6.297065,116.090683,15.269540,0.235789,-0.270626,0.238413,-0.902399,-9.658631,119.875526,-1.395546,0.249050,0.467238,-0.453976,-0.716637,8.825038,105.937157,-10.789159,0.330600,0.515229,-0.320896,-0.722682,11.759679,123.084045,-2.179644,-0.154927,0.861960,0.143235,0.460985,-3.777772,115.886726,21.894503,0.327447,0.899526,0.155989,-0.243514,5.400641,118.238411,36.508762,-0.131267,0.316093,0.495893,-0.798088,22.063467,105.418922,23.011532,-0.003119,0.131504,0.472123,-0.871663,15.869667,122.984467,15.492394,0.077125,0.812612,0.082710,0.571727,-3.067973,87.281174,8.185248,0.141475,0.844619,-0.132144,0.499141,-4.214876,50.960773,-0.112307,0.000562,0.925567,-0.008946,0.378479,-21.757605,7.208493,3.765665,-0.091596,0.857106,-0.067238,0.502452,3.805998,87.508888,24.527540,0.047767,0.877706,-0.084929,0.469189,7.140021,51.197540,32.254574,-0.028959,0.806104,0.039251,0.589761,-0.595301,4.798245,37.185928,0.000562,0.925567,-0.008946,0.378479,-12.486021,1.221102,-5.627413,-0.028959,0.806104,0.039251,0.589761,12.554194,0.358957,33.011654
638,5.316667,-0.013388,0.831041,0.008139,0.555991,0.540437,87.397614,16.485924,-0.067805,0.816416,0.098003,0.565034,0.312885,94.663582,16.476042,-0.036243,0.817097,0.076510,0.570250,-2.466470,106.857132,17.522675,0.015329,0.839247,-0.073527,0.538538,-4.663143,121.637749,18.777748,0.013655,0.856623,-0.121317,0.501291,-1.622638,134.975830,16.583317,-0.034026,0.739870,0.209565,0.638371,-6.127547,116.071259,15.362490,0.234704,-0.269524,0.237745,-0.903188,-9.308757,119.854424,-1.338342,0.247949,0.468302,-0.454682,-0.715876,9.220536,105.964371,-10.713633,0.329122,0.515755,-0.320343,-0.723226,12.092121,123.110733,-2.074195,-0.155709,0.861028,0.142085,0.462816,-3.667034,115.872505,22.009665,0.326620,0.900729,0.155941,-0.240184,5.443999,118.252029,36.661530,-0.132975,0.318958,0.495070,-0.797176,22.214325,105.423546,23.306734,-0.003514,0.134935,0.472487,-0.870940,16.059933,122.984146,15.735942,0.076030,0.809214,0.085080,0.576328,-2.840704,87.280579,8.291556,0.144753,0.843224,-0.134629,0.499895,-3.771833,50.977325,-0.107466,0.003203,0.926013,-0.013148,0.377248,-21.684317,7.376516,3.786183,-0.091279,0.857002,-0.067805,0.502611,3.921578,87.514648,24.680290,0.049310,0.878283,-0.083751,0.468160,7.212633,51.204693,32.432236,-0.028674,0.806380,0.039287,0.589394,-0.592997,4.800758,37.206631,0.003203,0.926013,-0.013148,0.377248,-12.485865,1.260247,-5.595755,-0.028674,0.806380,0.039287,0.589394,12.550768,0.357636,33.018410
639,5.325000,-0.013379,0.828750,0.007786,0.559404,0.699420,87.395737,16.618824,-0.067010,0.814323,0.096616,0.568378,0.474889,94.661797,16.603819,-0.036789,0.814805,0.076288,0.573515,-2.273574,106.866859,17.622784,0.015614,0.837373,-0.072858,0.541530,-4.484756,121.647301,18.854248,0.011940,0.855331,-0.122031,0.503364,-1.437114,134.989578,16.695618,-0.035100,0.737251,0.209251,0.641438,-5.919936,116.079010,15.429533,0.234248,-0.268447,0.237133,-0.903788,-8.961801,119.853058,-1.299302,0.247267,0.469610,-0.454826,-0.715163,9.610993,106.002281,-10.646602,0.327669,0.516110,-0.319921,-0.723819,12.429646,123.139046,-1.973711,-0.156220,0.859092,0.140851,0.466602,-3.512948,115.883636,22.096375,0.326074,0.901749,0.156873,-0.236465,5.469932,118.269279,36.826168,-0.134359,0.322592,0.494405,-0.795893,22.346645,105.430771,23.615814,-0.004728,0.138749,0.472081,-0.870555,16.259974,122.980583,15.969783,0.074607,0.806405,0.087971,0.580004,-2.614214,87.276367,8.396961,0.148206,0.840997,-0.137543,0.501837,-3.295585,50.994431,-0.117351,0.006337,0.926341,-0.017610,0.376221,-21.615326,7.564327,3.789193,-0.091086,0.856355,-0.067856,0.503741,4.013054,87.515114,24.840687,0.050595,0.878219,-0.082725,0.468325,7.279757,51.203060,32.593105,-0.028674,0.806607,0.039360,0.589078,-0.588270,4.795119,37.224041,0.006337,0.926341,-0.017610,0.376221,-12.493402,1.308665,-5.575541,-0.028674,0.806607,0.039360,0.589078,12.552654,0.353628,33.025204
640,5.333333,-0.013702,0.826723,0.007938,0.562387,0.883126,87.403778,16.738731,-0.067071,0.812103,0.096239,0.571601,0.653519,94.669678,16.722111,-0.037060,0.812462,0.076128,0.576834,-2.095724,106.880234,17.722021,0.015403,0.835475,-0.073449,0.544379,-4.315747,121.660805,18.935863,0.010696,0.854008,-0.121974,0.505647,-1.254403,134.999878,16.776817,-0.036360,0.734069,0.208975,0.645097,-5.723391,116.092728,15.499396,0.233502,-0.267471,0.236622,-0.904404,-8.598183,119.858917,-1.260728,0.246246,0.470514,-0.455174,-0.714700,10.012843,106.045341,-10.586986,0.325913,0.515897,-0.319477,-0.724959,12.786653,123.176666,-1.881203,-0.157074,0.857267,0.140032,0.469908,-3.370833,115.896973,22.185631,0.325693,0.902787,0.157422,-0.232633,5.494914,118.295357,36.984165,-0.136234,0.326529,0.493464,-0.794552,22.473850,105.433479,23.928440,-0.007083,0.143324,0.472097,-0.869789,16.451691,122.974792,16.205204,0.073238,0.803171,0.090800,0.584216,-2.371034,87.282089,8.493181,0.151672,0.839369,-0.140433,0.502726,-2.801606,51.022751,-0.133036,0.009565,0.926840,-0.022464,0.374661,-21.522711,7.766953,3.804522,-0.090545,0.855882,-0.068768,0.504519,4.137285,87.525475,24.984282,0.052014,0.878956,-0.081337,0.467028,7.327995,51.215374,32.777378,-0.029379,0.806722,0.039029,0.588909,-0.590068,4.799673,37.242241,0.009565,0.926840,-0.022464,0.374661,-12.492143,1.362324,-5.548051,-0.029379,0.806722,0.039029,0.588909,12.552799,0.362278,33.045147
641,5.341667,-0.013564,0.824384,0.007655,0.565817,1.041980,87.410469,16.865847,-0.065512,0.810497,0.091250,0.574871,0.816430,94.676483,16.846006,-0.038234,0.810399,0.077031,0.579532,-1.836832,106.927643,17.758364,0.015475,0.833697,-0.072608,0.547209,-4.104966,121.701416,18.966038,0.009229,0.852600,-0.121776,0.508094,-1.044697,135.046463,16.842655,-0.037251,0.732010,0.209238,0.647297,-5.473940,116.131760,15.516535,0.233958,-0.266160,0.236335,-0.904748,-8.247381,119.899773,-1.260246,0.246088,0.471348,-0.455026,-0.714299,10.405393,106.104340,-10.529787,0.323791,0.515355,-0.318807,-0.726589,13.153090,123.224007,-1.806835,-0.157909,0.854180,0.139725,0.475309,-3.166892,115.938080,22.218666,0.325195,0.903901,0.158400,-0.228299,5.511855,118.323158,37.129768,-0.138168,0.330305,0.492722,-0.793117,22.606806,105.442719,24.244844,-0.008987,0.147519,0.472598,-0.868797,16.654249,122.980026,16.453533,0.071422,0.800534,0.094175,0.587516,-2.143629,87.288994,8.593568,0.155359,0.837161,-0.143512,0.504410,-2.281270,51.056629,-0.154752,0.012977,0.927083,-0.027904,0.373591,-21.431913,7.990604,3.797269,-0.090281,0.855015,-0.069152,0.505981,4.227589,87.531944,25.138124,0.053231,0.879028,-0.080032,0.466980,7.373609,51.222237,32.951199,-0.029443,0.806857,0.038972,0.588725,-0.587929,4.798717,37.254555,0.012977,0.927083,-0.027904,0.373591,-12.488858,1.422113,-5.525696,-0.029443,0.806857,0.038972,0.588725,12.553247,0.361094,33.052418
642,5.350000,-0.013200,0.821930,0.007523,0.569385,1.197727,87.425629,16.983274,-0.064795,0.808330,0.089211,0.578312,0.977707,94.691818,16.963902,-0.038379,0.808083,0.077054,0.582744,-1.635039,106.951569,17.834423,0.017067,0.831629,-0.073508,0.550180,-3.911870,121.724907,19.031101,0.006608,0.851366,-0.121194,0.510338,-0.792286,135.059525,16.928629,-0.038372,0.729095,0.209111,0.650555,-5.253808,116.156944,15.568243,0.233823,-0.265635,0.235275,-0.905213,-7.877020,119.921158,-1.233529,0.244998,0.472046,-0.455114,-0.714157,10.814660,106.176086,-10.499496,0.321797,0.514346,-0.318054,-0.728517,13.533425,123.280907,-1.742122,-0.158413,0.851728,0.138395,0.479908,-2.999863,115.959976,22.288322,0.324555,0.905064,0.158827,-0.224273,5.520287,118.346382,37.290394,-0.139967,0.334292,0.492073,-0.791532,22.727074,105.448929,24.572451,-0.009778,0.151638,0.472084,-0.868359,16.856081,122.978172,16.708384,0.069385,0.797503,0.097706,0.591293,-1.916227,87.309212,8.683686,0.159171,0.835045,-0.146681,0.505816,-1.734471,51.105976,-0.183608,0.016297,0.927263,-0.034277,0.372481,-21.325853,8.240366,3.786959,-0.090055,0.854261,-0.069732,0.507213,4.311680,87.542053,25.282860,0.054497,0.878980,-0.078535,0.467179,7.410007,51.235313,33.128735,-0.029365,0.806724,0.038896,0.588916,-0.591920,4.802242,37.250343,0.016297,0.927263,-0.034277,0.372481,-12.476110,1.487771,-5.493421,-0.029365,0.806724,0.038896,0.588916,12.550214,0.361653,33.054344
643,5.358333,-0.013129,0.819731,0.007716,0.572546,1.373198,87.444054,17.091322,-0.064444,0.805703,0.089475,0.581966,1.152493,94.710228,17.073996,-0.038780,0.805266,0.076350,0.586698,-1.464575,106.987061,17.944344,0.016210,0.829540,-0.073094,0.553406,-3.744575,121.762703,19.105894,0.005835,0.849918,-0.121905,0.512586,-0.639634,135.103027,17.017967,-0.040282,0.725197,0.208937,0.654838,-5.055734,116.192497,15.634886,0.232771,-0.265533,0.233982,-0.905849,-7.478955,119.940887,-1.200429,0.242984,0.472289,-0.455489,-0.714445,11.245741,106.262001,-10.497645,0.319072,0.513008,-0.316813,-0.731194,13.942753,123.350204,-1.694924,-0.158984,0.849695,0.137306,0.483621,-2.867784,116.000107,22.376875,0.324685,0.905895,0.160378,-0.219574,5.521431,118.392647,37.451595,-0.140960,0.338211,0.491785,-0.789868,22.828194,105.455505,24.910830,-0.010978,0.156119,0.473006,-0.867047,17.052343,122.976410,16.963589,0.067247,0.794342,0.101344,0.595170,-1.676801,87.331566,8.767962,0.162962,0.832642,-0.149928,0.507615,-1.162443,51.160526,-0.216881,0.020846,0.927486,-0.040687,0.371053,-21.197149,8.501554,3.766934,-0.089355,0.853253,-0.070373,0.508943,4.423197,87.556541,25.414680,0.055449,0.878906,-0.077316,0.467409,7.436939,51.247139,33.281128,-0.029146,0.806800,0.038829,0.588827,-0.591601,4.806006,37.257504,0.020846,0.927486,-0.040687,0.371053,-12.463656,1.553849,-5.479500,-0.029146,0.806800,0.038829,0.588827,12.547588,0.360347,33.057644
644,5.366667,-0.012753,0.817096,0.008096,0.576303,1.532306,87.467125,17.202871,-0.064155,0.803073,0.089071,0.585683,1.312973,94.733345,17.192194,-0.038807,0.802602,0.075300,0.590469,-1.292625,106.995094,18.045465,0.016606,0.827397,-0.073229,0.556575,-3.560226,121.775452,19.170792,0.004031,0.848606,-0.121976,0.514756,-0.433804,135.114075,17.104101,-0.041801,0.721258,0.209082,0.659033,-4.847805,116.203712,15.693416,0.232357,-0.265981,0.231765,-0.906394,-7.074675,119.953308,-1.168726,0.240443,0.472617,-0.456120,-0.714686,11.689724,106.368759,-10.524009,0.314896,0.511565,-0.314737,-0.734903,14.352545,123.436058,-1.668276,-0.159863,0.847363,0.135575,0.487893,-2.722842,116.014862,22.455622,0.324383,0.906934,0.160945,-0.215275,5.512043,118.429398,37.611710,-0.142950,0.342802,0.491346,-0.787802,22.922020,105.460785,25.247574,-0.012402,0.160927,0.473019,-0.866142,17.253696,122.982597,17.218849,0.064620,0.791689,0.105431,0.598278,-1.441327,87.365089,8.851789,0.167321,0.830398,-0.153205,0.508892,-0.552876,51.231228,-0.252677,0.025730,0.927399,-0.048028,0.370083,-21.071266,8.802408,3.727192,-0.088894,0.852025,-0.070842,0.511012,4.505940,87.569153,25.553951,0.056424,0.879009,-0.075951,0.467323,7.453476,51.258564,33.439995,-0.027606,0.806764,0.039451,0.588908,-0.595678,4.807958,37.261017,0.025730,0.927399,-0.048028,0.370083,-12.455890,1.636304,-5.463199,-0.027606,0.806764,0.039451,0.588908,12.535769,0.351103,33.048828
645,5.375000,-0.011928,0.814706,0.008131,0.579694,1.661863,87.496857,17.312290,-0.064870,0.799736,0.092952,0.589555,1.452048,94.763359,17.308075,-0.037416,0.799490,0.072755,0.595082,-1.224291,106.985001,18.213535,0.016549,0.825012,-0.074966,0.559877,-3.419893,121.779839,19.290255,0.002630,0.847257,-0.122353,0.516893,-0.257623,135.106903,17.203613,-0.043997,0.715927,0.208447,0.664878,-4.700667,116.209778,15.807671,0.230563,-0.267583,0.228431,-0.907226,-6.651417,119.940269,-1.092869,0.236357,0.471905,-0.457377,-0.715715,12.146927,106.502594,-10.591048,0.309986,0.510055,-0.311633,-0.739349,14.791753,123.544739,-1.673730,-0.160646,0.846658,0.133995,0.489294,-2.651762,116.020012,22.593285,0.324454,0.907634,0.162907,-0.210692,5.526686,118.474045,37.773563,-0.144053,0.346336,0.491069,-0.786225,23.031879,105.474625,25.577366,-0.013580,0.165625,0.473639,-0.864899,17.450924,122.990952,17.479488,0.061614,0.787533,0.110436,0.603158,-1.242630,87.408134,8.936761,0.171520,0.827134,-0.156619,0.511762,0.105709,51.326527,-0.317210,0.032019,0.927147,-0.056175,0.369077,-20.896414,9.132343,3.633761,-0.088490,0.850221,-0.071058,0.514048,4.566357,87.585571,25.687820,0.057049,0.878699,-0.074639,0.468041,7.452032,51.271915,33.582615,-0.028048,0.806831,0.039093,0.588820,-0.594450,4.809317,37.260818,0.032019,0.927147,-0.056175,0.369077,-12.424512,1.718621,-5.493373,-0.028048,0.806831,0.039093,0.588820,12.537604,0.351664,33.051369
646,5.383333,-0.011246,0.812063,0.008637,0.583397,1.803553,87.535553,17.413834,-0.062294,0.797583,0.087859,0.593517,1.597512,94.802170,17.420418,-0.038662,0.796727,0.073656,0.598587,-0.960471,107.070778,18.251919,0.017177,0.822655,-0.075616,0.563229,-3.206578,121.858826,19.317831,0.000497,0.845660,-0.121546,0.519698,-0.009312,135.179886,17.246288,-0.045788,0.712885,0.208872,0.667885,-4.440529,116.287460,15.820457,0.229776,-0.267760,0.226335,-0.907899,-6.246064,120.009842,-1.097996,0.234003,0.470533,-0.457824,-0.717104,12.595182,106.668068,-10.646225,0.304510,0.508210,-0.307321,-0.744682,15.274540,123.693153,-1.703179,-0.161107,0.843009,0.132518,0.495802,-2.452306,116.099037,22.624134,0.324802,0.908434,0.163717,-0.206030,5.497674,118.541321,37.927181,-0.145762,0.350835,0.491165,-0.783853,23.088669,105.483543,25.918201,-0.014927,0.170196,0.474794,-0.863355,17.637440,123.006348,17.745871,0.058113,0.783549,0.115473,0.607734,-1.024851,87.462967,9.012149,0.175947,0.822972,-0.161065,0.515575,0.812184,51.434944,-0.365666,0.038208,0.926743,-0.065527,0.367959,-20.740404,9.519902,3.591983,-0.087843,0.849569,-0.071311,0.515199,4.631958,87.608139,25.815517,0.057609,0.877998,-0.073536,0.469461,7.456522,51.288666,33.705647,-0.028019,0.806739,0.038796,0.588967,-0.593789,4.816690,37.254791,0.038208,0.926743,-0.065527,0.367959,-12.423670,1.834779,-5.453001,-0.028019,0.806739,0.038796,0.588967,12.537986,0.351940,33.051991
647,5.391667,-0.010451,0.809604,0.009298,0.586810,1.956305,87.587265,17.506416,-0.062064,0.794604,0.087736,0.597540,1.753955,94.853958,17.526695,-0.038743,0.793560,0.072887,0.602867,-0.802707,107.128128,18.346621,0.018152,0.820216,-0.075444,0.566767,-3.042639,121.919357,19.380804,-0.001239,0.844247,-0.122243,0.521826,0.185296,135.239166,17.349133,-0.048453,0.707789,0.209422,0.672926,-4.245726,116.347595,15.873337,0.228289,-0.269212,0.223214,-0.908617,-5.807067,120.061958,-1.071162,0.230111,0.468654,-0.459075,-0.718793,13.065299,106.857063,-10.747359,0.297538,0.506500,-0.302287,-0.750701,15.768727,123.859764,-1.767572,-0.161316,0.840637,0.130511,0.500274,-2.330519,116.160454,22.697964,0.324646,0.909427,0.164912,-0.200880,5.461926,118.609871,38.080700,-0.147152,0.355266,0.490770,-0.781842,23.162710,105.512932,26.277437,-0.015463,0.175256,0.474993,-0.862222,17.822174,123.027512,18.020227,0.054032,0.779755,0.120709,0.611957,-0.801601,87.533981,9.081182,0.180566,0.819147,-0.165173,0.518760,1.564324,51.564014,-0.400404,0.045568,0.926320,-0.075421,0.366286,-20.532566,9.931493,3.537652,-0.086844,0.848334,-0.071800,0.517332,4.714211,87.640556,25.931650,0.057917,0.877328,-0.072353,0.470858,7.437336,51.313282,33.821560,-0.028571,0.806523,0.038136,0.589280,-0.591885,4.828343,37.246548,0.045568,0.926320,-0.075421,0.366286,-12.404874,1.956549,-5.427942,-0.028571,0.806523,0.038136,0.589280,12.543866,0.357877,33.062283
648,5.400000,-0.009574,0.806954,0.009901,0.590454,2.089455,87.638466,17.594696,-0.061125,0.791743,0.086635,0.601583,1.892135,94.905251,17.628674,-0.038795,0.790467,0.072401,0.606972,-0.634149,107.189705,18.428442,0.018415,0.817827,-0.076286,0.570088,-2.871848,121.982933,19.438641,-0.002718,0.842796,-0.122070,0.524200,0.385589,135.296417,17.412642,-0.050386,0.702887,0.209417,0.677905,-4.043584,116.411957,15.919312,0.227414,-0.271129,0.219184,-0.909247,-5.363990,120.123505,-1.046276,0.226266,0.466200,-0.459962,-0.721039,13.545746,107.084702,-10.873585,0.290422,0.503793,-0.295960,-0.757796,16.307051,124.063400,-1.859466,-0.161681,0.837978,0.128772,0.505045,-2.198866,116.223648,22.763296,0.324230,0.910484,0.165970,-0.195826,5.422422,118.677666,38.230812,-0.149030,0.360047,0.490278,-0.779605,23.236847,105.551193,26.633135,-0.016127,0.180471,0.473956,-0.861705,18.014643,123.060631,18.292709,0.049582,0.775709,0.126187,0.616356,-0.592693,87.605141,9.144938,0.185129,0.814826,-0.169421,0.522573,2.338170,51.701641,-0.430290,0.055228,0.925298,-0.085042,0.365434,-20.306257,10.361442,3.476950,-0.085905,0.846440,-0.071625,0.520606,4.771603,87.671791,26.044455,0.057878,0.876275,-0.071585,0.472935,7.412486,51.330566,33.897961,-0.028364,0.806439,0.038132,0.589404,-0.587609,4.834747,37.242455,0.055228,0.925298,-0.085042,0.365434,-12.385285,2.087934,-5.402704,-0.028364,0.806439,0.038132,0.589404,12.547785,0.360808,33.060791
649,5.408333,-0.008538,0.804488,0.010543,0.593815,2.223713,87.697990,17.672100,-0.060922,0.788869,0.086105,0.605442,2.032821,94.964859,17.721708,-0.038446,0.787456,0.071854,0.610959,-0.486652,107.258461,18.502272,0.018771,0.815449,-0.077588,0.573298,-2.711230,122.054863,19.494780,-0.003919,0.841280,-0.122047,0.526628,0.584523,135.358414,17.465534,-0.053001,0.697704,0.209660,0.682966,-3.856575,116.486778,15.962228,0.225784,-0.273235,0.214535,-0.910132,-4.927665,120.186523,-1.023495,0.221317,0.462422,-0.461276,-0.724161,14.025529,107.347778,-11.028863,0.281752,0.500024,-0.289151,-0.766148,16.875875,124.295807,-1.988073,-0.162158,0.835633,0.127111,0.509180,-2.080338,116.293549,22.824165,0.324320,0.911393,0.166595,-0.190852,5.389459,118.759178,38.363564,-0.151270,0.364951,0.489959,-0.777090,23.297068,105.578575,26.972624,-0.017718,0.185687,0.473696,-0.860708,18.203568,123.096069,18.555141,0.044696,0.771017,0.132313,0.621312,-0.388204,87.687210,9.200313,0.189650,0.810285,-0.173943,0.526511,3.171179,51.867420,-0.474928,0.065826,0.924235,-0.095211,0.363856,-20.028580,10.834372,3.412061,-0.084856,0.844538,-0.071579,0.523862,4.835629,87.708771,26.143890,0.057760,0.875312,-0.070786,0.474849,7.382632,51.353699,33.964252,-0.028715,0.806349,0.037501,0.589551,-0.579526,4.845834,37.230881,0.065826,0.924235,-0.095211,0.363856,-12.351801,2.248971,-5.385603,-0.028715,0.806349,0.037501,0.589551,12.556738,0.363582,33.060883
650,5.416667,-0.007542,0.801923,0.010735,0.597284,2.349231,87.751091,17.746500,-0.059440,0.785936,0.084758,0.609580,2.168078,95.018127,17.806164,-0.038850,0.784127,0.071605,0.615230,-0.304777,107.316330,18.569788,0.020107,0.812778,-0.078777,0.576872,-2.539629,122.112862,19.536888,-0.006067,0.839787,-0.121578,0.529094,0.815466,135.404221,17.525042,-0.055415,0.692426,0.210406,0.687899,-3.646651,116.544518,15.992535,0.224113,-0.275648,0.209039,-0.911095,-4.473045,120.249687,-1.005670,0.215915,0.458188,-0.462171,-0.727903,14.530266,107.646576,-11.213503,0.273372,0.495199,-0.283308,-0.774456,17.500660,124.558815,-2.133558,-0.162853,0.832853,0.125431,0.513908,-1.945115,116.351791,22.873392,0.323858,0.912381,0.168179,-0.185455,5.348320,118.831001,38.494194,-0.153153,0.369272,0.489304,-0.775090,23.372370,105.625244,27.318081,-0.019323,0.190545,0.474140,-0.859366,18.381372,123.134506,18.829679,0.039435,0.766558,0.138767,0.625762,-0.189700,87.757530,9.252547,0.194034,0.806095,-0.178211,0.529908,4.030142,52.035164,-0.516871,0.079313,0.922591,-0.103979,0.362937,-19.698582,11.303431,3.345905,-0.083775,0.842586,-0.071282,0.527209,4.888161,87.744644,26.240454,0.057496,0.874197,-0.070170,0.477022,7.348767,51.372822,34.010380,-0.028619,0.806182,0.037221,0.589802,-0.572194,4.853866,37.218658,0.079313,0.922591,-0.103979,0.362937,-12.290717,2.421166,-5.387355,-0.028619,0.806182,0.037221,0.589802,12.564394,0.363820,33.058071
651,5.425000,-0.006261,0.799323,0.010808,0.600772,2.452729,87.811180,17.811609,-0.058732,0.782509,0.085254,0.613972,2.285564,95.078453,17.882526,-0.038316,0.780452,0.070599,0.620035,-0.182326,107.362022,18.652054,0.019172,0.810071,-0.080148,0.580512,-2.392015,122.164085,19.592037,-0.006537,0.837987,-0.121722,0.531902,0.975607,135.448944,17.558327,0.058378,-0.686520,-0.210982,-0.693375,-3.470006,116.598381,16.034626,0.221544,-0.278487,0.202630,-0.912307,-4.021181,120.298149,-0.975907,0.209137,0.452171,-0.462928,-0.733144,15.035354,107.978500,-11.427649,0.263529,0.489665,-0.279396,-0.782764,18.190655,124.833191,-2.312207,-0.163624,0.830867,0.123901,0.517239,-1.852053,116.401672,22.935503,0.323004,0.913575,0.169049,-0.180200,5.312981,118.904961,38.611794,-0.155344,0.373813,0.488063,-0.773257,23.460655,105.682526,27.657640,-0.021639,0.195252,0.474388,-0.858117,18.555634,123.181007,19.089178,0.034039,0.761804,0.145451,0.630349,-0.012423,87.837570,9.295990,0.197890,0.802419,-0.182072,0.532741,4.889378,52.227283,-0.563832,0.094247,0.920623,-0.111727,0.362062,-19.306854,11.770055,3.283687,-0.082966,0.840373,-0.070536,0.530957,4.917880,87.784782,26.327229,0.057075,0.872570,-0.069782,0.480098,7.323583,51.395012,34.030052,-0.027337,0.806013,0.037213,0.590094,-0.556596,4.866353,37.197830,0.094247,0.920623,-0.111727,0.362062,-12.188067,2.610703,-5.403671,-0.027337,0.806013,0.037213,0.590094,12.572990,0.355227,33.037941
652,5.433333,-0.005920,0.797022,0.011559,0.603811,2.592161,87.866951,17.856861,-0.057596,0.779772,0.083214,0.617830,2.422083,95.134041,17.938835,-0.038698,0.777281,0.070875,0.623950,0.004303,107.427238,18.674358,0.019668,0.807620,-0.080136,0.583902,-2.224097,122.227249,19.602417,-0.007623,0.836363,-0.121902,0.534396,1.165046,135.511108,17.598110,0.060941,-0.681012,-0.212313,-0.698163,-3.262670,116.663383,16.030418,0.218764,-0.280742,0.196724,-0.913579,-3.571095,120.381126,-0.982322,0.202280,0.444875,-0.463305,-0.739268,15.540298,108.332253,-11.647372,0.253547,0.482452,-0.277152,-0.791291,18.935596,125.126793,-2.515339,-0.164483,0.827664,0.123145,0.522258,-1.714213,116.462814,22.947109,0.321762,0.914959,0.169634,-0.174766,5.259241,118.964699,38.709770,-0.157925,0.378640,0.486622,-0.771291,23.543314,105.735909,27.992674,-0.023338,0.200424,0.473799,-0.857205,18.727839,123.220528,19.345627,0.029084,0.756487,0.152065,0.635419,0.191842,87.907043,9.322793,0.201211,0.798491,-0.186127,0.535988,5.754785,52.420109,-0.630488,0.112349,0.917777,-0.116609,0.362582,-18.880257,12.229487,3.226493,-0.081336,0.837766,-0.070233,0.535351,4.992479,87.826859,26.390928,0.056770,0.870759,-0.069924,0.483390,7.269218,51.413940,34.023262,-0.027064,0.805835,0.036734,0.590380,-0.604250,4.883867,37.186970,0.112349,0.917777,-0.116609,0.362582,-12.054024,2.839503,-5.449432,-0.027064,0.805835,0.036734,0.590380,12.523556,0.357645,33.037872
653,5.441667,-0.005182,0.794411,0.012121,0.607237,2.706742,87.914749,17.885323,-0.055453,0.776883,0.080556,0.622004,2.539873,95.181770,17.979570,-0.039088,0.773873,0.071412,0.628087,0.201633,107.487778,18.684418,0.021354,0.804850,-0.079843,0.587696,-2.050753,122.284576,19.605537,-0.009562,0.834583,-0.122114,0.537093,1.382430,135.565674,17.658686,0.063855,-0.675645,-0.214003,-0.702588,-3.045724,116.723869,16.016262,0.215325,-0.282992,0.190105,-0.915102,-3.125591,120.458496,-0.995395,0.194495,0.436382,-0.463138,-0.746489,16.050362,108.721329,-11.889712,0.243450,0.473084,-0.276246,-0.800382,19.740673,125.434937,-2.741852,-0.165074,0.824664,0.121981,0.527068,-1.571149,116.516785,22.948889,0.320826,0.916100,0.170655,-0.169438,5.219737,119.019188,38.790985,-0.160716,0.382682,0.485380,-0.769500,23.625488,105.778412,28.299358,-0.025804,0.205252,0.474323,-0.855701,18.883615,123.263885,19.598278,0.024651,0.750649,0.158446,0.640947,0.379846,87.972267,9.331043,0.203647,0.795410,-0.189793,0.538358,6.571084,52.615284,-0.713302,0.129567,0.915119,-0.118526,0.362935,-18.417046,12.648326,3.196155,-0.080420,0.835144,-0.069509,0.539663,5.033638,87.857239,26.439602,0.056019,0.868962,-0.069904,0.486703,7.244052,51.425751,34.002472,-0.027529,0.805668,0.036033,0.590630,-0.579056,4.887408,37.169468,0.129567,0.915119,-0.118526,0.362935,-11.854477,3.105881,-5.516792,-0.027529,0.805668,0.036033,0.590630,12.551132,0.353198,33.036663
654,5.450000,-0.004851,0.791560,0.013576,0.610921,2.847728,87.958267,17.893223,-0.055452,0.773446,0.080798,0.626242,2.671314,95.224785,18.006380,-0.038906,0.770283,0.071097,0.632532,0.327824,107.517670,18.702389,0.021613,0.802009,-0.080792,0.591428,-1.919689,122.316254,19.606785,-0.010227,0.832607,-0.122154,0.540129,1.545710,135.590118,17.667803,0.066461,-0.669270,-0.215305,-0.708028,-2.879440,116.758713,16.003036,0.211702,-0.285068,0.182819,-0.916786,-2.680139,120.519447,-1.001890,0.186571,0.426106,-0.462718,-0.754664,16.572662,109.129333,-12.126602,0.233163,0.463048,-0.275773,-0.809426,20.620527,125.762497,-2.999341,-0.165977,0.822359,0.121347,0.530521,-1.484120,116.545959,22.951878,0.318855,0.917658,0.171391,-0.163890,5.169113,119.058014,38.850754,-0.164233,0.387431,0.483266,-0.767710,23.730263,105.841316,28.605425,-0.028532,0.210577,0.472730,-0.855202,19.052401,123.314575,19.838758,0.021303,0.744660,0.164208,0.646578,0.600347,88.037239,9.317879,0.205261,0.792078,-0.193663,0.541271,7.332705,52.807381,-0.824545,0.147263,0.911903,-0.117579,0.364586,-17.962629,13.043231,3.176276,-0.079543,0.832311,-0.069036,0.544211,5.095109,87.879288,26.468567,0.055377,0.867081,-0.069980,0.490109,7.229708,51.432442,33.979042,-0.027433,0.805430,0.035924,0.590965,-0.556834,4.888341,37.151539,0.147263,0.911903,-0.117579,0.364586,-11.622610,3.410502,-5.601861,-0.027433,0.805430,0.035924,0.590965,12.575407,0.350142,33.029644
655,5.458333,-0.004655,0.789254,0.014110,0.613888,2.971221,87.978790,17.895260,-0.054906,0.770429,0.079410,0.630174,2.791874,95.245125,18.015625,-0.038748,0.766887,0.071587,0.636599,0.474952,107.556442,18.682508,0.022031,0.799328,-0.080890,0.595018,-1.783007,122.353294,19.589205,-0.010596,0.830605,-0.122563,0.543103,1.703983,135.625565,17.678144,0.069203,-0.662955,-0.217269,-0.713089,-2.704461,116.802040,15.965836,0.207903,-0.287109,0.175548,-0.918438,-2.241706,120.600800,-1.025507,0.178586,0.415160,-0.461184,-0.763582,17.082939,109.562149,-12.377632,0.223334,0.451285,-0.275849,-0.818762,21.539454,126.088760,-3.280587,-0.166721,0.819463,0.121168,0.534793,-1.382169,116.577164,22.928562,0.316547,0.919164,0.173171,-0.157950,5.103941,119.078995,38.897957,-0.166764,0.391447,0.481121,-0.766474,23.833897,105.907524,28.904688,-0.030580,0.215397,0.472537,-0.854036,19.199202,123.354866,20.069393,0.018534,0.739326,0.169876,0.651304,0.788226,88.067230,9.303392,0.205757,0.788928,-0.197078,0.544441,8.014764,52.970325,-0.959183,0.157582,0.909370,-0.115304,0.367312,-17.490356,13.351673,3.151717,-0.078766,0.829438,-0.068707,0.548733,5.154215,87.890350,26.487129,0.054774,0.865345,-0.070019,0.493229,7.213919,51.430954,33.957500,-0.027282,0.805186,0.036162,0.591290,-0.536627,4.881084,37.133503,0.157582,0.909370,-0.115304,0.367312,-11.229590,3.700538,-5.663011,-0.027282,0.805186,0.036162,0.591290,12.598987,0.345722,33.019234
656,5.466667,-0.004597,0.786527,0.015052,0.617356,3.102293,88.000908,17.873331,-0.053773,0.766689,0.078936,0.634874,2.914626,95.266846,18.004192,-0.038989,0.762627,0.071796,0.641658,0.623765,107.578209,18.665810,0.022690,0.796195,-0.081060,0.599156,-1.649647,122.373596,19.557617,-0.011271,0.828653,-0.122961,0.545974,1.866715,135.643005,17.680790,0.071669,-0.656987,-0.219377,-0.717709,-2.521806,116.825806,15.916775,0.203572,-0.288284,0.167975,-0.920454,-1.816682,120.670189,-1.055962,0.170818,0.402286,-0.459210,-0.773378,17.604149,110.012329,-12.606102,0.214247,0.437970,-0.275759,-0.828394,22.534883,126.430450,-3.593249,-0.167523,0.816930,0.121103,0.538420,-1.291490,116.594170,22.896118,0.314540,0.920633,0.173948,-0.152452,5.049681,119.090019,38.924553,-0.170385,0.396138,0.479087,-0.764538,23.928188,105.945946,29.177767,-0.032669,0.220910,0.469960,-0.853972,19.362391,123.386848,20.282621,0.016780,0.734221,0.174461,0.655897,0.994993,88.101563,9.262720,0.205318,0.786523,-0.199035,0.547367,8.606914,53.117733,-1.106798,0.156100,0.907017,-0.114538,0.373944,-16.974619,13.555347,3.070591,-0.078229,0.826623,-0.068554,0.553060,5.209593,87.900253,26.483940,0.054258,0.863673,-0.070089,0.496198,7.203856,51.433022,33.933800,-0.027259,0.804926,0.036131,0.591647,-0.518778,4.878750,37.113243,0.156100,0.907017,-0.114538,0.373944,-10.554896,3.909478,-5.634886,-0.027259,0.804926,0.036131,0.591647,12.620072,0.342333,33.010502
657,5.475000,-0.004344,0.783432,0.015726,0.621264,3.224165,88.017952,17.839123,-0.052386,0.763040,0.077226,0.639579,3.032637,95.283623,17.979010,-0.039688,0.758484,0.072342,0.646447,0.793144,107.595528,18.616064,0.023104,0.793211,-0.079710,0.603265,-1.512201,122.386909,19.492224,-0.011431,0.826671,-0.123890,0.548759,2.003320,135.665207,17.677637,0.073414,-0.651170,-0.221812,-0.722071,-2.330322,116.841248,15.835646,0.199523,-0.289091,0.160426,-0.922432,-1.397588,120.755157,-1.110196,0.163710,0.388208,-0.455754,-0.784081,18.123833,110.478928,-12.835273,0.206071,0.422993,-0.275757,-0.838195,23.602505,126.765755,-3.943957,-0.167986,0.814034,0.120737,0.542726,-1.188275,116.604950,22.829819,0.312094,0.922188,0.174761,-0.147057,4.985289,119.085785,38.925869,-0.174007,0.400514,0.476777,-0.762886,24.021132,105.989075,29.424440,-0.035474,0.225771,0.469012,-0.853110,19.506231,123.417259,20.474104,0.015990,0.729634,0.178056,0.660057,1.202653,88.130836,9.208121,0.203555,0.783237,-0.199753,0.552452,9.094284,53.239548,-1.263589,0.151371,0.903166,-0.113851,0.385249,-16.426088,13.636076,2.898601,-0.077984,0.824020,-0.068342,0.556991,5.245678,87.905067,26.470125,0.053832,0.862311,-0.070202,0.498591,7.198404,51.432812,33.906395,-0.027213,0.804704,0.035995,0.591958,-0.503755,4.875702,37.093853,0.151371,0.903166,-0.113851,0.385249,-9.711649,4.001396,-5.594351,-0.027213,0.804704,0.035995,0.591958,12.637130,0.335531,33.001785
658,5.483333,-0.004539,0.780553,0.016797,0.624848,3.374476,88.039688,17.793816,-0.052413,0.759179,0.075729,0.644334,3.170369,95.304825,17.943205,-0.039590,0.754198,0.073075,0.651366,0.951397,107.616890,18.537374,0.023225,0.790077,-0.078578,0.607507,-1.371630,122.405304,19.416878,-0.011513,0.824419,-0.124670,0.551959,2.140162,135.691803,17.656023,0.075159,-0.645650,-0.223853,-0.726207,-2.139951,116.867554,15.737579,0.196027,-0.289664,0.152144,-0.924403,-0.989541,120.839897,-1.181261,0.157647,0.373190,-0.450487,-0.795574,18.644670,110.975304,-13.070404,0.198447,0.407626,-0.273620,-0.848288,24.743921,127.102615,-4.339173,-0.168684,0.810800,0.120983,0.547277,-1.088325,116.615974,22.745384,0.309171,0.923816,0.176159,-0.141228,4.904279,119.073761,38.913197,-0.177150,0.405158,0.474259,-0.761278,24.114819,106.045555,29.672777,-0.037038,0.231159,0.466329,-0.853072,19.654461,123.448120,20.649248,0.016116,0.725482,0.180524,0.663948,1.432189,88.162964,9.144783,0.200451,0.779903,-0.198969,0.558554,9.495761,53.337967,-1.416205,0.144908,0.898291,-0.112617,0.399239,-15.805285,13.586301,2.671595,-0.077389,0.821552,-0.068601,0.560675,5.316763,87.916405,26.442846,0.053339,0.861271,-0.070347,0.500418,7.189087,51.439892,33.878918,-0.026823,0.804686,0.035901,0.592007,-0.486579,4.879704,37.085323,0.144908,0.898291,-0.112617,0.399239,-8.719518,3.982864,-5.550746,-0.026823,0.804686,0.035901,0.592007,12.651244,0.331066,32.992836
659,5.491667,-0.004508,0.777675,0.017653,0.628402,3.515633,88.066711,17.734900,-0.051761,0.755298,0.074049,0.649124,3.303386,95.331421,17.893311,-0.040226,0.749750,0.074019,0.656337,1.120693,107.647934,18.452475,0.023576,0.786775,-0.077709,0.611874,-1.240827,122.430656,19.325043,-0.011497,0.822085,-0.125316,0.555284,2.276298,135.722672,17.617214,0.076728,-0.640381,-0.225940,-0.730053,-1.949998,116.897606,15.626833,0.192389,-0.289426,0.143976,-0.926547,-0.596220,120.931839,-1.262291,0.152511,0.356067,-0.443638,-0.808172,19.165737,111.484001,-13.277605,0.191256,0.391875,-0.270552,-0.858287,25.975986,127.422180,-4.780139,-0.169621,0.807707,0.121643,0.551399,-0.991282,116.636360,22.647600,0.307462,0.924977,0.176948,-0.136287,4.832526,119.072296,38.880276,-0.180862,0.409280,0.473006,-0.758976,24.164223,106.067001,29.862949,-0.038551,0.236607,0.466578,-0.851373,19.788216,123.489441,20.806759,0.016498,0.722645,0.182002,0.666624,1.652316,88.201241,9.068678,0.195805,0.775078,-0.197333,0.567427,9.808208,53.417099,-1.555897,0.136042,0.892464,-0.111193,0.415496,-15.139898,13.429934,2.402278,-0.076911,0.819474,-0.069094,0.563714,5.378951,87.932175,26.401121,0.053037,0.860568,-0.070296,0.501666,7.173866,51.455231,33.854099,-0.026617,0.804276,0.035552,0.592594,-0.479521,4.891315,37.059647,0.136042,0.892464,-0.111193,0.415496,-7.611770,3.880689,-5.483164,-0.026617,0.804276,0.035552,0.592594,12.660675,0.331569,32.987183
660,5.500000,-0.004619,0.774743,0.018844,0.631979,3.676773,88.108704,17.662436,-0.051460,0.751582,0.071771,0.653702,3.451599,95.372765,17.832256,-0.040524,0.745569,0.075640,0.660881,1.309092,107.693192,18.340437,0.023475,0.783695,-0.076734,0.615940,-1.096279,122.467926,19.228569,-0.011264,0.819731,-0.125911,0.558624,2.413593,135.767639,17.566425,0.078471,-0.635535,-0.228097,-0.733423,-1.747742,116.944572,15.505336,0.189369,-0.288766,0.135206,-0.928695,-0.212704,121.034790,-1.354800,0.148196,0.337908,-0.434647,-0.821547,19.690678,112.028435,-13.475259,0.184816,0.374485,-0.266331,-0.868718,27.282387,127.726730,-5.255306,-0.170320,0.804033,0.121809,0.556493,-0.874243,116.664124,22.536476,0.305324,0.926064,0.179121,-0.130760,4.744681,119.073143,38.845207,-0.183601,0.414109,0.471216,-0.756809,24.215616,106.115425,30.061993,-0.040108,0.242816,0.463711,-0.851119,19.931433,123.523674,20.932928,0.017294,0.720559,0.182356,0.668761,1.893400,88.256409,8.979624,0.189665,0.768341,-0.194676,0.579466,10.055735,53.483887,-1.677975,0.122346,0.887074,-0.108866,0.431600,-14.400390,13.174311,2.074927,-0.076402,0.817202,-0.069447,0.567028,5.460146,87.960991,26.345247,0.052778,0.859030,-0.070375,0.504312,7.179046,51.481880,33.805523,-0.026351,0.803502,0.034907,0.593694,-0.466945,4.916424,37.006371,0.122346,0.887074,-0.108866,0.431600,-6.364401,3.748168,-5.449150,-0.026351,0.803502,0.034907,0.593694,12.678591,0.338063,32.972195
661,5.508333,-0.004166,0.771962,0.019706,0.635350,3.816193,88.153969,17.582582,-0.051828,0.747577,0.070495,0.658387,3.587405,95.417610,17.765265,-0.040723,0.741089,0.076959,0.665737,1.453519,107.754646,18.230768,0.024481,0.780324,-0.076518,0.620193,-0.988177,122.522858,19.128195,-0.011449,0.817387,-0.126612,0.561887,2.550530,135.821106,17.516180,0.079892,-0.630675,-0.229369,-0.737059,-1.581561,117.008827,15.381497,0.186154,-0.287366,0.126198,-0.931043,0.147541,121.142647,-1.449189,0.144223,0.317159,-0.423752,-0.836089,20.208868,112.598869,-13.643910,0.178465,0.355694,-0.262177,-0.879144,28.673357,128.001053,-5.787166,-0.170786,0.800963,0.121951,0.560731,-0.799648,116.710236,22.422663,0.303962,0.926862,0.180874,-0.125773,4.648835,119.093262,38.792927,-0.186375,0.418254,0.470065,-0.754564,24.225161,106.152847,30.221027,-0.041758,0.248201,0.462349,-0.850227,20.037086,123.557159,21.049473,0.019001,0.717927,0.181529,0.671764,2.108498,88.318932,8.884879,0.182158,0.762095,-0.189744,0.591631,10.182291,53.528595,-1.782030,0.106084,0.882083,-0.104706,0.446891,-13.568629,12.775644,1.702160,-0.076055,0.815096,-0.069795,0.570055,5.523887,87.989006,26.280285,0.052381,0.858316,-0.070704,0.505520,7.179218,51.509563,33.753342,-0.026836,0.803311,0.033884,0.593989,-0.454745,4.944551,36.989101,0.106084,0.882083,-0.104706,0.446891,-4.997781,3.552024,-5.474638,-0.026836,0.803311,0.033884,0.593989,12.691916,0.351508,32.975342
662,5.516667,-0.003705,0.769135,0.020711,0.638740,3.970603,88.212440,17.490185,-0.051241,0.743593,0.069576,0.663026,3.736829,95.475548,17.687376,-0.041202,0.736543,0.078465,0.670559,1.629301,107.798767,18.131788,0.023780,0.777078,-0.076269,0.624313,-0.858840,122.558784,19.036440,-0.011066,0.814985,-0.127247,0.565230,2.671545,135.861771,17.445379,0.081592,-0.626237,-0.230883,-0.740177,-1.389888,117.053535,15.267554,0.181979,-0.285874,0.116123,-0.933635,0.509252,121.226570,-1.535104,0.139078,0.294837,-0.410512,-0.851591,20.735285,113.209938,-13.815403,0.170543,0.335682,-0.258517,-0.889607,30.138456,128.228470,-6.356369,-0.171482,0.797265,0.121187,0.565930,-0.699925,116.737732,22.317574,0.303169,0.927287,0.182934,-0.121505,4.536220,119.111076,38.758385,-0.188474,0.422720,0.469701,-0.751776,24.189335,106.174896,30.357525,-0.044171,0.253038,0.462906,-0.848374,20.139446,123.581001,21.136662,0.020780,0.715889,0.180021,0.674287,2.339425,88.396469,8.778189,0.174277,0.756031,-0.183565,0.603614,10.279470,53.570759,-1.873682,0.090629,0.876890,-0.099197,0.461530,-12.665529,12.333852,1.303247,-0.075433,0.813051,-0.070165,0.573005,5.601780,88.028419,26.202179,0.051939,0.856865,-0.070992,0.507981,7.176667,51.545818,33.677193,-0.027357,0.802532,0.032522,0.595093,-0.444578,4.980302,36.935684,0.090629,0.876890,-0.099197,0.461530,-3.584517,3.353585,-5.547376,-0.027357,0.802532,0.032522,0.595093,12.709541,0.365809,32.971256
663,5.525000,-0.003080,0.766792,0.021188,0.641539,4.114237,88.263657,17.391312,-0.050637,0.739886,0.068737,0.667293,3.882267,95.526527,17.598795,-0.042324,0.732163,0.079492,0.675150,1.793986,107.873535,18.026510,0.023473,0.773821,-0.076011,0.628388,-0.744977,122.625877,18.915030,-0.010366,0.812558,-0.127933,0.568573,2.784900,135.932266,17.351589,0.083199,-0.621849,-0.232062,-0.743323,-1.213279,117.123344,15.133868,0.178297,-0.283433,0.105745,-0.936319,0.857657,121.329895,-1.640113,0.133472,0.270276,-0.394507,-0.868044,21.268181,113.857590,-13.958378,0.161435,0.312679,-0.258369,-0.899675,31.685335,128.390915,-6.972107,-0.172129,0.794124,0.122082,0.569943,-0.612243,116.801689,22.191759,0.302722,0.927623,0.184733,-0.117249,4.457363,119.139481,38.689762,-0.190613,0.426907,0.469099,-0.749242,24.174753,106.190514,30.460966,-0.046181,0.258161,0.461009,-0.847757,20.245771,123.596664,21.194082,0.022242,0.713918,0.178183,0.676814,2.546525,88.462791,8.668006,0.166148,0.750658,-0.175631,0.614866,10.352981,53.592701,-1.937302,0.074371,0.872068,-0.093030,0.474671,-11.660209,11.824468,0.870243,-0.074933,0.811107,-0.070583,0.575768,5.681950,88.064522,26.114618,0.051512,0.855836,-0.071442,0.509693,7.183237,51.580692,33.598785,-0.025033,0.802082,0.032311,0.595814,-0.431586,5.017060,36.898907,0.074371,0.872068,-0.093030,0.474671,-2.091359,3.128963,-5.676991,-0.025033,0.802082,0.032311,0.595814,12.710127,0.359825,32.943325
664,5.533333,-0.002234,0.764428,0.021876,0.644333,4.253319,88.331703,17.272572,-0.050160,0.736520,0.067702,0.671147,4.023550,95.594215,17.494770,-0.042664,0.728301,0.081405,0.679066,1.962641,107.924927,17.900024,0.022813,0.770958,-0.075258,0.632013,-0.627145,122.667160,18.809240,-0.009841,0.810166,-0.129051,0.571734,2.885156,135.981522,17.274408,0.084909,-0.617369,-0.233414,-0.746434,-1.039015,117.175880,15.005229,0.174001,-0.280411,0.094340,-0.939251,1.203357,121.418907,-1.737490,0.126297,0.243146,-0.375479,-0.885407,21.813038,114.553467,-14.077301,0.149782,0.286871,-0.260838,-0.909524,33.311920,128.477936,-7.640954,-0.172772,0.790238,0.121310,0.575290,-0.513606,116.832581,22.068136,0.302178,0.927810,0.186940,-0.113627,4.334989,119.157494,38.634254,-0.192337,0.430495,0.468857,-0.746896,24.110622,106.210037,30.543989,-0.049461,0.262267,0.463432,-0.844986,20.297375,123.616722,21.243118,0.023483,0.712361,0.175244,0.679176,2.749242,88.551346,8.538558,0.158105,0.747472,-0.165394,0.623645,10.374940,53.608036,-1.956707,0.058206,0.867697,-0.085842,0.486152,-10.561399,11.262867,0.410604,-0.074517,0.809270,-0.071090,0.578338,5.757396,88.112068,26.006582,0.050980,0.854546,-0.071977,0.511831,7.187984,51.628952,33.508064,-0.024488,0.801553,0.030944,0.596620,-0.417872,5.067420,36.858082,0.058206,0.867697,-0.085842,0.486152,-0.538290,2.890811,-5.873260,-0.024488,0.801553,0.030944,0.596620,12.719711,0.371156,32.935070
665,5.541667,-0.001256,0.762273,0.022061,0.646879,4.385475,88.389442,17.149313,-0.049145,0.733106,0.067239,0.674996,4.164071,95.651886,17.381989,-0.044092,0.724189,0.082714,0.683201,2.126596,107.991234,17.785416,0.023108,0.767802,-0.075335,0.635823,-0.525869,122.723305,18.678465,-0.009613,0.807850,-0.129609,0.574880,3.003119,136.036652,17.173260,0.086888,-0.612751,-0.234873,-0.749548,-0.873655,117.234459,14.864570,0.171560,-0.276419,0.081818,-0.942054,1.542814,121.512329,-1.845032,0.120343,0.214122,-0.353632,-0.902560,22.373804,115.291550,-14.155028,0.137291,0.260172,-0.261842,-0.919185,34.976559,128.501007,-8.383872,-0.173086,0.786693,0.121284,0.580039,-0.429888,116.885880,21.932817,0.301897,0.927984,0.188500,-0.110330,4.223776,119.178513,38.559227,-0.194202,0.434093,0.468715,-0.744416,24.044800,106.219292,30.599960,-0.051717,0.266403,0.463854,-0.843323,20.351475,123.634300,21.268917,0.023773,0.712086,0.171946,0.680296,2.939607,88.625488,8.405904,0.150668,0.744936,-0.153953,0.631401,10.397810,53.597855,-1.927357,0.044148,0.863130,-0.078314,0.496916,-9.414528,10.689837,-0.077722,-0.074188,0.807399,-0.071412,0.580951,5.831343,88.153397,25.892723,0.050443,0.853180,-0.072694,0.514057,7.203934,51.670063,33.403961,-0.023729,0.801049,0.029927,0.597379,-0.402028,5.113199,36.817986,0.044148,0.863130,-0.078314,0.496916,1.012909,2.639342,-6.119163,-0.023729,0.801049,0.029927,0.597379,12.731117,0.382156,32.922001
666,5.550000,-0.000568,0.759900,0.022822,0.649639,4.532243,88.451996,17.003887,-0.048737,0.729484,0.067934,0.678869,4.310410,95.713959,17.250673,-0.045361,0.719997,0.083773,0.687407,2.264974,108.061340,17.663183,0.023522,0.764613,-0.075042,0.639674,-0.441611,122.784721,18.536959,-0.009074,0.805514,-0.130643,0.577925,3.100042,136.099136,17.071503,0.089425,-0.606837,-0.236605,-0.753505,-0.727584,117.298218,14.714545,0.165936,-0.271848,0.070131,-0.945328,1.911662,121.618210,-1.950459,0.114500,0.183328,-0.329950,-0.918920,22.956585,116.051628,-14.209688,0.126611,0.233879,-0.258108,-0.928790,36.652611,128.470581,-9.203391,-0.173495,0.783252,0.121765,0.584456,-0.367176,116.944740,21.787289,0.300989,0.928388,0.189938,-0.106891,4.102381,119.199326,38.469322,-0.195724,0.437585,0.467919,-0.742471,23.988070,106.251404,30.654282,-0.054276,0.270181,0.464691,-0.841498,20.389791,123.647186,21.282303,0.024079,0.712139,0.167745,0.681278,3.149819,88.707230,8.250761,0.143154,0.743762,-0.141306,0.637462,10.390921,53.574306,-1.877451,0.029051,0.859306,-0.071143,0.505655,-8.201676,10.104212,-0.568053,-0.073929,0.805672,-0.071884,0.583318,5.914666,88.196762,25.757011,0.049937,0.851991,-0.073697,0.515933,7.229053,51.715614,33.289261,-0.023000,0.800725,0.028670,0.597903,-0.392315,5.167836,36.791691,0.029051,0.859306,-0.071143,0.505655,2.597309,2.393234,-6.395890,-0.023000,0.800725,0.028670,0.597903,12.732898,0.397269,32.917236
667,5.558333,-0.000050,0.757791,0.023360,0.652079,4.680038,88.503754,16.849005,-0.048525,0.726202,0.067851,0.682402,4.458019,95.765366,17.105904,-0.046583,0.716144,0.085475,0.691131,2.416686,108.108498,17.510448,0.023936,0.761732,-0.074358,0.643166,-0.355542,122.819878,18.380707,-0.008494,0.803363,-0.131535,0.580720,3.190876,136.137939,16.960611,0.091206,-0.601662,-0.238214,-0.756927,-0.579534,117.339119,14.545941,0.160876,-0.265618,0.057585,-0.948815,2.250952,121.708527,-2.074738,0.111792,0.151161,-0.303737,-0.934022,23.543253,116.843307,-14.204541,0.119582,0.208543,-0.247401,-0.938618,38.322578,128.385651,-10.086937,-0.174181,0.779452,0.122188,0.589225,-0.293514,116.974449,21.621517,0.300051,0.928254,0.194298,-0.102772,3.972758,119.195793,38.361134,-0.196811,0.440054,0.467779,-0.740811,23.929779,106.276688,30.681393,-0.056658,0.273697,0.464379,-0.840376,20.415825,123.663071,21.291262,0.024562,0.712335,0.163161,0.682169,3.353904,88.773170,8.087599,0.135470,0.742229,-0.128465,0.643615,10.347010,53.528915,-1.825824,0.014466,0.855645,-0.062715,0.513546,-6.985790,9.528616,-1.053959,-0.073743,0.804242,-0.072515,0.585234,6.006173,88.234344,25.610411,0.049585,0.850933,-0.074590,0.517581,7.263726,51.757931,33.175240,-0.022481,0.800172,0.027341,0.598726,-0.379511,5.219352,36.751572,0.014466,0.855645,-0.062715,0.513546,4.162832,2.189167,-6.700349,-0.022481,0.800172,0.027341,0.598726,12.741762,0.411186,32.910381
668,5.566667,0.000007,0.755441,0.023820,0.654783,4.833578,88.548676,16.683064,-0.049269,0.722715,0.068061,0.686020,4.606886,95.809975,16.944759,-0.047489,0.712244,0.086904,0.694911,2.548126,108.141312,17.329744,0.024532,0.758710,-0.073383,0.646817,-0.277453,122.842751,18.196377,-0.007746,0.801006,-0.132324,0.583797,3.272396,136.165726,16.831987,0.093330,-0.595488,-0.240584,-0.760791,-0.443493,117.368378,14.349564,0.157470,-0.258775,0.044719,-0.951966,2.604961,121.808220,-2.213801,0.113100,0.118873,-0.276077,-0.947027,24.142345,117.644974,-14.170928,0.117567,0.185483,-0.229169,-0.948291,39.931839,128.240509,-11.035291,-0.174918,0.775699,0.123358,0.593698,-0.232981,116.991631,21.427155,0.298207,0.928804,0.196490,-0.098927,3.840021,119.166862,38.220882,-0.199078,0.442840,0.466612,-0.739279,23.890898,106.298576,30.701975,-0.059072,0.276538,0.463235,-0.839911,20.432220,123.682472,21.290243,0.025040,0.712243,0.158592,0.683324,3.570114,88.825317,7.912625,0.127959,0.743271,-0.115315,0.646434,10.319280,53.473248,-1.783553,0.001044,0.852189,-0.053608,0.520480,-5.728907,8.982536,-1.500432,-0.073694,0.802805,-0.073148,0.587131,6.097042,88.272034,25.453503,0.049277,0.849572,-0.075525,0.519707,7.305779,51.801956,33.056728,-0.021724,0.799522,0.026053,0.599678,-0.367288,5.273774,36.703754,0.001044,0.852189,-0.053608,0.520480,5.734313,2.023767,-6.996898,-0.021724,0.799522,0.026053,0.599678,12.749449,0.425073,32.898182
669,5.575000,0.000550,0.752739,0.024552,0.657861,4.970834,88.580757,16.484486,-0.049915,0.718846,0.068185,0.690014,4.742027,95.841530,16.758448,-0.048141,0.707960,0.088623,0.699014,2.669624,108.158134,17.122620,0.025504,0.755521,-0.072169,0.650637,-0.210445,122.848656,17.995073,-0.007083,0.798690,-0.133035,0.586810,3.346216,136.176651,16.699211,0.095238,-0.588607,-0.242742,-0.765211,-0.314716,117.384193,14.132031,0.154410,-0.251735,0.031646,-0.954875,2.981209,121.901855,-2.362753,0.115737,0.086087,-0.247052,-0.958206,24.748039,118.449738,-14.129332,0.117879,0.162022,-0.207623,-0.957469,41.492821,128.021591,-12.038051,-0.175581,0.772099,0.124611,0.597919,-0.186202,116.988991,21.210581,0.295891,0.929658,0.197787,-0.095208,3.703519,119.115913,38.053875,-0.202259,0.445749,0.464990,-0.737688,23.859224,106.312157,30.707056,-0.061854,0.279022,0.461682,-0.839745,20.443142,123.700974,21.282482,0.025242,0.712067,0.153610,0.684637,3.778996,88.874481,7.704582,0.120489,0.744064,-0.102674,0.649083,10.279037,53.407204,-1.737779,-0.011640,0.848249,-0.046065,0.527462,-4.505744,8.480271,-1.909166,-0.074274,0.801231,-0.073864,0.589115,6.162673,88.287033,25.264389,0.048971,0.848227,-0.076549,0.521779,7.355178,51.831211,32.938190,-0.021064,0.798969,0.025105,0.600479,-0.352434,5.314925,36.663277,-0.011640,0.848249,-0.046065,0.527462,7.241791,1.867911,-7.230171,-0.021064,0.798969,0.025105,0.600479,12.760941,0.434718,32.886501
670,5.583333,0.001119,0.750080,0.025213,0.660865,5.104638,88.613388,16.271208,-0.051135,0.714890,0.068498,0.693993,4.874580,95.873672,16.556921,-0.048565,0.703636,0.090396,0.703112,2.775896,108.169769,16.893372,0.026833,0.752317,-0.070846,0.654431,-0.155156,122.849533,17.776909,-0.006323,0.796407,-0.133751,0.589751,3.412968,136.181747,16.558193,0.097484,-0.581262,-0.244598,-0.769937,-0.198806,117.396797,13.896185,0.152490,-0.243865,0.018388,-0.957569,3.364923,121.983063,-2.523810,0.119415,0.052516,-0.217292,-0.967350,25.359791,119.245163,-14.051783,0.119006,0.138561,-0.183682,-0.965867,42.961590,127.711884,-13.079636,-0.176228,0.768218,0.126296,0.602357,-0.152359,116.980042,20.974512,0.292981,0.930739,0.198941,-0.091155,3.543875,119.045898,37.868900,-0.205676,0.449009,0.462874,-0.736094,23.822958,106.326698,30.717325,-0.064940,0.281959,0.460708,-0.839065,20.445326,123.710648,21.271612,0.024945,0.711619,0.149134,0.686101,3.983075,88.923714,7.482621,0.113598,0.746291,-0.090842,0.649533,10.287519,53.354305,-1.704750,-0.018937,0.843982,-0.038423,0.534658,-3.313506,8.058178,-2.271468,-0.074964,0.799796,-0.074555,0.590888,6.226201,88.303070,25.059795,0.048613,0.846660,-0.077811,0.524165,7.411650,51.862560,32.807072,-0.020428,0.798502,0.023961,0.601168,-0.339875,5.361393,36.628555,-0.018937,0.843982,-0.038423,0.534658,8.654449,1.723693,-7.437057,-0.020428,0.798502,0.023961,0.601168,12.768036,0.445836,32.878761
671,5.591667,0.001565,0.747002,0.025696,0.664324,5.225483,88.620201,16.039619,-0.051264,0.710542,0.069017,0.698383,4.994284,95.880104,16.333813,0.049113,-0.698809,-0.091691,-0.707705,2.883742,108.165764,16.663967,0.027234,0.749074,-0.069109,0.658309,-0.091694,122.836853,17.543226,-0.004969,0.794339,-0.134215,0.592441,3.461251,136.179276,16.393898,0.100730,-0.572737,-0.247319,-0.775022,-0.071786,117.393303,13.649434,0.151022,-0.236728,0.005040,-0.959754,3.788004,122.060547,-2.680571,0.123291,0.020367,-0.186331,-0.974508,25.969887,120.032516,-13.994967,0.121086,0.113491,-0.161049,-0.972893,44.318787,127.298866,-14.118220,-0.177065,0.764727,0.128394,0.606099,-0.117993,116.959778,20.726755,0.290096,0.931558,0.201331,-0.086661,3.410394,118.965744,37.664192,-0.209414,0.451707,0.460878,-0.734642,23.813448,106.334518,30.712091,-0.067561,0.285856,0.458362,-0.838824,20.459387,123.722290,21.265858,0.024498,0.710340,0.144826,0.688362,4.185197,88.943596,7.241513,0.107037,0.747441,-0.080225,0.650722,10.319760,53.278126,-1.684742,-0.024307,0.839257,-0.030962,0.542309,-2.186450,7.673264,-2.601106,-0.076175,0.797917,-0.075248,0.593182,6.265769,88.296799,24.837725,0.048285,0.845252,-0.079036,0.526281,7.469367,51.877678,32.682178,-0.019172,0.798019,0.023889,0.601853,-0.326005,5.391675,36.597778,-0.024307,0.839257,-0.030962,0.542309,9.979911,1.588183,-7.600347,-0.019172,0.798019,0.023889,0.601853,12.777585,0.453957,32.862038
672,5.600000,0.001687,0.743531,0.026643,0.668168,5.361388,88.623009,15.788651,-0.052037,0.706174,0.069082,0.702736,5.120804,95.882187,16.093060,0.049893,-0.694122,-0.093555,-0.712007,2.995614,108.153984,16.397421,0.029043,0.745698,-0.067509,0.662218,-0.040813,122.812401,17.279587,-0.004104,0.792163,-0.134323,0.595330,3.527166,136.158463,16.222841,0.103172,-0.564065,-0.249309,-0.780404,0.046776,117.379883,13.371343,0.148659,-0.229292,-0.007295,-0.961911,4.215542,122.130058,-2.858490,0.126516,-0.011209,-0.155493,-0.979638,26.569187,120.777496,-13.933206,0.123309,0.086841,-0.137836,-0.978905,45.525753,126.791229,-15.154632,-0.178093,0.760247,0.130650,0.610932,-0.087134,116.926361,20.446295,0.286295,0.932928,0.202413,-0.081917,3.223650,118.862320,37.435730,-0.214011,0.455835,0.457731,-0.732732,23.776136,106.345108,30.721628,-0.072334,0.290164,0.457301,-0.837525,20.456161,123.725006,21.245918,0.023966,0.708418,0.140581,0.691235,4.411948,88.960892,6.980822,0.101238,0.747268,-0.071655,0.652845,10.390447,53.203201,-1.678359,-0.022991,0.833543,-0.021377,0.551562,-1.190975,7.360968,-2.865239,-0.077587,0.796106,-0.076277,0.595296,6.310827,88.285118,24.596479,0.048091,0.844144,-0.080247,0.527891,7.530423,51.893795,32.566463,-0.018701,0.797663,0.023174,0.602368,-0.316904,5.424276,36.572868,-0.022991,0.833543,-0.021377,0.551562,11.134551,1.473257,-7.708508,-0.018701,0.797663,0.023174,0.602368,12.783325,0.463269,32.856232
673,5.608333,0.001363,0.739937,0.028248,0.672082,5.504384,88.632233,15.515804,0.052509,-0.701118,-0.069610,-0.707694,5.243026,95.890144,15.833014,0.050248,-0.688560,-0.095350,-0.717125,3.103126,108.131363,16.122509,0.030474,0.742021,-0.065609,0.666462,0.014726,122.778549,17.010853,-0.003319,0.790102,-0.134353,0.598062,3.584432,136.131271,16.048384,0.105253,-0.555138,-0.251021,-0.785960,0.175082,117.360214,13.085258,0.143438,-0.221619,-0.018164,-0.964355,4.662065,122.197319,-3.033662,0.128549,-0.042580,-0.125151,-0.982853,27.174744,121.484184,-13.842689,0.126371,0.059858,-0.114197,-0.983568,46.551586,126.203941,-16.169218,-0.179608,0.755915,0.133347,0.615265,-0.063067,116.881165,20.155787,0.282405,0.934008,0.205055,-0.076351,3.043752,118.752609,37.190914,-0.218467,0.459417,0.454753,-0.731032,23.750809,106.355309,30.734179,-0.076713,0.294961,0.455831,-0.836261,20.453114,123.730804,21.239546,0.023272,0.705796,0.136238,0.694802,4.647921,88.986725,6.699101,0.096434,0.746480,-0.064373,0.655228,10.479995,53.136955,-1.674520,-0.019295,0.829004,-0.013482,0.558747,-0.319431,7.111192,-3.106075,-0.078969,0.793937,-0.077375,0.597864,6.360847,88.277740,24.332508,0.047687,0.842870,-0.081602,0.529752,7.586154,51.915138,32.431664,-0.019162,0.797377,0.021841,0.602782,-0.305172,5.462700,36.548218,-0.019295,0.829004,-0.013482,0.558747,12.104320,1.344610,-7.842943,-0.019162,0.797377,0.021841,0.602782,12.794674,0.480362,32.858864
674,5.616667,0.001707,0.736310,0.029043,0.676019,5.619037,88.630013,15.231049,0.052589,-0.695573,-0.069408,-0.713158,5.351853,95.887253,15.558739,0.050591,-0.682284,-0.097242,-0.722823,3.216191,108.104553,15.826063,0.032478,0.737748,-0.063406,0.671307,0.072945,122.739769,16.719156,-0.003079,0.787692,-0.134453,0.601211,3.650151,136.098297,15.872039,0.106540,-0.546251,-0.253000,-0.791360,0.313868,117.337265,12.775907,0.138229,-0.213938,-0.028203,-0.966606,5.107049,122.284256,-3.221057,0.130034,-0.072740,-0.095138,-0.984250,27.763636,122.168777,-13.748637,0.128634,0.032819,-0.090831,-0.986978,47.383820,125.569641,-17.140699,-0.180648,0.750908,0.135761,0.620542,-0.041134,116.829971,19.839558,0.277835,0.935391,0.207110,-0.070402,2.825489,118.620598,36.925404,-0.224007,0.464695,0.451309,-0.728148,23.704075,106.363617,30.759743,-0.081525,0.300916,0.452830,-0.835313,20.476883,123.735641,21.234047,0.023923,0.701146,0.133650,0.699971,4.856700,89.000412,6.406363,0.091925,0.741565,-0.060839,0.661763,10.580320,53.100872,-1.827691,-0.016667,0.826786,-0.008743,0.562202,0.323461,6.952906,-3.314411,-0.080528,0.791978,-0.078910,0.600049,6.381373,88.259613,24.055735,0.047616,0.841950,-0.083086,0.530990,7.605912,51.933434,32.316799,-0.017303,0.797089,0.021713,0.603224,-0.359729,5.503485,36.542454,-0.016667,0.826786,-0.008743,0.562202,12.791819,1.251511,-8.012828,-0.017303,0.797089,0.021713,0.603224,12.728083,0.487826,32.855549
675,5.625000,0.001667,0.732369,0.030740,0.680212,5.764703,88.620369,14.922951,0.053193,-0.689496,-0.069387,-0.718994,5.478444,95.876137,15.266761,0.050495,-0.675503,-0.099316,-0.728891,3.334390,108.070930,15.504451,0.033514,0.733533,-0.060550,0.676122,0.140325,122.694221,16.412670,-0.002253,0.785545,-0.134359,0.604037,3.692569,136.065933,15.675794,0.106690,-0.537717,-0.254963,-0.796537,0.464651,117.311768,12.448035,0.131303,-0.206189,-0.036048,-0.968992,5.545331,122.387695,-3.419285,0.128866,-0.101938,-0.067996,-0.984062,28.339413,122.780296,-13.638869,0.128465,0.005314,-0.066117,-0.989493,47.976257,124.957695,-18.055199,-0.181257,0.745572,0.137691,0.626346,-0.015139,116.768883,19.501661,0.273202,0.936676,0.209508,-0.064066,2.591692,118.472198,36.637981,-0.229892,0.470396,0.448232,-0.724545,23.640409,106.356308,30.779552,-0.086170,0.306659,0.449397,-0.834612,20.514883,123.742905,21.229649,-0.025641,-0.694987,-0.131867,-0.706361,5.103199,89.012764,6.091084,0.088205,0.736556,-0.060415,0.667874,10.718527,53.084278,-2.091116,-0.014780,0.827223,-0.006486,0.561641,0.755986,6.868073,-3.454293,-0.082127,0.790288,-0.080534,0.601843,6.426208,88.227974,23.754818,0.047216,0.841237,-0.084425,0.531943,7.651423,51.940475,32.184105,-0.018141,0.796938,0.020640,0.603436,-0.354017,5.528146,36.526497,-0.014780,0.827223,-0.006486,0.561641,13.213984,1.186711,-8.204174,-0.018141,0.796938,0.020640,0.603436,12.736166,0.503021,32.860954
676,5.633333,0.001608,0.727930,0.031549,0.684923,5.880652,88.616295,14.616363,0.053674,-0.682978,-0.069256,-0.725165,5.583504,95.871323,14.966276,0.049622,-0.668350,-0.101396,-0.735231,3.435001,108.046219,15.173451,0.035587,0.729086,-0.057468,0.681076,0.204524,122.659599,16.111700,-0.002318,0.783500,-0.134718,0.606608,3.746861,136.040710,15.509871,0.106772,-0.528739,-0.255857,-0.802229,0.609942,117.302071,12.120864,0.122384,-0.200216,-0.041572,-0.971189,6.008230,122.485397,-3.606242,0.121878,-0.128826,-0.043661,-0.983180,28.902185,123.278404,-13.576311,0.120353,-0.024813,-0.039142,-0.991649,48.373425,124.379433,-18.913370,-0.181890,0.740197,0.139631,0.632082,-0.000251,116.715179,19.160877,0.268755,0.937746,0.212453,-0.057152,2.347145,118.330658,36.343143,-0.234984,0.475469,0.445162,-0.721486,23.558170,106.344582,30.812275,-0.091223,0.312137,0.448502,-0.832523,20.515629,123.729050,21.237028,-0.025695,-0.690592,-0.131224,-0.710777,5.333178,89.020187,5.777212,0.087291,0.733570,-0.062619,0.671070,10.963469,53.079285,-2.339913,-0.010952,0.827764,-0.005701,0.560941,0.931155,6.873542,-3.535880,-0.083864,0.788718,-0.081756,0.603495,6.428127,88.212402,23.455515,0.046647,0.840684,-0.085756,0.532655,7.680964,51.961182,32.035480,-0.019533,0.796608,0.018741,0.603890,-0.349598,5.565244,36.504818,-0.010952,0.827764,-0.005701,0.560941,13.349620,1.150740,-8.339243,-0.019533,0.796608,0.018741,0.603890,12.744740,0.522022,32.879173
677,5.641667,0.001514,0.723310,0.032450,0.689759,6.009775,88.599838,14.299065,0.054283,-0.676171,-0.069422,-0.731455,5.700273,95.854034,14.655497,0.048168,-0.660956,-0.103206,-0.741731,3.536714,108.027473,14.834454,0.037799,0.724426,-0.054522,0.686153,0.286027,122.634003,15.808776,-0.002901,0.781356,-0.134835,0.609339,3.822041,136.022217,15.343109,0.104988,-0.522122,-0.255627,-0.806859,0.768597,117.303375,11.790594,0.118084,-0.195903,-0.045976,-0.972401,6.413192,122.578560,-3.819057,0.114913,-0.150929,-0.022050,-0.981595,29.373241,123.656525,-13.608770,0.108310,-0.052845,-0.014228,-0.992610,48.620728,123.830200,-19.692402,-0.182241,0.734359,0.140904,0.638476,0.024273,116.669258,18.813587,0.264774,0.938679,0.215123,-0.049993,2.084253,118.197296,36.040653,-0.240684,0.481190,0.442455,-0.717468,23.439743,106.316124,30.849812,-0.096405,0.318168,0.447481,-0.830202,20.520550,123.714600,21.262362,-0.025002,-0.686269,-0.131404,-0.714943,5.580169,89.016113,5.453976,0.088337,0.733192,-0.066400,0.670982,11.304585,53.076130,-2.601161,-0.008470,0.827202,-0.007449,0.561791,0.963318,6.933928,-3.602791,-0.085523,0.787459,-0.083164,0.604713,6.439381,88.183563,23.144154,0.046101,0.840280,-0.087158,0.533111,7.710855,51.970612,31.881535,-0.019310,0.796321,0.017971,0.604298,-0.348938,5.592817,36.484554,-0.008470,0.827202,-0.007449,0.561791,13.357022,1.135629,-8.379488,-0.019310,0.796321,0.017971,0.604298,12.742565,0.529346,32.876949
678,5.650000,0.001369,0.718340,0.033283,0.694894,6.136280,88.605545,13.988939,0.054944,-0.669341,-0.069418,-0.737662,5.814322,95.858955,14.350378,0.046586,-0.653675,-0.104931,-0.748016,3.640663,108.017960,14.496991,0.038963,0.719760,-0.051914,0.691182,0.373361,122.618225,15.508991,-0.003239,0.778922,-0.134514,0.612516,3.887167,136.015640,15.152804,0.102039,-0.517015,-0.254439,-0.810891,0.930302,117.314674,11.464676,0.116284,-0.192452,-0.048490,-0.973185,6.780885,122.664001,-4.043566,0.109472,-0.169655,-0.003684,-0.979397,29.796028,123.903702,-13.683610,0.096994,-0.076233,0.005313,-0.992347,48.775841,123.300972,-20.392599,-0.182478,0.728652,0.142303,0.644606,0.055320,116.633430,18.468166,0.261512,0.938825,0.220068,-0.042305,1.838272,118.069771,35.733978,-0.245825,0.486228,0.440739,-0.713374,23.314983,106.267464,30.873844,-0.101377,0.324113,0.445384,-0.828436,20.530813,123.691940,21.296219,-0.024379,-0.681407,-0.132400,-0.719417,5.832733,89.033058,5.139163,0.090225,0.733061,-0.071686,0.670329,11.695060,53.110374,-2.893870,-0.007237,0.826303,-0.011138,0.563069,0.892858,7.069111,-3.644023,-0.086832,0.785963,-0.083959,0.606360,6.439828,88.178032,22.838715,0.044958,0.839045,-0.088952,0.534855,7.732294,51.991810,31.683086,-0.015019,0.796079,0.018875,0.604712,-0.336521,5.634051,36.468494,-0.007237,0.826303,-0.011138,0.563069,13.265792,1.172312,-8.353505,-0.015019,0.796079,0.018875,0.604712,12.728498,0.519498,32.837025
679,5.658333,0.001624,0.713199,0.034281,0.700121,6.259452,88.614502,13.668982,0.055089,-0.662609,-0.070644,-0.743588,5.927336,95.866920,14.040981,0.045242,-0.646567,-0.105734,-0.754138,3.725972,108.031227,14.185534,0.041306,0.715146,-0.049338,0.696007,0.457236,122.630119,15.212579,-0.004107,0.776843,-0.134176,0.615220,3.970635,136.030472,14.986396,0.098783,-0.512890,-0.253318,-0.814258,1.082020,117.346634,11.151950,0.117480,-0.190640,-0.048714,-0.973387,7.100406,122.766838,-4.267208,0.106640,-0.183910,0.010656,-0.977083,30.149137,124.017082,-13.825285,0.088589,-0.094962,0.020554,-0.991318,48.877304,122.810699,-21.000391,-0.181475,0.723013,0.142705,0.651118,0.078380,116.630676,18.134689,0.258834,0.938682,0.225152,-0.034456,1.580154,117.964493,35.435432,-0.250961,0.491390,0.439161,-0.709008,23.156605,106.212112,30.907473,-0.107721,0.330532,0.445062,-0.825266,20.520533,123.658691,21.347538,-0.025279,-0.673260,-0.132896,-0.726926,6.085195,89.060585,4.816633,0.090745,0.732009,-0.076421,0.670886,12.018140,53.151028,-3.223301,-0.005923,0.826260,-0.014191,0.563080,0.884659,7.185000,-3.690460,-0.088298,0.784358,-0.084888,0.608096,6.433711,88.168411,22.521328,0.043978,0.837268,-0.090522,0.537451,7.748488,52.013008,31.487633,-0.013757,0.795407,0.018379,0.605640,-0.336781,5.673653,36.421227,-0.005923,0.826260,-0.014191,0.563080,13.224936,1.202125,-8.377013,-0.013757,0.795407,0.018379,0.605640,12.722937,0.527663,32.815186
680,5.666667,0.002446,0.707486,0.034602,0.705875,6.357404,88.615608,13.368705,0.055185,-0.656324,-0.070652,-0.749134,6.027450,95.867661,13.749732,0.043518,-0.640254,-0.107077,-0.759418,3.821204,108.042946,13.874213,0.043880,0.710936,-0.047769,0.700259,0.546798,122.637856,14.939155,-0.005690,0.774823,-0.133219,0.617956,4.081400,136.034042,14.824215,0.095532,-0.510193,-0.251709,-0.816835,1.232227,117.378929,10.856491,0.118131,-0.190797,-0.046537,-0.973384,7.375044,122.843124,-4.497941,0.104443,-0.193353,0.020428,-0.975341,30.431164,123.980316,-14.052332,0.083152,-0.107932,0.032575,-0.990139,48.954998,122.372520,-21.524799,-0.180805,0.717443,0.142454,0.657489,0.117435,116.620872,17.817896,0.256976,0.938093,0.230716,-0.026753,1.337257,117.876831,35.146626,-0.255672,0.496286,0.438569,-0.704265,22.985155,106.139946,30.930164,-0.112891,0.336718,0.444136,-0.822569,20.523081,123.623726,21.405352,-0.024525,-0.672077,-0.134728,-0.727708,6.326659,89.079353,4.515602,0.091262,0.732248,-0.081121,0.670003,12.406774,53.203560,-3.564961,-0.002578,0.825997,-0.017198,0.563406,0.943943,7.316473,-3.730045,-0.089983,0.781725,-0.084691,0.611258,6.388149,88.151863,22.221807,0.042665,0.835216,-0.092491,0.540407,7.772799,52.016361,31.257551,-0.016824,0.794895,0.016157,0.606299,-0.326100,5.700320,36.383968,-0.002578,0.825997,-0.017198,0.563406,13.234958,1.218330,-8.397442,-0.016824,0.794895,0.016157,0.606299,12.751410,0.556998,32.839119
681,5.675000,-0.003080,-0.702026,-0.035333,-0.711267,6.473149,88.635696,13.072846,0.055574,-0.650721,-0.071321,-0.753914,6.139195,95.886948,13.465333,0.041908,-0.634827,-0.108362,-0.763869,3.914432,108.053680,13.576971,0.045994,0.707122,-0.046233,0.704077,0.634047,122.644424,14.680017,-0.007171,0.772698,-0.132234,0.620806,4.180431,136.037979,14.663954,0.092486,-0.508956,-0.249366,-0.818674,1.371568,117.408157,10.577351,0.116357,-0.192821,-0.041843,-0.973412,7.599196,122.879807,-4.740220,0.102040,-0.198091,0.026588,-0.974495,30.637249,123.793900,-14.361911,0.079958,-0.114567,0.037541,-0.989481,49.047325,121.948219,-21.978125,-0.179903,0.712893,0.141658,0.662836,0.162560,116.611572,17.518700,0.256210,0.937228,0.235748,-0.019591,1.147794,117.808304,34.866535,-0.260308,0.500353,0.438499,-0.699718,22.831917,106.040749,30.931076,-0.118380,0.342099,0.444765,-0.819230,20.529324,123.582710,21.460566,-0.025832,-0.668984,-0.135251,-0.730411,6.577945,89.119621,4.221391,0.090386,0.729768,-0.085663,0.672258,12.654114,53.259243,-3.930283,0.000043,0.825582,-0.019917,0.563930,0.967018,7.428768,-3.764593,-0.090965,0.779063,-0.084715,0.614499,6.368352,88.151772,21.924301,0.040948,0.832526,-0.094401,0.544346,7.770603,52.029823,31.011374,-0.016495,0.794189,0.015319,0.607254,-0.315107,5.733991,36.337238,0.000043,0.825582,-0.019917,0.563930,13.219407,1.232946,-8.404817,-0.016495,0.794189,0.015319,0.607254,12.762870,0.567363,32.828194
682,5.683333,-0.002557,-0.697625,-0.035557,-0.715576,6.614319,88.647606,12.806310,0.056077,-0.645700,-0.073953,-0.757930,6.270321,95.898666,13.193565,0.041162,-0.629824,-0.108363,-0.768040,3.985963,108.065346,13.323544,-0.048848,-0.703372,0.045266,-0.707695,0.712380,122.657928,14.422284,-0.008833,0.770716,-0.130903,0.623524,4.294341,136.041763,14.507535,0.090072,-0.508243,-0.246987,-0.820106,1.494863,117.431137,10.315861,0.113565,-0.196545,-0.035745,-0.973240,7.788876,122.892311,-4.978296,0.099683,-0.198501,0.030635,-0.974537,30.778107,123.515259,-14.739000,0.077551,-0.117167,0.036657,-0.989401,49.151756,121.531021,-22.349373,-0.178492,0.708503,0.140208,0.668211,0.196131,116.618515,17.239117,0.256282,0.935988,0.241027,-0.012313,0.949769,117.760155,34.602268,-0.263972,0.504349,0.439210,-0.695015,22.643639,105.922615,30.939938,-0.122196,0.347571,0.444854,-0.816313,20.527681,123.513832,21.526411,-0.027596,-0.668769,-0.135049,-0.730581,6.828062,89.130371,3.956751,0.088963,0.727258,-0.089882,0.674613,12.807430,53.272949,-4.279093,0.001017,0.825413,-0.021403,0.564123,0.951442,7.488376,-3.772808,-0.090990,0.775806,-0.084904,0.618577,6.400576,88.164833,21.655869,0.039463,0.829428,-0.096669,0.548768,7.747731,52.045612,30.762100,-0.015938,0.793553,0.014427,0.608121,-0.366706,5.779472,36.298199,0.001017,0.825413,-0.021403,0.564123,13.186002,1.246119,-8.397828,-0.015938,0.793553,0.014427,0.608121,12.708595,0.584613,32.820999
683,5.691667,-0.004228,-0.691794,-0.035526,-0.721208,6.660301,88.618889,12.538513,0.054946,-0.641214,-0.073157,-0.761889,6.330310,95.869812,12.940176,0.039991,-0.625775,-0.109027,-0.771310,4.073697,108.065247,13.065356,-0.050993,-0.700249,0.045475,-0.710621,0.801090,122.656357,14.186446,-0.010587,0.768794,-0.128702,0.626322,4.426898,136.027847,14.332177,0.087527,-0.509073,-0.244529,-0.820603,1.620490,117.444458,10.068318,0.109127,-0.200925,-0.028508,-0.973092,7.927166,122.882164,-5.228986,0.097166,-0.195537,0.032959,-0.975314,30.852646,123.172691,-15.153831,0.076563,-0.116610,0.032706,-0.989682,49.261017,121.129051,-22.646402,-0.177319,0.704385,0.138250,0.673266,0.251710,116.606781,16.975077,0.256717,0.934860,0.245147,-0.006000,0.783651,117.715248,34.348579,-0.267760,0.508062,0.439678,-0.690551,22.472151,105.797043,30.923742,-0.127367,0.352952,0.447493,-0.811759,20.523087,123.443390,21.567181,-0.028535,-0.671729,-0.133923,-0.728032,7.017724,89.125046,3.694899,0.087305,0.725490,-0.092455,0.676383,12.857212,53.248985,-4.560105,0.001314,0.825094,-0.021353,0.564590,0.950155,7.481161,-3.801139,-0.092503,0.771683,-0.084390,0.623561,6.302878,88.112732,21.382130,0.037516,0.826333,-0.098181,0.553287,7.701410,52.007721,30.536839,-0.016840,0.792822,0.014268,0.609053,-0.369760,5.755272,36.247822,0.001314,0.825094,-0.021353,0.564590,13.187397,1.235693,-8.414709,-0.016840,0.792822,0.014268,0.609053,12.720254,0.572086,32.808765
684,5.700000,-0.003294,-0.688334,-0.035421,-0.724521,6.796920,88.643318,12.300877,0.055634,-0.637719,-0.075253,-0.764563,6.456762,95.894463,12.690062,0.039466,-0.622478,-0.109248,-0.773969,4.153136,108.060745,12.825157,-0.052652,-0.697775,0.044789,-0.712974,0.880464,122.651657,13.948582,-0.011546,0.767387,-0.126908,0.628394,4.523570,136.017593,14.158016,0.084792,-0.510725,-0.242136,-0.820573,1.730691,117.447540,9.826859,0.102637,-0.205359,-0.019973,-0.973085,8.019258,122.860184,-5.486780,0.093299,-0.190708,0.033363,-0.976633,30.875412,122.778114,-15.574102,0.075995,-0.113752,0.029953,-0.990146,49.367023,120.764145,-22.896011,-0.175894,0.700540,0.135771,0.678138,0.304230,116.596832,16.720339,0.257449,0.933706,0.248822,0.000038,0.624358,117.681862,34.100513,-0.270922,0.511930,0.440457,-0.685950,22.295855,105.670341,30.901453,-0.131801,0.357609,0.449761,-0.807750,20.532660,123.363182,21.596674,-0.029645,-0.675724,-0.131726,-0.724684,7.239156,89.138550,3.460479,0.085776,0.724374,-0.094260,0.677525,12.862100,53.223789,-4.776567,0.002329,0.824711,-0.020654,0.565173,0.943390,7.462800,-3.815088,-0.091588,0.767719,-0.084568,0.628544,6.354684,88.148087,21.141273,0.035038,0.822424,-0.099678,0.558978,7.633851,52.032768,30.272753,-0.016593,0.791633,0.013597,0.610620,-0.362612,5.791325,36.174717,0.002329,0.824711,-0.020654,0.565173,13.181899,1.217322,-8.425281,-0.016593,0.791633,0.013597,0.610620,12.734571,0.589924,32.790882
685,5.708333,-0.004098,-0.684401,-0.035698,-0.728220,6.891198,88.634560,12.041489,0.055297,-0.634608,-0.076269,-0.767071,6.554024,95.885330,12.440092,0.038844,-0.619726,-0.109715,-0.776140,4.234684,108.055603,12.588404,-0.054104,-0.695557,0.045239,-0.715001,0.958839,122.644913,13.723415,-0.012502,0.765872,-0.124418,0.630717,4.636915,136.000656,13.968858,0.083330,-0.511762,-0.240386,-0.820592,1.835470,117.450081,9.595505,0.092530,-0.209481,-0.010369,-0.973370,8.116535,122.835876,-5.730674,0.086082,-0.185433,0.032574,-0.978337,30.901793,122.371651,-15.966928,0.073625,-0.110990,0.031439,-0.990592,49.468361,120.460083,-23.105314,-0.174575,0.697541,0.132548,0.682196,0.361983,116.583862,16.477150,0.259033,0.932610,0.251221,0.005318,0.505926,117.675873,33.859241,-0.273340,0.515679,0.441518,-0.681486,22.135143,105.538368,30.855528,-0.135530,0.361238,0.451934,-0.804298,20.563625,123.278061,21.591217,-0.029829,-0.677815,-0.129307,-0.723157,7.428804,89.145210,3.207257,0.085008,0.723059,-0.095715,0.678821,12.892492,53.184200,-4.934622,0.002160,0.824266,-0.020127,0.565841,0.932034,7.436940,-3.846579,-0.091650,0.761458,-0.084074,0.636172,6.353591,88.123909,20.875723,0.032425,0.818203,-0.101512,0.564967,7.568861,52.003223,29.994673,-0.016580,0.790830,0.013616,0.611659,-0.365904,5.780017,36.118603,0.002160,0.824266,-0.020127,0.565841,13.183528,1.205507,-8.441260,-0.016580,0.790830,0.013616,0.611659,12.740111,0.578969,32.768616
686,5.716667,-0.004924,-0.680637,-0.036545,-0.731692,7.000421,88.635529,11.792715,0.055665,-0.631868,-0.077502,-0.769180,6.660375,95.885300,12.206733,0.038636,-0.617505,-0.109767,-0.777912,4.311758,108.048721,12.359241,-0.055163,-0.693732,0.045993,-0.716644,1.035315,122.638176,13.490685,-0.012809,0.764575,-0.121409,0.632867,4.746838,135.984283,13.755898,0.082018,-0.512728,-0.239192,-0.820469,1.932997,117.447174,9.362483,0.077285,-0.211929,0.000152,-0.974224,8.199515,122.818443,-5.974743,0.075482,-0.181283,0.032516,-0.979991,30.938599,121.992645,-16.290586,0.069698,-0.109019,0.033621,-0.991023,49.554413,120.173370,-23.288265,-0.173543,0.694946,0.130690,0.685458,0.420692,116.574570,16.234898,0.259982,0.931944,0.252567,0.009965,0.421752,117.655144,33.618298,-0.274527,0.518413,0.442163,-0.678509,22.022789,105.423042,30.801361,-0.136813,0.364385,0.455478,-0.800653,20.587591,123.183670,21.551573,-0.029641,-0.677309,-0.126357,-0.724161,7.628047,89.169052,2.965773,0.085269,0.722838,-0.096463,0.678918,12.952717,53.150974,-5.014342,0.001578,0.823670,-0.020102,0.566710,0.927246,7.421526,-3.894642,-0.091161,0.755194,-0.084035,0.643670,6.372795,88.101997,20.619658,0.029468,0.813374,-0.102981,0.571795,7.472644,51.974152,29.724895,-0.016965,0.789789,0.014039,0.612983,-0.364763,5.762032,36.054436,0.001578,0.823670,-0.020102,0.566710,13.194624,1.199620,-8.459766,-0.016965,0.789789,0.014039,0.612983,12.758295,0.576653,32.747143
687,5.725000,-0.005758,-0.677242,-0.037053,-0.734804,7.091877,88.623268,11.548968,0.055883,-0.629482,-0.078722,-0.770994,6.752726,95.872368,11.975327,0.038425,-0.615601,-0.110017,-0.779394,4.373868,108.047523,12.135848,-0.055659,-0.692191,0.047614,-0.717988,1.092817,122.635818,13.268868,-0.012538,0.763321,-0.118255,0.634980,4.844108,135.970993,13.524397,0.081703,-0.512976,-0.238313,-0.820601,2.009750,117.449608,9.138884,0.061295,-0.212725,0.009038,-0.975146,8.282016,122.801781,-6.202665,0.065157,-0.178697,0.034531,-0.981137,31.000134,121.709885,-16.539928,0.066062,-0.107986,0.035152,-0.991332,49.644566,119.891953,-23.451517,-0.172702,0.693595,0.129171,0.687324,0.464939,116.569046,16.003046,0.261113,0.931279,0.253657,0.014040,0.386892,117.648994,33.386307,-0.274499,0.520389,0.442985,-0.676468,21.953594,105.320717,30.730190,-0.137791,0.365459,0.459190,-0.797871,20.629473,123.096397,21.473753,-0.028492,-0.675483,-0.123675,-0.726372,7.800578,89.175156,2.729297,0.086329,0.722214,-0.097188,0.679345,13.062769,53.102123,-5.041265,0.000775,0.822938,-0.020248,0.567770,0.919431,7.403165,-3.949299,-0.090816,0.748722,-0.083906,0.651251,6.383178,88.071373,20.368639,0.026520,0.808459,-0.104348,0.578620,7.378514,51.937248,29.460955,-0.017069,0.788627,0.015094,0.614450,-0.361111,5.736336,35.989510,0.000775,0.822938,-0.020248,0.567770,13.205819,1.190596,-8.475845,-0.017069,0.788627,0.015094,0.614450,12.781676,0.575411,32.722561
688,5.733333,-0.006311,-0.674229,-0.037304,-0.737552,7.175683,88.617172,11.309549,0.056060,-0.627664,-0.079901,-0.772341,6.837527,95.865898,11.742899,0.038127,-0.614326,-0.110127,-0.780399,4.430845,108.047974,11.913145,-0.056367,-0.690936,0.049214,-0.719032,1.150851,122.636223,13.049802,-0.012496,0.762123,-0.115282,0.636964,4.945591,135.959244,13.298060,0.081397,-0.512725,-0.237600,-0.820996,2.079154,117.453674,8.917757,0.049985,-0.212921,0.016344,-0.975653,8.372231,122.794891,-6.419087,0.058356,-0.176695,0.036462,-0.981857,31.076918,121.466339,-16.758173,0.064646,-0.107421,0.037104,-0.991416,49.729633,119.626343,-23.595936,-0.172056,0.691770,0.128135,0.689516,0.512444,116.567039,15.776173,0.261537,0.930991,0.254068,0.017446,0.337048,117.635468,33.159439,-0.273816,0.522699,0.443795,-0.674431,21.887339,105.247726,30.650801,-0.136485,0.366432,0.461475,-0.796329,20.688807,123.020409,21.370993,-0.026287,-0.674735,-0.121372,-0.727537,7.956246,89.180443,2.496666,0.087981,0.722851,-0.097644,0.678388,13.216774,53.056335,-5.034059,0.000704,0.822449,-0.020235,0.568478,0.934793,7.393017,-4.003281,-0.090118,0.741793,-0.083956,0.659222,6.395119,88.053894,20.122433,0.023710,0.803138,-0.105958,0.585816,7.252656,51.910961,29.193800,-0.018224,0.787417,0.014966,0.615970,-0.420363,5.728727,35.929848,0.000704,0.822449,-0.020235,0.568478,13.229931,1.182049,-8.508224,-0.018224,0.787417,0.014966,0.615970,12.743674,0.584656,32.722401
689,5.741667,-0.007494,-0.671709,-0.037153,-0.739845,7.228141,88.582794,11.082535,0.055958,-0.626143,-0.079887,-0.773584,6.901682,95.831451,11.525987,0.038252,-0.613166,-0.110015,-0.781320,4.492082,108.036293,11.693521,-0.056714,-0.689740,0.049938,-0.720103,1.210706,122.624992,12.820303,-0.012091,0.760926,-0.112980,0.638812,5.025298,135.942307,13.070695,0.080903,-0.512170,-0.237306,-0.821476,2.150602,117.442284,8.691079,0.047188,-0.212538,0.020508,-0.975797,8.468361,122.789467,-6.633536,0.057215,-0.175405,0.038309,-0.982086,31.173519,121.288429,-16.947941,0.065598,-0.107569,0.039295,-0.991253,49.817860,119.388870,-23.726549,0.171640,-0.690390,-0.127811,-0.691061,0.563357,116.555916,15.544805,0.261169,0.931148,0.253657,0.020335,0.318626,117.606987,32.928295,-0.272869,0.524419,0.443773,-0.673493,21.873066,105.198051,30.564260,-0.135460,0.366611,0.464850,-0.794456,20.746143,122.952034,21.240660,-0.024039,-0.671352,-0.119615,-0.731028,8.069043,89.159424,2.276069,0.089881,0.723443,-0.098260,0.677419,13.384527,52.995300,-5.020392,-0.000065,0.821914,-0.020460,0.569243,0.937090,7.375362,-4.055688,-0.089965,0.734449,-0.083268,0.667501,6.387239,88.006172,19.889000,0.020812,0.797953,-0.107497,0.592691,7.169472,51.852608,28.924742,-0.018830,0.786094,0.015740,0.617620,-0.428285,5.689230,35.872017,-0.000065,0.821914,-0.020460,0.569243,13.246912,1.171489,-8.530188,-0.018830,0.786094,0.015740,0.617620,12.758955,0.572123,32.717201
690,5.750000,-0.008010,-0.669518,-0.037044,-0.741828,7.282948,88.557915,10.860191,0.055894,-0.624758,-0.080380,-0.774656,6.961382,95.806572,11.307183,0.038015,-0.612114,-0.110090,-0.782146,4.540403,108.023026,11.479571,-0.056823,-0.688611,0.050643,-0.721125,1.260106,122.611771,12.608871,-0.011755,0.759677,-0.111370,0.640585,5.089825,135.924774,12.856690,0.081004,-0.511053,-0.237360,-0.822145,2.209311,117.431938,8.478179,0.051748,-0.211684,0.022022,-0.975719,8.565969,122.787560,-6.827389,0.061347,-0.175200,0.039799,-0.981813,31.286007,121.166588,-17.090754,0.069409,-0.106977,0.040703,-0.991000,49.902439,119.183495,-23.840012,0.171611,-0.689776,-0.127845,-0.691675,0.604015,116.540817,15.327084,0.261092,0.931281,0.253058,0.022528,0.330064,117.583954,32.710613,-0.272921,0.526206,0.443386,-0.672332,21.881796,105.149712,30.457539,-0.132788,0.369339,0.463167,-0.794627,20.816633,122.890495,21.108269,-0.022422,-0.668353,-0.118555,-0.733993,8.176102,89.140251,2.059248,0.091015,0.723021,-0.099515,0.677535,13.545982,52.951729,-5.074557,-0.000368,0.821477,-0.021059,0.569852,0.943060,7.374677,-4.101563,-0.089723,0.727421,-0.082532,0.675276,6.389794,87.975578,19.661135,0.017917,0.792043,-0.109039,0.600380,7.100611,51.809681,28.653294,-0.018884,0.784652,0.016358,0.619433,-0.434476,5.667302,35.805309,-0.000368,0.821477,-0.021059,0.569852,13.258523,1.162828,-8.549399,-0.018884,0.784652,0.016358,0.619433,12.771500,0.564517,32.706146
691,5.758333,-0.008339,-0.667817,-0.037214,-0.743348,7.340330,88.541290,10.643486,0.056001,-0.623691,-0.080470,-0.775499,7.019109,95.789688,11.094941,0.037654,-0.611323,-0.110588,-0.782711,4.595302,108.001617,11.263288,-0.056666,-0.687469,0.051135,-0.722192,1.308959,122.587883,12.406917,-0.011355,0.758069,-0.110317,0.642676,5.144782,135.899216,12.651208,0.081145,-0.509813,-0.237548,-0.822847,2.267070,117.414055,8.270756,0.061171,-0.210749,0.021868,-0.975379,8.664733,122.781845,-7.013451,0.068311,-0.175116,0.041292,-0.981307,31.404860,121.071922,-17.217735,0.073591,-0.106546,0.041173,-0.990726,49.993301,118.985733,-23.936308,0.172382,-0.688731,-0.128666,-0.692372,0.649611,116.512978,15.115495,0.259998,0.931789,0.252161,0.024182,0.332789,117.545448,32.498932,-0.273605,0.528924,0.441802,-0.670963,21.909155,105.135681,30.348927,-0.133560,0.372385,0.461745,-0.793904,20.902712,122.856438,20.948690,-0.021168,-0.665846,-0.117782,-0.736429,8.273594,89.130516,1.847163,0.091788,0.722117,-0.101085,0.678163,13.688978,52.924286,-5.161343,-0.000300,0.820934,-0.021800,0.570606,0.934385,7.390404,-4.144676,-0.089498,0.720486,-0.081947,0.682770,6.407066,87.952072,19.439810,0.015264,0.786232,-0.110446,0.607790,7.043086,51.775997,28.396563,-0.019100,0.782976,0.016617,0.621536,-0.442065,5.654496,35.733246,-0.000300,0.820934,-0.021800,0.570606,13.252351,1.162027,-8.562369,-0.019100,0.782976,0.016617,0.621536,12.783715,0.561203,32.703705
692,5.766667,-0.008307,-0.666338,-0.037838,-0.744643,7.393253,88.518669,10.433881,0.055975,-0.622786,-0.080576,-0.776217,7.064075,95.766388,10.890389,0.037595,-0.610632,-0.110777,-0.783227,4.637011,107.985222,11.058160,-0.056504,-0.686472,0.050450,-0.723200,1.346382,122.570374,12.203775,-0.010715,0.756741,-0.110378,0.644240,5.165488,135.886169,12.465670,0.081291,-0.508174,-0.238155,-0.823671,2.312301,117.398834,8.066566,0.072093,-0.209898,0.021446,-0.974826,8.758011,122.792908,-7.188173,0.077011,-0.174391,0.042035,-0.980760,31.516930,120.992188,-17.334766,0.079507,-0.106437,0.039599,-0.990344,50.105743,118.820419,-24.002132,0.172869,-0.688567,-0.130133,-0.692139,0.683454,116.493965,14.908102,0.258809,0.932328,0.251276,0.025351,0.372017,117.502831,32.293022,-0.274794,0.530767,0.439632,-0.670446,21.976332,105.127884,30.224541,-0.134333,0.376302,0.459356,-0.793312,20.971533,122.826447,20.782959,-0.021335,-0.660745,-0.117528,-0.741045,8.360681,89.116386,1.641823,0.091613,0.721092,-0.103120,0.678970,13.802420,52.906235,-5.325879,-0.000133,0.820544,-0.022430,0.571143,0.930274,7.408607,-4.175890,-0.089517,0.714200,-0.081424,0.689402,6.425825,87.920944,19.225939,0.012913,0.780779,-0.111807,0.614587,7.007267,51.738750,28.161659,-0.018954,0.781408,0.017395,0.623490,-0.446553,5.639586,35.668694,-0.000133,0.820544,-0.022430,0.571143,13.248074,1.164487,-8.571774,-0.018954,0.781408,0.017395,0.623490,12.797883,0.560576,32.697224
693,5.775000,-0.008155,-0.664774,-0.039136,-0.745974,7.455193,88.514038,10.229190,0.055853,-0.621914,-0.080882,-0.776892,7.109546,95.760338,10.695892,0.037548,-0.610005,-0.111210,-0.783656,4.681825,107.960571,10.867815,-0.056070,-0.685594,0.049852,-0.724107,1.381165,122.542938,12.019884,-0.010294,0.755511,-0.110797,0.645617,5.180232,135.864273,12.291496,0.081476,-0.507165,-0.238246,-0.824248,2.356097,117.375160,7.880098,0.081690,-0.208703,0.021352,-0.974327,8.835991,122.776237,-7.357668,0.084698,-0.173252,0.041314,-0.980359,31.620098,120.884850,-17.430971,0.085334,-0.105401,0.038329,-0.990020,50.218964,118.693390,-24.037897,0.173031,-0.688003,-0.130522,-0.692586,0.717766,116.464066,14.718543,0.257329,0.932786,0.251005,0.026234,0.382820,117.461990,32.103653,-0.275965,0.533164,0.437477,-0.669473,22.023010,105.139351,30.098967,-0.135157,0.380995,0.455047,-0.793415,21.045122,122.807327,20.614185,-0.022333,-0.655718,-0.116710,-0.745596,8.457749,89.127792,1.442175,0.090747,0.719335,-0.104957,0.680666,13.853058,52.906597,-5.504194,0.000219,0.820081,-0.023013,0.571784,0.920203,7.430208,-4.205318,-0.089653,0.708426,-0.080801,0.695389,6.452637,87.900284,19.016203,0.010751,0.775418,-0.113272,0.621113,6.998652,51.712383,27.931026,-0.019069,0.780028,0.017453,0.625210,-0.445176,5.639586,35.607929,0.000219,0.820081,-0.023013,0.571784,13.237417,1.168617,-8.577928,-0.019069,0.780028,0.017453,0.625210,12.813478,0.563999,32.694599
694,5.783333,-0.008011,-0.663743,-0.039603,-0.746869,7.493779,88.497665,10.041603,0.055439,-0.621395,-0.080936,-0.777332,7.141055,95.743469,10.510771,0.037679,-0.609595,-0.111392,-0.783943,4.719049,107.942032,10.689858,-0.056159,-0.684683,0.048594,-0.725048,1.411206,122.522888,11.840496,-0.010043,0.754228,-0.111945,0.646922,5.186934,135.850159,12.144628,0.082139,-0.505625,-0.238701,-0.824996,2.392445,117.356049,7.701022,0.088719,-0.208159,0.022213,-0.973810,8.919133,122.769081,-7.512514,0.090625,-0.170938,0.039926,-0.980292,31.712706,120.765480,-17.542620,0.090336,-0.102777,0.036127,-0.989935,50.327415,118.598053,-24.047167,0.172963,-0.687986,-0.130952,-0.692540,0.747598,116.443382,14.537695,0.256052,0.933144,0.250961,0.026406,0.415724,117.429398,31.923548,-0.277463,0.534706,0.436097,-0.668524,22.088224,105.159584,29.943958,-0.139135,0.382446,0.455550,-0.791739,21.127295,122.836510,20.441835,-0.023195,-0.650688,-0.116693,-0.749966,8.519976,89.116379,1.257666,0.089864,0.718089,-0.106951,0.681787,13.918962,52.897823,-5.699586,0.000410,0.819753,-0.023510,0.572234,0.917089,7.446301,-4.230349,-0.089906,0.704062,-0.079991,0.699868,6.467582,87.878952,18.825541,0.008821,0.770606,-0.114902,0.626806,7.012991,51.684708,27.714630,-0.018644,0.779010,0.017887,0.626479,-0.442905,5.643517,35.567436,0.000410,0.819753,-0.023510,0.572234,13.233797,1.171426,-8.585299,-0.018644,0.779010,0.017887,0.626479,12.824434,0.570004,32.690258
695,5.791667,-0.008236,-0.663667,-0.038568,-0.746988,7.490363,88.453880,9.869127,0.054655,-0.621298,-0.080418,-0.777518,7.150968,95.700806,10.330723,0.037348,-0.609379,-0.111560,-0.784103,4.748159,107.917191,10.516719,-0.055965,-0.683973,0.047623,-0.725796,1.442125,122.497681,11.677301,-0.009804,0.753065,-0.113088,0.648080,5.194966,135.830933,12.001442,0.082483,-0.504628,-0.238928,-0.825506,2.424397,117.333923,7.534219,0.093637,-0.207735,0.023562,-0.973408,8.982347,122.754539,-7.663162,0.095112,-0.167336,0.037597,-0.980581,31.781641,120.636597,-17.656704,0.094765,-0.099793,0.033604,-0.989915,50.447803,118.542900,-24.023390,0.173794,-0.688135,-0.132122,-0.691960,0.776338,116.416153,14.369434,0.255295,0.933357,0.250914,0.026666,0.462364,117.397461,31.755882,-0.278312,0.535319,0.434771,-0.668543,22.153511,105.157043,29.798767,-0.138429,0.385511,0.451493,-0.792700,21.173134,122.813309,20.285463,-0.023446,-0.646987,-0.117462,-0.753035,8.519772,89.061607,1.084799,0.089041,0.716354,-0.109115,0.683376,13.982876,52.857327,-5.896710,-0.000018,0.819298,-0.023487,0.572887,0.895500,7.436123,-4.258630,0.090551,-0.701098,0.078723,-0.702897,6.460954,87.846146,18.653456,0.007455,0.766593,-0.116720,0.631393,7.068587,51.645584,27.512709,-0.018321,0.778078,0.018405,0.627631,-0.443278,5.642122,35.531513,-0.000018,0.819298,-0.023487,0.572887,13.223785,1.168532,-8.591259,-0.018321,0.778078,0.018405,0.627631,12.833155,0.574138,32.686718
696,5.800000,-0.008132,-0.663276,-0.038758,-0.747326,7.513144,88.430725,9.699059,0.054399,-0.621201,-0.080418,-0.777613,7.170452,95.677467,10.161177,0.037002,-0.609378,-0.111593,-0.784115,4.771669,107.893990,10.351789,-0.055625,-0.683415,0.045876,-0.726461,1.471132,122.475029,11.521104,-0.009519,0.752020,-0.114742,0.649006,5.183291,135.818893,11.875875,0.082279,-0.504234,-0.239135,-0.825707,2.451215,117.313324,7.374942,0.096462,-0.207113,0.025175,-0.973224,9.019581,122.746300,-7.813527,0.098962,-0.162758,0.035028,-0.981065,31.827837,120.523819,-17.763809,0.100061,-0.095910,0.031024,-0.989862,50.568558,118.520973,-23.962301,0.174055,-0.688638,-0.132324,-0.691356,0.803259,116.392181,14.209728,0.255044,0.933423,0.250955,0.026367,0.515242,117.380692,31.596220,-0.278889,0.535743,0.434247,-0.668304,22.213572,105.154800,29.627901,-0.140262,0.385949,0.450818,-0.792549,21.232922,122.813950,20.110443,-0.024016,-0.643449,-0.117143,-0.756091,8.551489,89.039925,0.915885,0.088088,0.714507,-0.110711,0.685174,14.002244,52.832104,-6.056868,-0.000290,0.818834,-0.023566,0.573547,0.872859,7.428113,-4.283359,0.091139,-0.700045,0.078268,-0.703921,6.474801,87.821526,18.482231,0.006561,0.763800,-0.118227,0.634499,7.123859,51.623611,27.349371,-0.015867,0.777263,0.019441,0.628675,-0.446220,5.652449,35.497620,-0.000290,0.818834,-0.023566,0.573547,13.210472,1.163274,-8.593355,-0.015867,0.777263,0.019441,0.628675,12.824538,0.564459,32.662083
697,5.808333,-0.008285,-0.663271,-0.038580,-0.747338,7.529230,88.410248,9.541743,0.054276,-0.621333,-0.080931,-0.777464,7.189938,95.657150,10.003806,0.036578,-0.609608,-0.111241,-0.784006,4.782586,107.875298,10.205262,-0.055914,-0.682937,0.045490,-0.726912,1.498199,122.459625,11.378995,-0.009807,0.751083,-0.115546,0.649945,5.207798,135.803741,11.750281,0.081812,-0.505027,-0.238821,-0.825360,2.470468,117.297615,7.231376,0.098487,-0.206524,0.026801,-0.973103,9.016202,122.724594,-7.969000,0.102616,-0.156571,0.031441,-0.981818,31.832403,120.405136,-17.878859,0.105567,-0.090398,0.025799,-0.989959,50.687714,118.539917,-23.859144,0.174011,-0.689213,-0.132833,-0.690696,0.825375,116.377022,14.066924,0.255232,0.933514,0.250524,0.025418,0.569679,117.358765,31.454300,-0.279702,0.535245,0.434435,-0.668240,22.265686,105.135414,29.444944,-0.140736,0.385748,0.451753,-0.792030,21.269936,122.814766,19.956139,-0.024269,-0.640761,-0.116803,-0.758415,8.567947,89.018890,0.758574,0.087118,0.713103,-0.111937,0.686560,14.012501,52.806057,-6.192927,-0.000564,0.818674,-0.023485,0.573777,0.866076,7.411823,-4.299997,0.091725,-0.699924,0.077921,-0.704004,6.490512,87.801598,18.324911,0.005992,0.762183,-0.119678,0.636175,7.187043,51.607620,27.204514,-0.015413,0.776660,0.019247,0.629437,-0.447037,5.668444,35.472565,-0.000564,0.818674,-0.023485,0.573777,13.209520,1.153008,-8.602047,-0.015413,0.776660,0.019247,0.629437,12.824282,0.568599,32.661049
698,5.816667,-0.008120,-0.663747,-0.038288,-0.746933,7.540366,88.402939,9.404621,0.054450,-0.621819,-0.081103,-0.777045,7.202938,95.650208,9.862293,0.036114,-0.610165,-0.111161,-0.783605,4.789595,107.867958,10.064600,-0.056055,-0.682906,0.044784,-0.726974,1.516307,122.453819,11.250082,-0.009841,0.750609,-0.116718,0.650281,5.214653,135.800598,11.637648,0.081750,-0.505057,-0.238735,-0.825373,2.479203,117.293182,7.098586,0.096927,-0.206880,0.029575,-0.973104,9.025296,122.718811,-8.102116,0.104772,-0.148841,0.027408,-0.982913,31.826344,120.278862,-18.017921,0.111640,-0.083325,0.019300,-0.990061,50.796082,118.587532,-23.720524,-0.173811,0.690245,0.133086,0.689667,0.843491,116.370377,13.936089,0.255574,0.933227,0.251289,0.024948,0.639706,117.352257,31.324148,-0.279758,0.534844,0.434384,-0.668572,22.328169,105.121567,29.278458,-0.142421,0.385818,0.451117,-0.792057,21.313435,122.800789,19.794338,-0.023622,-0.640827,-0.116378,-0.758445,8.568287,89.005569,0.619767,0.086678,0.712586,-0.112596,0.687045,14.019868,52.783024,-6.275440,0.000546,0.818250,-0.022489,0.574422,0.859396,7.395554,-4.318954,0.092067,-0.701092,0.077893,-0.702799,6.512445,87.800308,18.189474,0.005620,0.761363,-0.120863,0.636935,7.243305,51.610695,27.084112,-0.014371,0.776144,0.019172,0.630101,-0.443579,5.698079,35.450172,0.000546,0.818250,-0.022489,0.574422,13.205666,1.141194,-8.619374,-0.014371,0.776144,0.019172,0.630101,12.823545,0.578840,32.654144
699,5.825000,-0.008340,-0.664691,-0.037931,-0.746108,7.534440,88.395462,9.278959,0.054317,-0.622616,-0.080769,-0.776451,7.203574,95.643074,9.736002,0.035644,-0.610923,-0.110900,-0.783073,4.800080,107.856430,9.938019,-0.055478,-0.683085,0.044980,-0.726838,1.542476,122.445038,11.132849,-0.009684,0.750190,-0.117021,0.650712,5.234219,135.794098,11.504146,0.081184,-0.505855,-0.238824,-0.824914,2.492652,117.284393,6.978427,0.094061,-0.207435,0.032891,-0.973161,9.009162,122.716454,-8.232690,0.106738,-0.139815,0.022398,-0.984153,31.788366,120.142174,-18.164726,0.118903,-0.074167,0.012494,-0.990053,50.876953,118.671783,-23.542099,-0.172780,0.690952,0.132826,0.689268,0.869234,116.361641,13.818868,0.255993,0.933068,0.251550,0.023978,0.697069,117.331078,31.207966,-0.279253,0.533334,0.435426,-0.669311,22.377201,105.094765,29.108280,-0.141642,0.383682,0.453014,-0.792152,21.334139,122.785858,19.652441,-0.022703,-0.641967,-0.116033,-0.757561,8.540606,88.995552,0.491411,0.086185,0.712458,-0.112939,0.687183,14.007011,52.763866,-6.343762,-0.000000,0.818077,-0.022176,0.574682,0.857119,7.375637,-4.334602,-0.092454,0.702942,-0.078141,0.700870,6.528274,87.795380,18.066507,0.005566,0.761107,-0.121772,0.637069,7.290383,51.613979,26.991875,-0.013894,0.775597,0.018886,0.630793,-0.448784,5.722171,35.423668,-0.000000,0.818077,-0.022176,0.574682,13.213861,1.136366,-8.626855,-0.013894,0.775597,0.018886,0.630793,12.817524,0.588727,32.649906
700,5.833333,-0.008292,-0.665900,-0.037710,-0.745042,7.534571,88.388817,9.164502,0.053924,-0.623809,-0.080714,-0.775526,7.206366,95.636681,9.619417,0.035554,-0.612058,-0.110614,-0.782231,4.809567,107.854965,9.831885,-0.055525,-0.683509,0.045458,-0.726406,1.561926,122.445663,11.028261,-0.009870,0.750055,-0.117239,0.650827,5.264144,135.792130,11.388250,0.080844,-0.506996,-0.239101,-0.824166,2.498100,117.282440,6.873876,0.091217,-0.208466,0.036685,-0.973075,8.969752,122.719002,-8.354774,0.109715,-0.129254,0.016450,-0.985386,31.714350,119.985199,-18.323437,0.127869,-0.064205,0.002009,-0.989709,50.958370,118.774246,-23.325697,-0.171849,0.691718,0.132579,0.688779,0.893479,116.363976,13.719326,0.257091,0.932516,0.252579,0.022830,0.755932,117.323769,31.109270,-0.278789,0.531872,0.437263,-0.669470,22.410595,105.056587,28.928381,-0.140885,0.381408,0.453764,-0.792955,21.369228,122.775742,19.519779,-0.021582,-0.645182,-0.115835,-0.754889,8.512516,88.984871,0.373495,0.085780,0.713043,-0.113199,0.686584,13.993132,52.746044,-6.412295,-0.000582,0.817896,-0.021870,0.574951,0.855260,7.356792,-4.348189,-0.092520,0.704944,-0.078436,0.698814,6.556626,87.792763,17.955509,0.005352,0.760724,-0.122678,0.637355,7.332618,51.615704,26.897263,-0.014705,0.775237,0.017887,0.631247,-0.448849,5.744603,35.402534,-0.000582,0.817896,-0.021870,0.574951,13.222870,1.133039,-8.631659,-0.014705,0.775237,0.017887,0.631247,12.820768,0.604013,32.657986
701,5.841667,-0.008208,-0.667619,-0.037632,-0.743506,7.531078,88.387703,9.062118,0.053775,-0.625344,-0.080812,-0.774288,7.203955,95.635674,9.516122,0.035289,-0.613540,-0.110085,-0.781156,4.808256,107.852760,9.737708,-0.055568,-0.684142,0.045871,-0.725781,1.579865,122.447525,10.936601,-0.010036,0.750036,-0.117469,0.650805,5.291346,135.791748,11.284859,0.079885,-0.508706,-0.239078,-0.823212,2.495595,117.280701,6.782129,0.088675,-0.209551,0.040799,-0.972914,8.907119,122.720840,-8.470654,0.113062,-0.117751,0.009322,-0.986542,31.613123,119.809006,-18.476795,0.137568,-0.052760,-0.008898,-0.989046,51.004707,118.910744,-23.069181,-0.171104,0.692752,0.132409,0.687958,0.915065,116.368233,13.633982,0.258177,0.931998,0.253480,0.021749,0.825807,117.324089,31.024456,-0.278318,0.530484,0.438921,-0.669683,22.454920,105.025673,28.767342,-0.140147,0.379470,0.454466,-0.793613,21.412788,122.765396,19.402943,-0.020585,-0.649230,-0.115947,-0.751421,8.468473,88.980957,0.266506,0.085113,0.713326,-0.113558,0.686313,13.967155,52.740948,-6.498300,-0.000848,0.817732,-0.021891,0.575183,0.851569,7.348621,-4.361425,-0.092437,0.706906,-0.079070,0.696769,6.593683,87.794449,17.857729,0.005234,0.760842,-0.123319,0.637091,7.357841,51.623703,26.825996,-0.014395,0.774946,0.017436,0.631623,-0.450715,5.767402,35.386063,-0.000848,0.817732,-0.021891,0.575183,13.224184,1.128595,-8.635843,-0.014395,0.774946,0.017436,0.631623,12.816080,0.612031,32.655632
702,5.850000,-0.008669,-0.669673,-0.037226,-0.741672,7.508927,88.396095,8.970544,0.052968,-0.627161,-0.080849,-0.772869,7.191915,95.644394,9.426464,0.035486,-0.615161,-0.109313,-0.779980,4.812362,107.843712,9.669333,-0.055182,-0.684977,0.046084,-0.725008,1.600564,122.443138,10.856004,-0.009988,0.750252,-0.117782,0.650500,5.309600,135.788483,11.186419,0.079158,-0.510398,-0.239154,-0.822212,2.495950,117.268539,6.706774,0.086112,-0.211145,0.045403,-0.972595,8.846138,122.710739,-8.570911,0.117544,-0.105146,0.000906,-0.987485,31.498787,119.595802,-18.636639,0.149717,-0.040871,-0.021225,-0.987656,51.029259,119.066200,-22.779617,-0.170311,0.693686,0.131840,0.687322,0.941269,116.368973,13.566240,0.259670,0.931381,0.254334,0.020348,0.891895,117.327812,30.956709,-0.277863,0.529465,0.440525,-0.669624,22.485304,104.984711,28.603714,-0.140903,0.378018,0.455644,-0.793497,21.456495,122.745773,19.277700,-0.019415,-0.654596,-0.116262,-0.746733,8.398157,88.988556,0.169879,0.084283,0.713833,-0.113700,0.685865,13.922709,52.750492,-6.584284,-0.000958,0.817620,-0.022011,0.575337,0.854728,7.347908,-4.374917,-0.092438,0.709620,-0.079955,0.693903,6.619698,87.803635,17.771208,0.005355,0.761262,-0.123658,0.636522,7.373732,51.643394,26.782564,-0.012902,0.774561,0.017512,0.632126,-0.457558,5.795151,35.364948,-0.000958,0.817620,-0.022011,0.575337,13.229259,1.127089,-8.642628,-0.012902,0.774561,0.017512,0.632126,12.801051,0.615825,32.640091
703,5.858333,-0.008313,-0.672179,-0.036700,-0.739432,7.497171,88.404778,8.893247,0.052544,-0.629436,-0.081179,-0.771012,7.183860,95.653732,9.341277,0.035417,-0.617309,-0.108726,-0.778367,4.807300,107.842934,9.604258,-0.054648,-0.686376,0.046140,-0.723721,1.613499,122.446358,10.790407,-0.009654,0.750963,-0.118246,0.649599,5.314613,135.794434,11.098836,0.078543,-0.512619,-0.238888,-0.820966,2.482716,117.266068,6.642706,0.085342,-0.212298,0.049461,-0.972214,8.758192,122.695175,-8.670477,0.124244,-0.091750,-0.008279,-0.987966,31.367229,119.387146,-18.772606,0.164545,-0.027746,-0.034311,-0.985382,51.007324,119.258331,-22.435612,-0.169487,0.694847,0.131191,0.686477,0.963755,116.375969,13.511406,0.261333,0.930595,0.255616,0.018933,0.964562,117.341148,30.901600,-0.277102,0.528422,0.442456,-0.669490,22.517469,104.947701,28.444132,-0.141307,0.376979,0.457141,-0.793058,21.512890,122.729729,19.157457,-0.018935,-0.659906,-0.117007,-0.741940,8.327473,88.985001,0.086012,0.082923,0.713533,-0.114337,0.686237,13.867620,52.758537,-6.717407,-0.000704,0.817479,-0.022017,0.575537,0.848459,7.348192,-4.382917,-0.091996,0.712330,-0.081153,0.691041,6.666870,87.824547,17.700481,0.005420,0.761729,-0.123766,0.635942,7.371472,51.672619,26.749134,-0.012439,0.774172,0.016803,0.632630,-0.464448,5.826956,35.341091,-0.000704,0.817479,-0.022017,0.575537,13.222543,1.123422,-8.646174,-0.012439,0.774172,0.016803,0.632630,12.789205,0.624822,32.635643
704,5.866667,-0.008393,-0.674547,-0.036457,-0.737283,7.466735,88.411903,8.826092,0.051914,-0.631825,-0.081029,-0.769114,7.158247,95.661095,9.273604,0.035312,-0.619623,-0.108192,-0.776605,4.796762,107.844185,9.553352,-0.054114,-0.687828,0.046260,-0.722374,1.620630,122.451309,10.741436,-0.009248,0.751611,-0.118833,0.648748,5.315029,135.801773,11.026258,0.078260,-0.514742,-0.238749,-0.819704,2.462103,117.265724,6.594633,0.086531,-0.213858,0.054044,-0.971523,8.663922,122.679588,-8.753912,0.132804,-0.077663,-0.018626,-0.987919,31.216026,119.131447,-18.901716,0.181246,-0.012784,-0.049151,-0.982126,50.945770,119.454536,-22.067060,-0.168526,0.696140,0.130124,0.685606,0.982099,116.384460,13.472971,0.263729,0.929884,0.255872,0.017106,1.035867,117.363426,30.862309,-0.276555,0.527582,0.444678,-0.668906,22.529200,104.891052,28.285307,-0.141097,0.375892,0.458356,-0.792910,21.567976,122.705170,19.046650,-0.018609,-0.665581,-0.117650,-0.736759,8.240800,88.988861,0.013521,0.081381,0.713551,-0.114663,0.686348,13.779230,52.772736,-6.846079,-0.001013,0.817473,-0.022311,0.575534,0.841640,7.345480,-4.390222,-0.091903,0.714659,-0.082097,0.688532,6.692670,87.834946,17.638662,0.005569,0.762301,-0.123866,0.635235,7.374987,51.693218,26.729679,-0.013753,0.773930,0.015392,0.632934,-0.469698,5.850071,35.327045,-0.001013,0.817473,-0.022311,0.575534,13.216719,1.119214,-8.648401,-0.013753,0.773930,0.015392,0.632934,12.787531,0.640860,32.652912
705,5.875000,-0.008498,-0.677303,-0.035765,-0.734785,7.425773,88.413116,8.776134,0.051446,-0.634619,-0.080641,-0.766883,7.127374,95.663010,9.219110,0.035379,-0.622343,-0.107601,-0.774506,4.781521,107.848885,9.510159,-0.053944,-0.689598,0.046015,-0.720713,1.621790,122.459671,10.696730,-0.008724,0.752588,-0.119725,0.647457,5.309177,135.812317,10.969533,0.077884,-0.516972,-0.238367,-0.818447,2.432226,117.267105,6.552491,0.089404,-0.215516,0.058345,-0.970647,8.560240,122.660324,-8.832920,0.141584,-0.062483,-0.030142,-0.987492,31.052633,118.867859,-19.024763,0.197080,0.002890,-0.062179,-0.978409,50.826408,119.703003,-21.658867,-0.167300,0.697269,0.129313,0.684912,0.998329,116.397499,13.442068,0.265328,0.929274,0.256547,0.015323,1.099542,117.375816,30.831226,-0.274926,0.526193,0.446901,-0.669191,22.553499,104.859520,28.141542,-0.140599,0.373828,0.462111,-0.791794,21.613195,122.686241,18.930864,-0.018431,-0.670880,-0.118724,-0.731769,8.134665,88.981125,-0.042499,0.079711,0.713187,-0.115180,0.686836,13.689439,52.783417,-6.985635,-0.001175,0.817342,-0.022139,0.575726,0.828391,7.341969,-4.394064,-0.091778,0.717144,-0.083078,0.685842,6.716882,87.845116,17.594767,0.005837,0.762933,-0.123869,0.634472,7.375825,51.713764,26.728636,-0.013376,0.773764,0.015067,0.633154,-0.479779,5.870968,35.317905,-0.001175,0.817342,-0.022139,0.575726,13.208352,1.121925,-8.647132,-0.013376,0.773764,0.015067,0.633154,12.773710,0.648501,32.651104
706,5.883333,-0.010161,-0.678963,-0.035208,-0.733257,7.332925,88.394470,8.725570,0.050105,-0.637240,-0.079207,-0.764945,7.057873,95.644485,9.181452,0.035330,-0.625096,-0.107018,-0.772369,4.759045,107.849846,9.483264,-0.052763,-0.691701,0.045375,-0.718823,1.617715,122.464500,10.671161,-0.007435,0.753907,-0.120882,0.645722,5.271775,135.826828,10.917478,0.077490,-0.519656,-0.237756,-0.816961,2.395960,117.265594,6.528697,0.095174,-0.217116,0.061959,-0.969517,8.437186,122.628952,-8.901410,0.151865,-0.046641,-0.042246,-0.986396,30.873257,118.594917,-19.124603,0.212997,0.020032,-0.075335,-0.973938,50.656498,119.974266,-21.215158,-0.166171,0.699325,0.128373,0.683266,1.008982,116.406593,13.429201,0.267236,0.928382,0.257874,0.013908,1.201785,117.399170,30.816776,-0.272988,0.524467,0.449152,-0.669832,22.607037,104.823425,28.018591,-0.138974,0.372488,0.463626,-0.791827,21.675259,122.656479,18.833706,-0.018172,-0.675348,-0.119853,-0.727468,8.002596,88.974533,-0.095344,0.078008,0.712826,-0.115574,0.687340,13.587475,52.796207,-7.114913,-0.001809,0.817327,-0.022237,0.575743,0.812899,7.337946,-4.393750,-0.092828,0.718969,-0.083422,0.683745,6.663255,87.814400,17.546484,0.006273,0.763619,-0.123843,0.633648,7.386430,51.701771,26.749289,-0.013701,0.773696,0.015426,0.633221,-0.489824,5.858862,35.319031,-0.001809,0.817327,-0.022237,0.575743,13.198672,1.125557,-8.641081,-0.013701,0.773696,0.015426,0.633221,12.769166,0.649480,32.653969
707,5.891667,-0.008553,-0.682745,-0.034982,-0.729769,7.355975,88.431290,8.712747,0.050998,-0.640396,-0.080479,-0.762112,7.069709,95.681969,9.150742,0.035278,-0.628186,-0.106292,-0.769961,4.738893,107.855797,9.465004,-0.052909,-0.693484,0.046228,-0.717038,1.619753,122.475204,10.652908,-0.007115,0.754633,-0.121042,0.644847,5.293741,135.832535,10.872212,0.077547,-0.522237,-0.237423,-0.815405,2.361311,117.268753,6.513185,0.103129,-0.219070,0.065014,-0.968063,8.314397,122.601761,-8.961636,0.163272,-0.029847,-0.054490,-0.984623,30.688499,118.328110,-19.223198,0.228898,0.038306,-0.088825,-0.968632,50.435394,120.269440,-20.746788,-0.165128,0.701027,0.127464,0.681943,1.027048,116.422417,13.425636,0.269467,0.927835,0.257611,0.012080,1.294793,117.426888,30.811537,-0.271175,0.523016,0.451358,-0.670220,22.642582,104.778694,27.903000,-0.135657,0.371187,0.464173,-0.792692,21.729944,122.616135,18.744425,-0.018295,-0.680865,-0.120536,-0.722190,7.934622,88.987465,-0.116143,0.076554,0.712907,-0.115749,0.687391,13.495363,52.821709,-7.219138,-0.001637,0.817311,-0.022298,0.575763,0.806375,7.346001,-4.391151,-0.091478,0.720766,-0.084705,0.681875,6.777329,87.875107,17.541636,0.006419,0.764004,-0.123785,0.633193,7.386830,51.760017,26.742989,-0.013093,0.773414,0.014225,0.633606,-0.491394,5.915934,35.304607,-0.001637,0.817311,-0.022298,0.575763,13.190222,1.129692,-8.638362,-0.013093,0.773414,0.014225,0.633606,12.757270,0.671028,32.657951
708,5.900000,-0.008045,-0.685808,-0.034631,-0.726914,7.326570,88.442772,8.709668,0.051308,-0.643560,-0.080466,-0.759423,7.040787,95.693932,9.139999,0.035219,-0.631426,-0.105592,-0.767406,4.708741,107.856079,9.457635,-0.052580,-0.695654,0.046140,-0.714963,1.611542,122.480057,10.646672,-0.006155,0.755830,-0.121888,0.643293,5.278491,135.839661,10.844855,0.077219,-0.524963,-0.236870,-0.813845,2.314957,117.266151,6.509688,0.111873,-0.221257,0.067433,-0.966428,8.177724,122.569214,-9.009840,0.174629,-0.011908,-0.066444,-0.982318,30.487690,118.076111,-19.317209,0.243813,0.058379,-0.101625,-0.962715,50.153114,120.584129,-20.241856,-0.164434,0.703083,0.126893,0.680099,1.036467,116.432365,13.434197,0.271367,0.927353,0.257443,0.009988,1.399693,117.453362,30.817402,-0.269638,0.522328,0.453084,-0.670212,22.698458,104.750656,27.789492,-0.135730,0.370068,0.466789,-0.791666,21.819460,122.597214,18.639145,-0.019112,-0.683017,-0.121029,-0.720052,7.831336,88.986946,-0.124501,0.074872,0.712954,-0.115525,0.687565,13.354781,52.832340,-7.312868,-0.002067,0.817285,-0.021863,0.575815,0.791518,7.327646,-4.391368,-0.091078,0.722570,-0.085442,0.679924,6.821805,87.898598,17.543837,0.006812,0.764660,-0.123713,0.632411,7.397025,51.787399,26.762650,-0.012598,0.773365,0.013827,0.633685,-0.496574,5.942103,35.303623,-0.002067,0.817285,-0.021863,0.575815,13.183255,1.127202,-8.638756,-0.012598,0.773365,0.013827,0.633685,12.745899,0.680409,32.659290
709,5.908333,-0.008300,-0.688222,-0.034398,-0.724637,7.275308,88.433403,8.702834,0.050973,-0.646810,-0.080269,-0.756700,6.995962,95.684738,9.134470,0.035262,-0.634924,-0.104892,-0.764608,4.673535,107.852379,9.465283,-0.051722,-0.698223,0.045501,-0.712559,1.596742,122.480682,10.654057,-0.004744,0.757426,-0.123116,0.641191,5.236206,135.848114,10.828584,0.077440,-0.527696,-0.236386,-0.812195,2.260055,117.258514,6.520862,0.118900,-0.223543,0.070178,-0.964866,8.030583,122.522858,-9.046349,0.184889,0.006864,-0.078551,-0.979591,30.270880,117.811417,-19.406656,0.258336,0.079222,-0.115050,-0.955903,49.814625,120.907104,-19.715145,-0.163563,0.705394,0.126004,0.678078,1.042306,116.438637,13.457971,0.273606,0.926716,0.257441,0.007858,1.511090,117.481422,30.837357,-0.267822,0.521096,0.455261,-0.670423,22.750780,104.711082,27.681690,-0.133131,0.369223,0.467177,-0.792273,21.899809,122.564232,18.552757,-0.020101,-0.682902,-0.121167,-0.720110,7.721552,88.976639,-0.134543,0.073358,0.713277,-0.114998,0.687481,13.202785,52.827431,-7.382101,-0.002971,0.817179,-0.021167,0.575987,0.774535,7.290027,-4.393554,-0.091288,0.724210,-0.085896,0.678092,6.829063,87.890167,17.540211,0.007305,0.765478,-0.123705,0.631416,7.415509,51.787628,26.792187,-0.012487,0.773471,0.013973,0.633555,-0.502217,5.942824,35.313435,-0.002971,0.817179,-0.021167,0.575987,13.181964,1.118340,-8.637022,-0.012487,0.773471,0.013973,0.633555,12.739428,0.682276,32.662682
710,5.916667,-0.009250,-0.690014,-0.033733,-0.722950,7.178177,88.411690,8.717772,0.050211,-0.649879,-0.079028,-0.754248,6.916402,95.663437,9.153409,0.035332,-0.638311,-0.103894,-0.761917,4.627794,107.852020,9.488070,-0.051118,-0.700749,0.044834,-0.710161,1.577362,122.486435,10.669608,-0.003262,0.759126,-0.124644,0.638891,5.193408,135.860443,10.826339,0.077304,-0.530948,-0.235619,-0.810310,2.199707,117.254150,6.542844,0.122896,-0.225592,0.074027,-0.963600,7.862928,122.475052,-9.078306,0.192720,0.026288,-0.091440,-0.976630,30.029518,117.525543,-19.485468,0.271365,0.100226,-0.127139,-0.948763,49.400257,121.248840,-19.167608,-0.163007,0.707977,0.125615,0.675588,1.040156,116.451408,13.491915,0.275938,0.926140,0.257086,0.005412,1.632676,117.515274,30.866241,-0.265702,0.519383,0.457405,-0.671137,22.809940,104.676422,27.572063,-0.131769,0.367190,0.470130,-0.791699,21.965908,122.538666,18.458017,-0.019727,-0.685989,-0.122030,-0.717034,7.581415,88.957253,-0.121526,0.072389,0.713586,-0.114539,0.687340,13.095458,52.822567,-7.416470,-0.003561,0.817186,-0.020602,0.575995,0.761868,7.261834,-4.391550,-0.092164,0.725772,-0.085669,0.676329,6.774939,87.866127,17.557072,0.007982,0.766527,-0.123702,0.630135,7.442111,51.772659,26.838919,-0.012427,0.773755,0.014471,0.633197,-0.510245,5.928749,35.332657,-0.003561,0.817186,-0.020602,0.575995,13.179140,1.111215,-8.636806,-0.012427,0.773755,0.014471,0.633197,12.731775,0.677584,32.665241
711,5.925000,-0.008883,-0.692694,-0.033456,-0.720400,7.135969,88.409668,8.747105,0.050303,-0.653084,-0.079029,-0.751469,6.875017,95.661789,9.177084,0.035333,-0.641716,-0.103074,-0.759163,4.586973,107.846832,9.519688,-0.050272,-0.703269,0.044631,-0.707738,1.560147,122.486328,10.698954,-0.001763,0.760696,-0.125818,0.636795,5.156913,135.865860,10.824386,0.076980,-0.534125,-0.235500,-0.808285,2.142040,117.245445,6.577196,0.125573,-0.227751,0.079736,-0.962290,7.689339,122.443840,-9.092976,0.200016,0.046307,-0.105843,-0.972958,29.763142,117.180923,-19.543488,0.284857,0.122108,-0.138517,-0.940616,48.914261,121.597839,-18.603354,-0.162630,0.710753,0.125578,0.672764,1.041891,116.457298,13.537586,0.277704,0.925785,0.256503,0.002848,1.771292,117.540825,30.905489,-0.264229,0.518128,0.458899,-0.671668,22.900763,104.658188,27.478027,-0.130371,0.366019,0.470732,-0.792114,22.059393,122.526787,18.375338,-0.020791,-0.684539,-0.122213,-0.718358,7.473830,88.946106,-0.095493,0.071321,0.714880,-0.113624,0.686257,12.957578,52.817963,-7.445480,-0.004112,0.817206,-0.019646,0.575997,0.758503,7.222953,-4.391715,-0.091995,0.727412,-0.086095,0.674534,6.798107,87.873230,17.589703,0.008474,0.767527,-0.123558,0.628939,7.457458,51.782906,26.884329,-0.012344,0.774077,0.014248,0.632811,-0.508788,5.936399,35.350998,-0.004112,0.817206,-0.019646,0.575997,13.187849,1.101157,-8.643292,-0.012344,0.774077,0.014248,0.632811,12.728411,0.679130,32.671700
712,5.933333,-0.008679,-0.695213,-0.033009,-0.717993,7.082263,88.411865,8.793771,0.050656,-0.656306,-0.078891,-0.748647,6.825412,95.664474,9.218015,0.035427,-0.645226,-0.102147,-0.756303,4.537682,107.838669,9.561360,0.049861,0.705744,-0.044735,0.705293,1.535192,122.483673,10.734461,-0.000494,0.762199,-0.126922,0.634778,5.126565,135.864883,10.831285,0.076604,-0.537099,-0.235350,-0.806391,2.075406,117.232964,6.619539,0.127712,-0.229563,0.086482,-0.960995,7.514195,122.410706,-9.095452,0.207393,0.066898,-0.121213,-0.968411,29.490576,116.793129,-19.566656,0.299109,0.144347,-0.149817,-0.931264,48.359844,121.943916,-18.010607,-0.161634,0.713567,0.124967,0.670134,1.036625,116.461548,13.591226,0.279070,0.925511,0.256027,0.000487,1.900310,117.562035,30.951904,-0.262388,0.516077,0.460384,-0.672952,22.992186,104.650352,27.404341,-0.128192,0.363843,0.472387,-0.792487,22.120684,122.518539,18.314270,-0.021098,-0.685136,-0.122918,-0.717659,7.358676,88.939064,-0.051517,0.070492,0.714530,-0.113051,0.686802,12.857202,52.824772,-7.458296,-0.004651,0.817055,-0.019354,0.576216,0.747863,7.206366,-4.396785,-0.091991,0.729080,-0.086230,0.672714,6.805851,87.884674,17.639059,0.009077,0.768527,-0.123416,0.627736,7.481310,51.796032,26.939068,-0.012243,0.774447,0.014098,0.632363,-0.507084,5.947214,35.372326,-0.004651,0.817055,-0.019354,0.576216,13.186873,1.099196,-8.641137,-0.012243,0.774447,0.014098,0.632363,12.725194,0.685069,32.678310
713,5.941667,-0.008424,-0.697815,-0.032695,-0.715482,7.032916,88.404266,8.852010,0.051224,-0.659525,-0.078816,-0.745782,6.778279,95.657234,9.271354,0.035284,-0.648746,-0.101500,-0.753380,4.484584,107.828140,9.612803,0.049267,0.708294,-0.045137,0.702748,1.504704,122.477402,10.790430,0.000742,0.763724,-0.128131,0.632698,5.092662,135.859756,10.848735,0.075164,-0.541615,-0.234310,-0.803805,2.003291,117.219910,6.678911,0.129661,-0.229877,0.093112,-0.960039,7.289398,122.362427,-9.099611,0.215850,0.087091,-0.136406,-0.962921,29.199055,116.406525,-19.523546,0.315344,0.167067,-0.161883,-0.920022,47.754536,122.286453,-17.392159,-0.161642,0.716685,0.125184,0.666755,1.027229,116.460098,13.660926,0.280411,0.925355,0.255112,-0.002325,2.048178,117.588005,31.011301,-0.260856,0.514221,0.461481,-0.674215,23.102291,104.652321,27.329393,-0.126623,0.362041,0.473210,-0.793073,22.194845,122.518562,18.248489,-0.020654,-0.687002,-0.123538,-0.715779,7.245421,88.923264,0.004473,0.070239,0.714933,-0.112308,0.686530,12.779559,52.818966,-7.424520,-0.006660,0.817106,-0.019416,0.576122,0.735889,7.181323,-4.390722,-0.091826,0.730784,-0.086241,0.670883,6.820411,87.885269,17.699549,0.009636,0.769661,-0.123407,0.626338,7.509790,51.794506,26.990307,-0.012328,0.774883,0.014180,0.631826,-0.503433,5.946455,35.404156,-0.006660,0.817106,-0.019416,0.576122,13.193204,1.103833,-8.623973,-0.012328,0.774883,0.014180,0.631826,12.726365,0.687462,32.691879
714,5.950000,-0.008325,-0.700224,-0.032454,-0.713137,6.980558,88.397743,8.923154,0.052004,-0.662620,-0.078694,-0.742992,6.728811,95.650955,9.339869,0.034940,-0.652211,-0.100926,-0.750476,4.426622,107.817474,9.674473,0.048899,0.710859,-0.045822,0.700135,1.471574,122.470940,10.862215,0.001800,0.765342,-0.129417,0.630476,5.065494,135.851807,10.880588,0.074394,-0.545704,-0.233607,-0.801312,1.928006,117.208328,6.752364,0.132060,-0.230527,0.099502,-0.958914,7.070732,122.314796,-9.085142,0.223989,0.108004,-0.151528,-0.956663,28.903950,116.026138,-19.473970,0.330485,0.189933,-0.172183,-0.908327,47.079994,122.632561,-16.763901,-0.160943,0.719663,0.124952,0.663754,1.014217,116.457367,13.743760,0.281797,0.924992,0.254853,-0.005459,2.182108,117.602966,31.083712,-0.259299,0.512644,0.462901,-0.675043,23.196085,104.648224,27.242968,-0.125546,0.360413,0.473354,-0.793900,22.276127,122.523544,18.171696,-0.021003,-0.687018,-0.124013,-0.715672,7.133632,88.911453,0.074080,0.069608,0.713977,-0.111612,0.687703,12.674269,52.817028,-7.397877,-0.007219,0.817043,-0.018777,0.576225,0.712331,7.156310,-4.388049,-0.091691,0.732700,-0.086247,0.668809,6.827483,87.884026,17.772228,0.010347,0.771132,-0.123290,0.624538,7.535626,51.791477,27.054649,-0.012593,0.775359,0.014253,0.631234,-0.502925,5.942050,35.436790,-0.007219,0.817043,-0.018777,0.576225,13.180584,1.101140,-8.621088,-0.012593,0.775359,0.014253,0.631234,12.725428,0.689109,32.705803
715,5.958333,-0.008164,-0.702527,-0.032191,-0.710881,6.920804,88.396049,9.003830,0.052577,-0.665839,-0.078257,-0.740115,6.671474,95.649551,9.417011,0.034361,-0.655844,-0.100782,-0.747349,4.371177,107.806488,9.743607,0.047791,0.713781,-0.046156,0.697211,1.436405,122.462036,10.955781,0.003313,0.767211,-0.131201,0.627824,5.015209,135.846939,10.924355,0.073581,-0.549798,-0.232825,-0.798812,1.850078,117.198059,6.843157,0.133301,-0.231196,0.106069,-0.957877,6.849245,122.267387,-9.052141,0.231370,0.128967,-0.166356,-0.949822,28.599575,115.650848,-19.411127,0.344865,0.214111,-0.181283,-0.895746,46.365349,122.974159,-16.135811,-0.161220,0.722911,0.125611,0.660022,1.003281,116.449501,13.843242,0.283372,0.924568,0.254562,-0.008562,2.340171,117.621376,31.169224,-0.257683,0.509797,0.464600,-0.676649,23.307497,104.639221,27.169319,-0.123511,0.357601,0.474454,-0.794833,22.333838,122.530319,18.128592,-0.021099,-0.687416,-0.124451,-0.715211,7.016888,88.903488,0.153591,0.069200,0.713174,-0.110742,0.688716,12.571067,52.817474,-7.348897,-0.007690,0.816877,-0.018163,0.576475,0.687882,7.133121,-4.386262,-0.091595,0.735063,-0.085979,0.666259,6.824718,87.888611,17.854067,0.011185,0.772996,-0.123316,0.622210,7.573471,51.791336,27.114845,-0.012470,0.775927,0.014217,0.630540,-0.502503,5.944213,35.473545,-0.007690,0.816877,-0.018163,0.576475,13.167561,1.098466,-8.614920,-0.012470,0.775927,0.014217,0.630540,12.719711,0.688408,32.718456
716,5.966667,-0.008217,-0.704844,-0.031776,-0.708602,6.850843,88.386841,9.102018,0.053362,-0.668832,-0.079218,-0.737252,6.607681,95.640717,9.512307,0.034361,-0.659254,-0.099215,-0.744554,4.277177,107.798721,9.850206,0.047794,0.716268,-0.046585,0.694626,1.382335,122.463669,11.044589,0.004602,0.768945,-0.133229,0.625262,4.968883,135.846405,10.985615,0.072947,-0.553606,-0.231775,-0.796542,1.749850,117.186844,6.944051,0.133169,-0.231455,0.113242,-0.957011,6.619664,122.211121,-9.005613,0.236536,0.149495,-0.182425,-0.942562,28.285391,115.255928,-19.319958,0.356206,0.237201,-0.188215,-0.883984,45.573730,123.321083,-15.516446,-0.160336,0.726428,0.125888,0.656314,0.962202,116.460487,13.953373,0.284762,0.924391,0.253505,-0.012138,2.479030,117.639633,31.264036,-0.256273,0.507809,0.465687,-0.677931,23.403202,104.640625,27.096409,-0.122367,0.355656,0.474742,-0.795710,22.389194,122.531166,18.070848,-0.021356,-0.687483,-0.125227,-0.715003,6.889578,88.888763,0.251029,0.068806,0.712928,-0.109808,0.689161,12.469895,52.817993,-7.305160,-0.007892,0.816720,-0.017408,0.576718,0.671162,7.108998,-4.385329,-0.091573,0.737921,-0.085599,0.663144,6.812109,87.884918,17.953009,0.012303,0.775376,-0.123253,0.619233,7.617903,51.782459,27.188795,-0.012508,0.776494,0.014437,0.629835,-0.504131,5.936348,35.508327,-0.007892,0.816720,-0.017408,0.576718,13.160517,1.093701,-8.613006,-0.012508,0.776494,0.014437,0.629835,12.714857,0.685764,32.727905
717,5.975000,0.008080,0.707406,0.031600,0.706054,6.789627,88.371910,9.209185,0.054183,-0.672076,-0.079231,-0.734235,6.548341,95.625984,9.617143,0.033714,-0.662895,-0.098856,-0.741392,4.206599,107.776390,9.950538,0.046791,0.719172,-0.047039,0.691658,1.338256,122.444794,11.166243,0.006049,0.770797,-0.135461,0.622484,4.913301,135.830292,11.057166,0.072578,-0.557567,-0.231088,-0.794009,1.660685,117.165771,7.064740,0.138564,-0.233507,0.117687,-0.955209,6.388255,122.147690,-8.940910,0.242808,0.171189,-0.196508,-0.934411,27.955038,114.913963,-19.271036,0.364808,0.259177,-0.194629,-0.872847,44.733734,123.658241,-14.911935,-0.159860,0.729607,0.125849,0.652902,0.940288,116.443344,14.081697,0.285871,0.924154,0.252911,-0.015890,2.618037,117.643997,31.376028,-0.254668,0.505425,0.467071,-0.679363,23.505323,104.644203,27.029678,-0.120972,0.353023,0.475673,-0.796540,22.446049,122.544464,18.022945,-0.021208,-0.688191,-0.126037,-0.714184,6.764415,88.868858,0.357864,0.068767,0.713628,-0.108695,0.688616,12.386712,52.812801,-7.237351,-0.008442,0.816839,-0.016880,0.576557,0.664200,7.080296,-4.379298,-0.091406,0.740891,-0.085289,0.659887,6.814839,87.874962,18.060505,0.013547,0.777828,-0.123210,0.616133,7.667735,51.766277,27.267668,-0.012531,0.777072,0.014770,0.629113,-0.510059,5.922213,35.543739,-0.008442,0.816839,-0.016880,0.576557,13.160745,1.084705,-8.613714,-0.012531,0.777072,0.014770,0.629113,12.706168,0.679014,32.736389
718,5.983333,0.007796,0.710276,0.031233,0.703187,6.728498,88.362709,9.334655,0.055319,-0.675554,-0.079368,-0.730936,6.489685,95.617180,9.736892,0.033151,-0.666775,-0.098678,-0.737953,4.128975,107.760262,10.063148,0.046085,0.722133,-0.047994,0.688546,1.282097,122.430847,11.302739,0.007333,0.772574,-0.137702,0.619769,4.860238,135.814972,11.138622,0.072272,-0.561239,-0.230545,-0.791604,1.558689,117.150009,7.200231,0.141645,-0.235868,0.122318,-0.953594,6.151880,122.094276,-8.856140,0.246516,0.192355,-0.209718,-0.926417,27.607754,114.596710,-19.229004,0.370913,0.280374,-0.202025,-0.861975,43.865032,123.974274,-14.320660,-0.159879,0.733110,0.126289,0.648875,0.910968,116.430794,14.224598,0.287323,0.923707,0.252635,-0.019659,2.771082,117.659164,31.498314,-0.252821,0.502516,0.468616,-0.681144,23.610098,104.646111,26.963997,-0.120049,0.349681,0.476802,-0.797478,22.491125,122.556412,17.981020,-0.021680,-0.688325,-0.126777,-0.713909,6.631549,88.850288,0.483310,0.068324,0.713228,-0.107541,0.689255,12.266175,52.809692,-7.175848,-0.009328,0.816741,-0.016272,0.576700,0.644867,7.047823,-4.375002,-0.090971,0.744003,-0.084834,0.656497,6.825447,87.875122,18.186001,0.014785,0.780051,-0.123120,0.613306,7.719240,51.754749,27.343317,-0.012901,0.777507,0.014844,0.628566,-0.514596,5.911908,35.570477,-0.009328,0.816741,-0.016272,0.576700,13.155592,1.079038,-8.605406,-0.012901,0.777507,0.014844,0.628566,12.701252,0.676552,32.746750
719,5.991667,0.007651,0.712748,0.031556,0.700668,6.660314,88.355385,9.465782,0.055985,-0.678680,-0.080224,-0.727889,6.418140,95.609596,9.870735,0.033030,-0.670294,-0.097461,-0.734926,4.032500,107.747635,10.209693,0.045489,0.724794,-0.048928,0.685719,1.220337,122.425613,11.440916,0.008750,0.774289,-0.140091,0.617069,4.803028,135.807800,11.226420,0.072167,-0.564806,-0.230211,-0.789170,1.450915,117.134796,7.348446,0.142561,-0.237766,0.127445,-0.952314,5.909541,122.043419,-8.756715,0.248269,0.212602,-0.223292,-0.918316,27.256512,114.285408,-19.162693,0.375275,0.300637,-0.208375,-0.851685,42.947933,124.276283,-13.745239,-0.159170,0.736684,0.126352,0.644978,0.866540,116.432999,14.380127,0.288534,0.923402,0.252042,-0.023488,2.910204,117.678795,31.631840,-0.251100,0.500323,0.470004,-0.682438,23.706106,104.661850,26.914436,-0.118303,0.347126,0.476178,-0.799226,22.551123,122.578110,17.946859,-0.022132,-0.688802,-0.127535,-0.713300,6.500640,88.844109,0.615411,0.067781,0.713105,-0.106242,0.689637,12.145813,52.819336,-7.110171,-0.009758,0.816874,-0.015572,0.576523,0.642705,7.024220,-4.365268,-0.090757,0.746719,-0.084202,0.653516,6.819988,87.866661,18.316154,0.016069,0.782216,-0.122948,0.610544,7.769928,51.735451,27.424896,-0.013373,0.777851,0.015260,0.628121,-0.519841,5.892348,35.594242,-0.009758,0.816874,-0.015572,0.576523,13.160390,1.076980,-8.605421,-0.013373,0.777851,0.015260,0.628121,12.699416,0.673738,32.755524
720,6.000000,0.007632,0.715339,0.031622,0.698020,6.576909,88.355080,9.614926,0.056542,-0.682172,-0.080138,-0.724585,6.335363,95.609238,10.021256,0.032644,-0.674206,-0.096933,-0.731426,3.946659,107.730499,10.359868,0.044473,0.727783,-0.049665,0.682559,1.160240,122.412315,11.603787,0.010217,0.776043,-0.142872,0.614199,4.735109,135.795563,11.332428,0.072091,-0.569000,-0.230081,-0.786196,1.343335,117.116669,7.515151,0.143167,-0.238861,0.132506,-0.951257,5.638428,121.988853,-8.645424,0.249353,0.231314,-0.236809,-0.910076,26.893579,113.982010,-19.050858,0.378040,0.320606,-0.214008,-0.841723,42.000751,124.553085,-13.189660,-0.159019,0.740233,0.126671,0.640877,0.832094,116.423332,14.553365,0.290050,0.923088,0.251016,-0.027751,3.061109,117.695831,31.780159,-0.248954,0.497273,0.471438,-0.684461,23.802279,104.665794,26.862244,-0.118361,0.342922,0.479657,-0.798952,22.579292,122.587036,17.911154,-0.022787,-0.689801,-0.128156,-0.712202,6.351561,88.843239,0.765952,0.067110,0.712606,-0.104711,0.690452,11.983956,52.832500,-7.034017,-0.010286,0.816753,-0.014735,0.576708,0.621125,6.998265,-4.358717,-0.090505,0.749838,-0.083721,0.650032,6.802257,87.866928,18.463902,0.017438,0.784631,-0.122439,0.607502,7.804379,51.726276,27.529531,-0.013803,0.778167,0.015561,0.627713,-0.526087,5.875704,35.615116,-0.010286,0.816753,-0.014735,0.576708,13.151437,1.077227,-8.598237,-0.013803,0.778167,0.015561,0.627713,12.695726,0.670723,32.763302
721,6.008333,0.007271,0.717915,0.031823,0.695365,6.495992,88.333855,9.775055,0.056688,-0.685731,-0.080055,-0.721215,6.250150,95.587906,10.180729,0.032501,-0.678135,-0.096421,-0.727860,3.862761,107.705902,10.527005,0.043924,0.730767,-0.050363,0.679348,1.096948,122.390976,11.778543,0.011399,0.777892,-0.145813,0.611141,4.671963,135.773132,11.459676,0.071663,-0.573417,-0.230052,-0.783028,1.234255,117.089211,7.696035,0.144179,-0.239999,0.137540,-0.950103,5.354022,121.932663,-8.518735,0.250496,0.250121,-0.250064,-0.901199,26.514009,113.674164,-18.921459,0.381313,0.338479,-0.219898,-0.831672,41.005810,124.806854,-12.629490,-0.158618,0.743571,0.126378,0.637159,0.796950,116.406509,14.740271,0.291376,0.922879,0.249712,-0.032226,3.195941,117.710030,31.941896,-0.246892,0.494344,0.473013,-0.686241,23.885170,104.675880,26.820274,-0.116687,0.338985,0.481597,-0.799711,22.605518,122.601318,17.892309,-0.023181,-0.691502,-0.128943,-0.710395,6.204938,88.818764,0.927817,0.066765,0.712852,-0.103129,0.690470,11.838568,52.824467,-6.946760,-0.011363,0.816742,-0.013946,0.576722,0.600640,6.954751,-4.353300,-0.090416,0.752679,-0.082624,0.646895,6.787046,87.848953,18.622292,0.018482,0.786641,-0.121896,0.604975,7.875811,51.693489,27.618587,-0.014678,0.778449,0.016172,0.627328,-0.475290,5.833903,35.631424,-0.011363,0.816742,-0.013946,0.576722,13.146666,1.067393,-8.593260,-0.014678,0.778449,0.016172,0.627328,12.754911,0.656668,32.768021
722,6.016667,0.007498,0.721126,0.031291,0.692056,6.391294,88.317627,9.950850,0.056771,-0.689475,-0.080315,-0.717600,6.155061,95.572113,10.354361,0.032497,-0.682107,-0.095329,-0.724283,3.761537,107.699013,10.716363,0.044029,0.733763,-0.051100,0.676049,1.025978,122.390366,11.960621,0.012478,0.779935,-0.148970,0.607745,4.614366,135.768021,11.605109,0.071960,-0.576929,-0.229723,-0.780514,1.114052,117.078400,7.890052,0.145869,-0.241775,0.142731,-0.948628,5.098367,121.878029,-8.371530,0.251741,0.269028,-0.262931,-0.891694,26.142921,113.350449,-18.791304,0.384486,0.355803,-0.225450,-0.821430,39.975960,125.010384,-12.088526,-0.157745,0.747180,0.126387,0.633138,0.750411,116.413582,14.940185,0.293075,0.922391,0.248929,-0.036544,3.336908,117.731819,32.113491,-0.244466,0.491160,0.474701,-0.688228,23.961683,104.678894,26.783928,-0.115031,0.335348,0.483135,-0.800556,22.620464,122.606850,17.876192,-0.023856,-0.692458,-0.130244,-0.709203,6.018917,88.797447,1.106385,0.066071,0.712906,-0.101540,0.690716,11.673367,52.830662,-6.878220,-0.011980,0.816764,-0.013165,0.576698,0.583304,6.921458,-4.347592,-0.089961,0.755539,-0.081639,0.643741,6.763670,87.837807,18.795317,0.019751,0.788262,-0.121545,0.602893,7.912840,51.664162,27.710688,-0.015064,0.778720,0.016872,0.626964,-0.491700,5.801094,35.647385,-0.011980,0.816764,-0.013165,0.576698,13.140115,1.060432,-8.592102,-0.015064,0.778720,0.016872,0.626964,12.743539,0.645168,32.768867
723,6.025000,0.007477,0.724454,0.031009,0.688585,6.291553,88.298004,10.137402,0.056896,-0.693314,-0.080325,-0.713881,6.059863,95.552757,10.538866,0.032375,-0.686156,-0.094645,-0.720544,3.664720,107.685898,10.911867,0.043077,0.737000,-0.051394,0.672558,0.953213,122.381386,12.159902,0.014066,0.781997,-0.152660,0.604134,4.525542,135.761948,11.755492,0.071184,-0.581969,-0.229104,-0.777018,0.993015,117.062164,8.098052,0.148180,-0.242390,0.147774,-0.947340,4.783759,121.820160,-8.221937,0.253548,0.286856,-0.275295,-0.881839,25.740236,113.030556,-18.601393,0.388295,0.371455,-0.231468,-0.810969,38.925812,125.196716,-11.537999,-0.157765,0.750909,0.126667,0.628651,0.706098,116.410088,15.152910,0.295347,0.921762,0.247866,-0.041079,3.489614,117.762962,32.292686,-0.242053,0.487776,0.476723,-0.690087,24.029991,104.668831,26.742823,-0.112893,0.331561,0.484299,-0.801734,22.633066,122.607407,17.866022,-0.024130,-0.695319,-0.131464,-0.706163,5.834202,88.772629,1.296643,0.065536,0.713047,-0.099750,0.690882,11.504022,52.830620,-6.787989,-0.012663,0.816716,-0.012215,0.576771,0.564500,6.880686,-4.342857,-0.089280,0.758170,-0.080618,0.640865,6.748905,87.823380,18.978161,0.021016,0.789927,-0.121101,0.600756,7.943451,51.628296,27.800047,-0.015855,0.778883,0.017590,0.626722,-0.508895,5.759901,35.654743,-0.012663,0.816716,-0.012215,0.576771,13.134829,1.050740,-8.590163,-0.015855,0.778883,0.017590,0.626722,12.735656,0.632570,32.768002
724,6.033333,0.007613,0.727940,0.030656,0.684913,6.183122,88.287064,10.333724,0.056945,-0.697500,-0.079497,-0.709881,5.958418,95.542099,10.733988,0.031960,-0.690572,-0.094608,-0.716336,3.581010,107.668327,11.105487,0.041835,0.740435,-0.052127,0.668796,0.886559,122.364830,12.378295,0.015556,0.783923,-0.156007,0.600736,4.444271,135.747177,11.909218,0.070148,-0.587620,-0.228204,-0.773114,0.876165,117.043327,8.319250,0.152377,-0.243456,0.152090,-0.945716,4.451037,121.753105,-8.063312,0.256024,0.305059,-0.286695,-0.871319,25.316969,112.712608,-18.409637,0.392333,0.385858,-0.236757,-0.800709,37.834312,125.351563,-10.993193,-0.156666,0.754448,0.125800,0.624850,0.675363,116.395233,15.377450,0.297218,0.921322,0.246418,-0.045883,3.636869,117.774323,32.485275,-0.239548,0.484246,0.478445,-0.692252,24.100988,104.656754,26.713493,-0.110165,0.327759,0.485244,-0.803104,22.632473,122.600937,17.861300,-0.024725,-0.697856,-0.132708,-0.703402,5.636377,88.757614,1.497826,0.064700,0.713008,-0.097872,0.691270,11.308904,52.842278,-6.702647,-0.013347,0.816730,-0.011363,0.576754,0.545159,6.846941,-4.332255,-0.088710,0.761066,-0.079801,0.637605,6.729867,87.816513,19.169621,0.022563,0.792103,-0.120342,0.597981,7.969776,51.604099,27.913757,-0.015642,0.778804,0.019178,0.626779,-0.528131,5.724761,35.654545,-0.013347,0.816730,-0.011363,0.576754,13.127337,1.045945,-8.584097,-0.015642,0.778804,0.019178,0.626779,12.725276,0.627349,32.755486
725,6.041667,0.007101,0.731659,0.030524,0.680950,6.086245,88.272514,10.545452,0.056790,-0.701566,-0.079584,-0.705865,5.859589,95.527771,10.940463,0.032066,-0.694737,-0.093751,-0.712407,3.484912,107.657196,11.329921,0.041038,0.743639,-0.053145,0.665201,0.813697,122.358337,12.598197,0.016808,0.785886,-0.159270,0.597273,4.370378,135.738678,12.068398,0.068790,-0.593342,-0.228060,-0.768897,0.754223,117.027237,8.552192,0.156499,-0.244428,0.156745,-0.944031,4.095978,121.713730,-7.886164,0.258005,0.321728,-0.297488,-0.861061,24.866369,112.408722,-18.190130,0.394692,0.400154,-0.241469,-0.791067,36.741226,125.485214,-10.468188,-0.156091,0.757994,0.125627,0.620724,0.632949,116.395988,15.613736,0.299367,0.920910,0.244415,-0.050655,3.779751,117.801048,32.686337,-0.236487,0.480848,0.480279,-0.694400,24.156778,104.644394,26.699404,-0.107041,0.323539,0.486933,-0.804215,22.627316,122.587677,17.859570,0.025036,0.701019,0.133967,0.699999,5.443384,88.733170,1.715504,0.064169,0.713370,-0.095879,0.691225,11.125861,52.844017,-6.592001,-0.014291,0.816786,-0.010423,0.576670,0.526461,6.805676,-4.317780,-0.087931,0.763437,-0.078670,0.635014,6.729106,87.811852,19.375399,0.024103,0.793702,-0.119719,0.595923,8.009347,51.575817,28.015263,-0.017347,0.778736,0.018859,0.626828,-0.549039,5.689126,35.645061,-0.014291,0.816786,-0.010423,0.576670,13.122761,1.039607,-8.575319,-0.017347,0.778736,0.018859,0.626828,12.716532,0.614028,32.762527
726,6.050000,0.007554,0.735370,0.030075,0.676957,5.961073,88.261909,10.764710,-0.056640,0.705945,0.079071,0.701556,5.745825,95.517471,11.160606,0.031524,-0.699351,-0.093319,-0.707960,3.384762,107.650566,11.558442,0.039620,0.747238,-0.054032,0.661171,0.742169,122.355164,12.846409,0.018266,0.787894,-0.162899,0.593594,4.281970,135.736923,12.244196,0.067515,-0.599495,-0.226469,-0.764696,0.626401,117.020180,8.806747,0.160200,-0.245553,0.160525,-0.942482,3.737685,121.642815,-7.694811,0.259260,0.337983,-0.308224,-0.850617,24.420622,112.117722,-17.973583,0.396184,0.414240,-0.244933,-0.781954,35.633869,125.607666,-9.967952,-0.156010,0.761741,0.125908,0.616084,0.595196,116.395912,15.869883,0.301425,0.920366,0.242918,-0.055324,3.942798,117.833473,32.901535,-0.233120,0.477241,0.481814,-0.696959,24.233318,104.643181,26.698696,-0.104097,0.319614,0.487463,-0.805848,22.625130,122.572838,17.863363,0.025680,0.703170,0.135207,0.697575,5.222189,88.721382,1.942217,0.063344,0.713352,-0.093687,0.691620,10.907202,52.859543,-6.480712,-0.014847,0.816748,-0.009283,0.576729,0.503397,6.771952,-4.302965,-0.087404,0.765792,-0.077450,0.632396,6.699957,87.802437,19.587204,0.025674,0.795391,-0.118860,0.593773,8.038437,51.545311,28.129190,-0.017758,0.778414,0.020495,0.627165,-0.569419,5.646637,35.630150,-0.014847,0.816748,-0.009283,0.576729,13.112903,1.039145,-8.566333,-0.017758,0.778414,0.020495,0.627165,12.712309,0.613177,32.748993
727,6.058333,0.007215,0.739531,0.029989,0.672416,5.852169,88.247284,10.993268,-0.056765,0.709833,0.080929,0.697399,5.636571,95.502998,11.386248,0.031016,-0.703316,-0.092099,-0.704203,3.242082,107.637878,11.828321,0.038949,0.750366,-0.056142,0.657482,0.642740,122.350220,13.115938,0.019248,0.789882,-0.166313,0.589963,4.202101,135.722916,12.433000,0.066634,-0.605340,-0.225090,-0.760564,0.472447,117.007591,9.088318,0.161288,-0.246628,0.164497,-0.941330,3.360104,121.565926,-7.471672,0.258276,0.352579,-0.318711,-0.841073,23.952097,111.841225,-17.746119,0.395740,0.427330,-0.248969,-0.773817,34.531765,125.701836,-9.477403,-0.154811,0.766215,0.125205,0.610960,0.516919,116.397186,16.152594,0.304098,0.919689,0.240837,-0.060787,4.096495,117.864502,33.134464,-0.229640,0.473475,0.483905,-0.699230,24.274466,104.621574,26.681637,-0.101007,0.315100,0.488831,-0.807189,22.603893,122.550392,17.861509,0.026158,0.706180,0.136446,0.694268,5.004553,88.699432,2.180177,0.062644,0.713766,-0.091392,0.691565,10.689365,52.864529,-6.356743,-0.015866,0.816905,-0.008336,0.576494,0.480995,6.728402,-4.284194,-0.086569,0.767900,-0.076372,0.630082,6.699786,87.795143,19.806358,0.027288,0.796864,-0.117952,0.591905,8.068197,51.514828,28.244532,-0.018606,0.778074,0.021305,0.627536,-0.592983,5.603880,35.607758,-0.015866,0.816905,-0.008336,0.576494,13.103582,1.031809,-8.557379,-0.018606,0.778074,0.021305,0.627536,12.703345,0.602055,32.738892
728,6.066667,0.006877,0.743755,0.029338,0.667773,5.720239,88.235733,11.240784,-0.056384,0.714645,0.080328,0.692569,5.509772,95.492081,11.624795,-0.030347,0.708293,0.091683,0.699282,3.136729,107.622818,12.078894,0.038016,0.754280,-0.057482,0.652926,0.569273,122.338661,13.390036,0.020352,0.792244,-0.169700,0.585779,4.127451,135.707565,12.631038,0.065941,-0.611477,-0.224178,-0.755971,0.337568,116.992760,9.369856,0.163721,-0.247827,0.168039,-0.939968,2.979365,121.491562,-7.247357,0.257161,0.366511,-0.328848,-0.831503,23.482883,111.571922,-17.512373,0.393418,0.440112,-0.252895,-0.766530,33.424503,125.766060,-9.011958,-0.154010,0.769988,0.124072,0.606634,0.480577,116.388367,16.433340,0.306672,0.919118,0.238319,-0.066168,4.252244,117.897354,33.369919,-0.226091,0.469949,0.485751,-0.701481,24.317524,104.601334,26.679283,-0.098344,0.310200,0.490425,-0.808448,22.585297,122.527023,17.863148,0.026558,0.709940,0.137666,0.690166,4.762211,88.673782,2.438300,0.061792,0.713631,-0.088829,0.692115,10.439609,52.865387,-6.214001,-0.016771,0.816967,-0.007005,0.576398,0.452643,6.675535,-4.263083,-0.085834,0.770938,-0.075388,0.626581,6.678267,87.797691,20.043268,0.029106,0.798624,-0.116676,0.589694,8.089892,51.496784,28.385221,-0.019483,0.777580,0.021813,0.628103,-0.617325,5.567223,35.576015,-0.016771,0.816967,-0.007005,0.576398,13.091087,1.021788,-8.546280,-0.019483,0.777580,0.021813,0.628103,12.693312,0.591204,32.728714
729,6.075000,0.006626,0.748040,0.028890,0.662991,5.582558,88.218315,11.489977,-0.056283,0.719412,0.081167,0.687525,5.376137,95.475082,11.868050,-0.030040,0.713309,0.090229,0.694368,2.990769,107.619202,12.355969,0.037833,0.757898,-0.059383,0.648562,0.469107,122.343536,13.660661,0.021320,0.794347,-0.173026,0.581911,4.050691,135.701889,12.829171,0.065523,-0.617188,-0.223258,-0.751626,0.171456,116.986702,9.659416,0.166167,-0.249167,0.171414,-0.938574,2.583194,121.423386,-7.009406,0.255393,0.379164,-0.338695,-0.822372,22.996185,111.315742,-17.271450,0.389671,0.451812,-0.256950,-0.760263,32.321037,125.808212,-8.572043,-0.152970,0.774679,0.123955,0.600922,0.411844,116.402077,16.721922,0.309428,0.918484,0.235603,-0.071645,4.434914,117.935287,33.598370,-0.222194,0.465457,0.488120,-0.704073,24.377649,104.578003,26.667667,-0.094189,0.304359,0.493791,-0.809114,22.568569,122.516190,17.870499,0.026770,0.713322,0.139444,0.686302,4.511647,88.645805,2.699991,0.061087,0.714624,-0.086362,0.691464,10.222371,52.874977,-6.084772,-0.017331,0.817198,-0.005898,0.576067,0.444058,6.636050,-4.242410,-0.085354,0.773564,-0.074298,0.623533,6.653471,87.790825,20.279963,0.031047,0.800572,-0.115484,0.587184,8.122039,51.471638,28.532045,-0.020977,0.777313,0.021627,0.628392,-0.643706,5.526954,35.553158,-0.017331,0.817198,-0.005898,0.576067,13.091132,1.014813,-8.542903,-0.020977,0.777313,0.021627,0.628392,12.679739,0.572673,32.727932
730,6.083333,0.005788,0.752748,0.028349,0.657672,5.441080,88.198166,11.760596,-0.055395,0.724624,0.080422,0.682190,5.233350,95.455536,12.126204,-0.029901,0.718542,0.089543,0.689047,2.880383,107.602951,12.633583,0.036832,0.761895,-0.060295,0.643836,0.385573,122.331253,13.945320,0.022569,0.796625,-0.176758,0.577612,3.955280,135.688263,13.044320,0.064232,-0.623789,-0.222296,-0.746556,0.025944,116.966393,9.959941,0.169168,-0.250477,0.174549,-0.937111,2.167232,121.351624,-6.759359,0.253109,0.390562,-0.348309,-0.813682,22.493340,111.061310,-17.012327,0.384682,0.461989,-0.262556,-0.754752,31.228661,125.827179,-8.141897,-0.152341,0.778691,0.123154,0.596043,0.370842,116.396080,17.019287,0.312087,0.917659,0.233751,-0.076579,4.604058,117.971329,33.840370,-0.217266,0.461265,0.490095,-0.706991,24.427666,104.555855,26.683956,-0.088485,0.299791,0.492783,-0.812072,22.541193,122.469688,17.876322,0.027256,0.716727,0.141014,0.682403,4.245444,88.606003,2.985769,0.060261,0.714698,-0.083626,0.691796,9.962770,52.869953,-5.935195,-0.018751,0.817282,-0.004773,0.575913,0.416214,6.577551,-4.225013,-0.084774,0.776542,-0.073296,0.620020,6.636716,87.790337,20.535425,0.032704,0.802982,-0.113720,0.584138,8.156411,51.452766,28.696829,-0.022297,0.777037,0.021863,0.628679,-0.611540,5.479831,35.527676,-0.018751,0.817282,-0.004773,0.575913,13.081768,1.002879,-8.531727,-0.022297,0.777037,0.021863,0.628679,12.725863,0.553259,32.719902
731,6.091667,0.005078,0.757802,0.028043,0.651862,5.309866,88.189590,12.041405,-0.055514,0.729960,0.080296,0.676483,5.100035,95.447327,12.398503,-0.029505,0.724016,0.088524,0.683443,2.750924,107.595619,12.920119,0.036969,0.765809,-0.061764,0.639026,0.295756,122.330055,14.237581,0.023227,0.798863,-0.180312,0.573382,3.885784,135.677368,13.275455,0.063250,-0.630206,-0.221386,-0.741504,-0.132904,116.956833,10.270346,0.172196,-0.251801,0.178062,-0.935542,1.742138,121.286621,-6.495315,0.250925,0.401054,-0.358080,-0.804967,21.973103,110.796448,-16.733913,0.379744,0.471436,-0.268064,-0.749456,30.124928,125.824944,-7.729734,-0.151536,0.783322,0.122953,0.590192,0.321406,116.401779,17.324711,0.315517,0.916679,0.231096,-0.082115,4.804897,118.008865,34.077801,-0.212973,0.456946,0.492114,-0.709695,24.477049,104.505348,26.673347,-0.084414,0.295497,0.493558,-0.813607,22.510344,122.419739,17.868414,0.027778,0.719570,0.142548,0.679064,3.979188,88.581940,3.285332,0.059553,0.715889,-0.080535,0.690992,9.705253,52.880466,-5.767478,-0.019130,0.817487,-0.003513,0.575619,0.408217,6.532046,-4.206351,-0.084029,0.779539,-0.072183,0.616480,6.640544,87.797241,20.797478,0.034865,0.805382,-0.112572,0.580923,8.206412,51.438236,28.853973,-0.023090,0.776872,0.022110,0.628847,-0.635853,5.454522,35.514332,-0.019130,0.817487,-0.003513,0.575619,13.081908,0.990445,-8.531761,-0.023090,0.776872,0.022110,0.628847,12.710518,0.546864,32.716068
732,6.100000,0.004441,0.762666,0.026974,0.646215,5.143138,88.184669,12.340140,-0.055114,0.735532,0.079763,0.670517,4.938955,95.443344,12.680968,-0.028942,0.729798,0.087393,0.677436,2.610602,107.592773,13.218695,0.036480,0.769987,-0.063761,0.633817,0.201578,122.334167,14.543489,0.024337,0.801135,-0.183554,0.569121,3.806540,135.670990,13.495572,0.062184,-0.636579,-0.220384,-0.736431,-0.301732,116.952812,10.596092,0.174532,-0.253204,0.181817,-0.934007,1.307523,121.227356,-6.211314,0.248602,0.410439,-0.367664,-0.796593,21.435566,110.533974,-16.442547,0.375263,0.480052,-0.273720,-0.744181,29.027933,125.803162,-7.334737,-0.150080,0.787760,0.121848,0.584862,0.268973,116.412758,17.643162,0.318162,0.916069,0.227741,-0.087886,4.985926,118.048653,34.329220,-0.208358,0.452951,0.493733,-0.712496,24.525291,104.485558,26.685923,-0.079917,0.290528,0.494670,-0.815174,22.476887,122.382530,17.866716,0.027501,0.723235,0.144626,0.674728,3.682376,88.553787,3.603814,0.059249,0.717468,-0.077411,0.689736,9.474241,52.895641,-5.577012,-0.019934,0.817689,-0.002636,0.575310,0.402403,6.497118,-4.188940,-0.083759,0.783192,-0.070944,0.612015,6.603900,87.815544,21.076468,0.037316,0.808609,-0.111150,0.576545,8.257405,51.439934,29.039959,-0.023641,0.776770,0.022195,0.628949,-0.658806,5.442863,35.506699,-0.019934,0.817689,-0.002636,0.575310,13.085517,0.987008,-8.526947,-0.023641,0.776770,0.022195,0.628949,12.693145,0.546514,32.715244
733,6.108333,0.003615,0.767879,0.026475,0.640038,4.989905,88.166237,12.647893,-0.054990,0.741053,0.079789,0.664417,4.783895,95.425400,12.977102,-0.028807,0.735442,0.085706,0.671528,2.459600,107.587067,13.537134,0.037118,0.773960,-0.066104,0.628680,0.098115,122.337463,14.847355,0.025067,0.803550,-0.186630,0.564667,3.746490,135.656540,13.726614,0.060413,-0.643471,-0.218993,-0.730984,-0.478469,116.942856,10.928143,0.178346,-0.254816,0.185097,-0.932202,0.844768,121.164940,-5.917431,0.247017,0.419259,-0.376588,-0.788281,20.871778,110.272583,-16.137007,0.371282,0.487253,-0.279130,-0.739473,27.927023,125.760361,-6.951605,-0.148798,0.792837,0.121527,0.578360,0.205360,116.427109,17.966959,0.320797,0.915550,0.223731,-0.093821,5.199116,118.088188,34.569775,-0.203580,0.448077,0.495229,-0.715912,24.600483,104.461578,26.691544,-0.074856,0.284704,0.497076,-0.816245,22.434786,122.346619,17.865837,0.027996,0.726108,0.146549,0.671198,3.388153,88.515892,3.935512,0.058571,0.718208,-0.074249,0.689372,9.205523,52.901554,-5.397961,-0.020769,0.817799,-0.001285,0.575128,0.384416,6.450119,-4.173019,-0.083276,0.786931,-0.069651,0.607416,6.591658,87.816582,21.360271,0.039761,0.812113,-0.109992,0.571658,8.323038,51.421417,29.217157,-0.024171,0.776985,0.022807,0.628642,-0.679365,5.417955,35.516853,-0.020769,0.817799,-0.001285,0.575128,13.081434,0.982407,-8.523981,-0.024171,0.776985,0.022807,0.628642,12.678274,0.543651,32.714073
734,6.116667,0.002918,0.773105,0.025721,0.633750,4.825477,88.152756,12.967995,-0.055431,0.747142,0.079079,0.657611,4.621282,95.412552,13.283998,-0.027808,0.741914,0.084753,0.664535,2.304543,107.581116,13.845251,0.036865,0.778542,-0.068340,0.622771,-0.003357,122.338066,15.176858,0.026204,0.805932,-0.189847,0.560130,3.665489,135.643478,13.964426,0.058661,-0.650321,-0.217159,-0.725592,-0.664968,116.938522,11.277956,0.184603,-0.257257,0.187389,-0.929853,0.377420,121.098373,-5.602781,0.246124,0.427659,-0.384700,-0.780087,20.299301,110.019066,-15.826872,0.367357,0.493213,-0.285274,-0.735125,26.841377,125.699913,-6.583815,-0.147875,0.797717,0.120945,0.571974,0.152172,116.432381,18.303246,0.323713,0.914597,0.220987,-0.099433,5.411375,118.131760,34.820004,-0.198125,0.443377,0.497117,-0.719054,24.664650,104.436279,26.701546,-0.069343,0.279424,0.497832,-0.818093,22.405792,122.304626,17.860649,0.027710,0.729775,0.148914,0.666697,3.081635,88.481781,4.282132,0.058035,0.719798,-0.070458,0.688156,8.975230,52.918339,-5.196423,-0.021565,0.818190,-0.000529,0.574544,0.437170,6.409094,-4.176841,-0.083277,0.791530,-0.068020,0.601597,6.569320,87.823723,21.653858,0.042182,0.816534,-0.108601,0.565419,8.432658,51.411819,29.402245,-0.025131,0.777382,0.022531,0.628123,-0.634027,5.398354,35.534428,-0.021565,0.818190,-0.000529,0.574544,13.139667,0.970034,-8.547680,-0.025131,0.777382,0.022531,0.628123,12.725711,0.534695,32.723160
735,6.125000,0.002116,0.778322,0.025547,0.627342,4.668768,88.135406,13.291797,-0.055494,0.753075,0.078883,0.650827,4.459696,95.395393,13.600183,-0.027283,0.748151,0.083093,0.657739,2.150778,107.560905,14.177568,0.036936,0.782890,-0.070473,0.617052,-0.100536,122.327087,15.503810,0.027152,0.808301,-0.193002,0.555575,3.593086,135.617844,14.208653,0.056422,-0.657781,-0.215237,-0.719593,-0.845273,116.916634,11.635123,0.189166,-0.259653,0.189793,-0.927780,-0.113862,121.019005,-5.275996,0.244471,0.434343,-0.392750,-0.772869,19.700817,109.766342,-15.519055,0.363328,0.498534,-0.291566,-0.731058,25.780928,125.624252,-6.242508,-0.146747,0.802821,0.120063,0.565269,0.099707,116.431030,18.645815,0.326598,0.913946,0.216408,-0.105848,5.636086,118.170761,35.067513,-0.193326,0.438487,0.498562,-0.722351,24.729792,104.400650,26.702204,-0.064450,0.273491,0.499839,-0.819274,22.355356,122.255257,17.858925,0.027829,0.733531,0.150562,0.662185,2.781554,88.448753,4.635371,0.057576,0.721114,-0.066684,0.687192,8.692178,52.922596,-4.971556,-0.022705,0.818370,0.000451,0.574243,0.429940,6.359375,-4.165517,-0.082651,0.796400,-0.067122,0.595324,6.555982,87.822052,21.948223,0.044508,0.821144,-0.107291,0.558776,8.484107,51.393360,29.601271,-0.025634,0.778236,0.023058,0.627025,-0.644264,5.372235,35.582626,-0.022705,0.818370,0.000451,0.574243,13.145347,0.959452,-8.547327,-0.025634,0.778236,0.023058,0.627025,12.714630,0.528222,32.733685
736,6.133333,0.001842,0.783792,0.024586,0.620533,4.482973,88.103691,13.628250,-0.054837,0.759040,0.078506,0.643963,4.282150,95.364395,13.925047,-0.026995,0.754239,0.081187,0.651002,1.995077,107.542526,14.527390,0.037375,0.787227,-0.072998,0.611186,-0.200674,122.318565,15.836814,0.027968,0.810964,-0.195756,0.550668,3.530574,135.590149,14.455764,0.054745,-0.664867,-0.213553,-0.713688,-1.026522,116.894974,12.003161,0.193126,-0.262469,0.192197,-0.925674,-0.596412,120.936111,-4.933026,0.242351,0.440078,-0.400784,-0.766140,19.098942,109.513702,-15.218252,0.359298,0.503140,-0.297925,-0.727321,24.741606,125.535202,-5.922359,-0.145590,0.807954,0.119495,0.558332,0.043719,116.434181,18.997503,0.329687,0.912916,0.213005,-0.111896,5.863386,118.207657,35.317326,-0.188112,0.433908,0.500107,-0.725418,24.790016,104.359833,26.704258,-0.059940,0.268381,0.500456,-0.820928,22.317051,122.195435,17.847179,0.027649,0.737330,0.152530,0.657506,2.445106,88.399796,5.005439,0.057271,0.722242,-0.062706,0.686407,8.401678,52.917374,-4.733820,-0.023794,0.818282,0.001714,0.574322,0.417325,6.302160,-4.168357,-0.082688,0.802551,-0.066037,0.587124,6.520841,87.807579,22.251060,0.047552,0.826793,-0.106254,0.550330,8.577559,51.368576,29.821087,-0.025715,0.779424,0.023610,0.625523,-0.672899,5.353001,35.655769,-0.023794,0.818282,0.001714,0.574322,13.150908,0.947036,-8.552362,-0.025715,0.779424,0.023610,0.625523,12.678918,0.521838,32.752365
737,6.141667,0.001346,0.789318,0.023507,0.613533,4.291695,88.076660,13.986760,-0.054559,0.765239,0.077677,0.636710,4.097450,95.338135,14.268537,-0.026277,0.760659,0.079553,0.643723,1.834745,107.518646,14.881383,0.037479,0.791933,-0.075106,0.604811,-0.300558,122.303711,16.188932,0.028955,0.813796,-0.198880,0.545293,3.452032,135.559982,14.721361,0.052921,-0.672154,-0.211535,-0.707574,-1.213233,116.870865,12.388210,0.197275,-0.265773,0.194375,-0.923399,-1.092641,120.845604,-4.568712,0.240400,0.444348,-0.408543,-0.760168,18.473427,109.257568,-14.915239,0.355441,0.507120,-0.304114,-0.723883,23.729361,125.429604,-5.632591,-0.144369,0.813063,0.118621,0.551376,-0.008791,116.428078,19.361862,0.331868,0.912665,0.206782,-0.118942,6.092082,118.238602,35.574562,-0.183499,0.429902,0.500712,-0.728560,24.865337,104.333435,26.721584,-0.054554,0.262838,0.500721,-0.822933,22.277502,122.142052,17.837727,0.027483,0.741514,0.154626,0.652297,2.100638,88.351212,5.400881,0.056843,0.723933,-0.058566,0.685026,8.100465,52.916103,-4.483018,-0.024987,0.818463,0.002941,0.574008,0.412717,6.248772,-4.155836,-0.082584,0.809108,-0.064502,0.578242,6.482752,87.802101,22.572639,0.050538,0.832105,-0.105502,0.542140,8.683528,51.346882,30.023136,-0.025715,0.780680,0.023929,0.623943,-0.704982,5.343941,35.735710,-0.024987,0.818463,0.002941,0.574008,13.160777,0.939105,-8.553037,-0.025715,0.780680,0.023929,0.623943,12.636927,0.519264,32.776508
738,6.150000,0.000737,0.795260,0.022374,0.605856,4.096403,88.029915,14.360226,-0.053896,0.771614,0.076664,0.629150,3.907841,95.292168,14.625406,-0.025633,0.767111,0.077751,0.636269,1.678443,107.484581,15.252055,0.038050,0.796260,-0.078471,0.598636,-0.394974,122.279144,16.551689,0.029299,0.816214,-0.201234,0.540779,3.408431,135.508972,14.980078,0.050831,-0.679836,-0.209323,-0.701016,-1.395324,116.836037,12.787885,0.201288,-0.269500,0.196047,-0.921096,-1.604095,120.743790,-4.183741,0.238404,0.447751,-0.415744,-0.754877,17.829679,109.010399,-14.615430,0.352164,0.510353,-0.310147,-0.720645,22.740513,125.314835,-5.354467,-0.143911,0.818524,0.118581,0.543366,-0.055106,116.413330,19.737968,0.334974,0.911503,0.202909,-0.125628,6.355826,118.272125,35.825077,-0.178368,0.424520,0.502446,-0.731789,24.943872,104.289536,26.707195,-0.049141,0.256891,0.501012,-0.824972,22.241016,122.088692,17.834108,0.026890,0.746717,0.156985,0.645791,1.739324,88.280640,5.817699,0.056626,0.725994,-0.054267,0.683214,7.800041,52.897907,-4.215554,-0.026478,0.818583,0.004343,0.573761,0.404018,6.182358,-4.148383,-0.082299,0.815510,-0.063073,0.569379,6.453482,87.779190,22.902752,0.053291,0.837083,-0.104581,0.534335,8.779640,51.306870,30.230465,-0.025141,0.781920,0.025265,0.622360,-0.726289,5.312687,35.817978,-0.026478,0.818583,0.004343,0.573761,13.170788,0.926808,-8.556299,-0.025141,0.781920,0.025265,0.622360,12.607084,0.506439,32.791092
739,6.158333,-0.000030,0.800995,0.022483,0.598249,3.922691,87.985039,14.727632,-0.053466,0.777962,0.076079,0.621393,3.726785,95.247231,14.989207,-0.025334,0.773643,0.075702,0.628573,1.519285,107.452431,15.634147,0.037577,0.800679,-0.081931,0.592274,-0.495622,122.256874,16.913044,0.030443,0.818470,-0.203408,0.536475,3.335576,135.463242,15.216502,0.049193,-0.687211,-0.207427,-0.694474,-1.583067,116.800461,13.192922,0.204805,-0.273371,0.197962,-0.918768,-2.115512,120.640770,-3.787029,0.236903,0.450168,-0.422331,-0.750242,17.175562,108.755287,-14.311009,0.350912,0.512192,-0.315445,-0.717645,21.791531,125.184372,-5.089960,-0.142630,0.824103,0.117792,0.535384,-0.104582,116.403595,20.116442,0.337700,0.910399,0.199080,-0.132288,6.619073,118.301285,36.070793,-0.172944,0.418976,0.504051,-0.735175,25.029663,104.255386,26.693848,-0.043869,0.250315,0.502491,-0.826390,22.203518,122.041763,17.827158,0.026683,0.751984,0.158500,0.639286,1.403215,88.223106,6.231221,0.056243,0.727471,-0.049628,0.682026,7.461092,52.875183,-3.925698,-0.028590,0.818646,0.005733,0.573558,0.388913,6.109953,-4.139136,-0.082148,0.822240,-0.061607,0.559801,6.442167,87.746971,23.224041,0.056169,0.841546,-0.103942,0.527107,8.906550,51.259186,30.428543,-0.025554,0.783174,0.026127,0.620728,-0.747532,5.282182,35.902290,-0.028590,0.818646,0.005733,0.573558,13.180038,0.918248,-8.552100,-0.025554,0.783174,0.026127,0.620728,12.581537,0.501208,32.816975
740,6.166667,-0.000807,0.806854,0.022211,0.590333,3.738544,87.943924,15.113958,-0.052826,0.784233,0.075412,0.613597,3.538445,95.206284,15.367596,-0.024969,0.780002,0.073681,0.620923,1.358520,107.423889,16.031971,0.037948,0.805097,-0.085299,0.585750,-0.597678,122.237946,17.290623,0.031066,0.821108,-0.205898,0.531434,3.275908,135.417267,15.483591,-0.047449,0.694603,0.205331,0.687833,-1.770679,116.769234,13.614816,0.208490,-0.277760,0.199988,-0.916180,-2.628792,120.540878,-3.367195,0.235878,0.451988,-0.428717,-0.745835,16.501137,108.492195,-13.999200,0.350594,0.513801,-0.319493,-0.714854,20.843918,125.037827,-4.841209,-0.141364,0.829795,0.117294,0.526971,-0.156381,116.396629,20.509291,0.340700,0.909103,0.195351,-0.138900,6.891127,118.329659,36.318985,-0.167612,0.413385,0.505552,-0.738537,25.110445,104.209244,26.683897,-0.038673,0.244250,0.502472,-0.828474,22.158442,121.980133,17.828993,0.026422,0.757344,0.160359,0.632469,1.052252,88.164871,6.668339,0.055926,0.729659,-0.044846,0.680043,7.121293,52.860115,-3.631043,-0.030443,0.818727,0.007013,0.573332,0.376343,6.048780,-4.133331,-0.082176,0.829131,-0.060116,0.549704,6.424835,87.722977,23.559580,0.059171,0.845742,-0.103219,0.520158,9.040627,51.221996,30.642838,-0.025706,0.784427,0.026788,0.619109,-0.772081,5.263591,35.989201,-0.030443,0.818727,0.007013,0.573332,13.188439,0.914500,-8.552653,-0.025706,0.784427,0.026788,0.619109,12.549316,0.499167,32.845688
741,6.175000,-0.001524,0.812535,0.021613,0.582510,3.548655,87.900551,15.510056,-0.052550,0.790675,0.074794,0.605373,3.347613,95.163269,15.752470,-0.024424,0.786711,0.071519,0.612678,1.188555,107.388496,16.431971,0.037980,0.809639,-0.088758,0.578934,-0.701882,122.212776,17.670635,0.031854,0.823579,-0.208289,0.526610,3.205606,135.365036,15.743381,-0.045537,0.701704,0.203568,0.681247,-1.966708,116.732338,14.043054,0.213192,-0.282689,0.201851,-0.913177,-3.145111,120.450058,-2.931638,0.235756,0.452791,-0.434276,-0.742162,15.809363,108.228592,-13.680023,0.351288,0.514726,-0.323332,-0.712117,19.939636,124.885689,-4.608190,-0.140358,0.835581,0.117083,0.518069,-0.207795,116.383423,20.903305,0.343739,0.907745,0.191303,-0.145757,7.173668,118.355835,36.554943,-0.162479,0.407814,0.507114,-0.741703,25.191525,104.158142,26.658159,-0.033320,0.238767,0.503318,-0.829790,22.118956,121.920776,17.821356,0.025892,0.763864,0.161829,0.624222,0.699700,88.101814,7.117416,0.055694,0.733225,-0.039487,0.676550,6.755898,52.830292,-3.302695,-0.032773,0.818870,0.008511,0.572980,0.365885,5.973763,-4.128268,-0.082496,0.836536,-0.058660,0.538481,6.397609,87.699280,23.902695,0.062495,0.850396,-0.102270,0.512311,9.187430,51.189339,30.872440,-0.024671,0.785627,0.027777,0.617584,-0.796102,5.250737,36.070724,-0.032773,0.818870,0.008511,0.572980,13.202631,0.909308,-8.556612,-0.024671,0.785627,0.027777,0.617584,12.510830,0.489812,32.861336
742,6.183333,-0.001915,0.817839,0.021364,0.575048,3.349827,87.852318,15.908673,-0.051491,0.797162,0.073322,0.597081,3.148446,95.115166,16.146690,-0.023931,0.793477,0.069477,0.604148,1.037966,107.355644,16.836040,0.037445,0.814400,-0.091367,0.571842,-0.790389,122.189270,18.055811,0.032944,0.826130,-0.211071,0.521415,3.122905,135.322723,16.015472,-0.043851,0.709408,0.201618,0.673920,-2.146439,116.697586,14.478552,0.215881,-0.287441,0.204305,-0.910512,-3.675972,120.347000,-2.482952,0.235024,0.451894,-0.439931,-0.739606,15.093316,107.951530,-13.356349,0.352425,0.515136,-0.327423,-0.709384,19.066015,124.718880,-4.388052,-0.139068,0.841104,0.116351,0.509576,-0.239986,116.371605,21.300409,0.347010,0.906225,0.186813,-0.153103,7.458056,118.380844,36.794067,-0.157227,0.402085,0.509034,-0.744642,25.253332,104.097031,26.622290,-0.027851,0.231903,0.503767,-0.831663,22.071871,121.859779,17.811316,0.025367,0.770511,0.163103,0.615684,0.347741,88.042374,7.569319,0.055460,0.735352,-0.034103,0.674551,6.376697,52.799690,-2.963572,-0.035745,0.818908,0.009672,0.572729,0.342746,5.903226,-4.130215,-0.083128,0.843432,-0.057262,0.527668,6.351913,87.662262,24.248028,0.065956,0.855078,-0.101047,0.504262,9.326180,51.148045,31.118404,-0.025084,0.786763,0.028263,0.616098,-0.828765,5.227974,36.145573,-0.035745,0.818908,0.009672,0.572729,13.208543,0.911718,-8.557077,-0.025084,0.786763,0.028263,0.616098,12.472139,0.484407,32.885887
743,6.191667,-0.002772,0.823582,0.020906,0.566805,3.164240,87.810501,16.320154,-0.050477,0.803442,0.072263,0.588822,2.958762,95.073578,16.547636,-0.023647,0.799829,0.067123,0.595994,0.893213,107.307899,17.251974,0.036968,0.818861,-0.094388,0.564970,-0.873812,122.151581,18.439434,0.033803,0.828645,-0.213544,0.516337,3.051826,135.262238,16.279722,-0.041141,0.717426,0.199489,0.666191,-2.316357,116.646782,14.916581,0.222312,-0.293353,0.205510,-0.906800,-4.214691,120.247993,-2.017935,0.235353,0.450232,-0.444775,-0.737615,14.358337,107.677773,-13.026849,0.352308,0.514916,-0.332344,-0.707310,18.223343,124.542999,-4.189712,-0.137681,0.846304,0.115135,0.501556,-0.270928,116.347672,21.699303,0.349144,0.904971,0.183317,-0.159751,7.722956,118.394958,37.037380,-0.151011,0.396247,0.509922,-0.748441,25.340075,104.070534,26.615667,-0.022897,0.225677,0.506158,-0.832076,22.009747,121.791245,17.802433,0.025070,0.776850,0.164561,0.607285,-0.004657,87.980118,8.042307,0.055157,0.739221,-0.028462,0.670597,5.993416,52.771938,-2.622783,-0.040330,0.819194,0.009833,0.572012,0.330954,5.838916,-4.131431,-0.083369,0.849811,-0.056079,0.517422,6.333137,87.640884,24.598003,0.069307,0.859450,-0.099620,0.496607,9.451574,51.119656,31.366453,-0.025158,0.787773,0.028611,0.614786,-0.862856,5.215374,36.209751,-0.040330,0.819194,0.009833,0.572012,13.228527,0.924119,-8.551651,-0.025158,0.787773,0.028611,0.614786,12.429832,0.480469,32.904297
744,6.200000,-0.003391,0.829252,0.020567,0.558487,2.971511,87.769867,16.723764,-0.049590,0.809727,0.071842,0.580278,2.763623,95.033089,16.944197,-0.022833,0.806304,0.064853,0.587492,0.728372,107.277718,17.675249,0.035848,0.823474,-0.097118,0.557829,-0.966474,122.131516,18.841221,0.035040,0.830956,-0.216672,0.511212,2.950268,135.223679,16.556755,-0.038746,0.725119,0.196973,0.658713,-2.501034,116.617676,15.371771,0.228975,-0.299636,0.206692,-0.902811,-4.751166,120.158661,-1.532333,0.235650,0.447668,-0.449385,-0.736285,13.611364,107.406532,-12.684232,0.352814,0.512974,-0.337881,-0.705845,17.406559,124.366508,-3.988983,-0.136244,0.852041,0.114726,0.492242,-0.312372,116.338440,22.110493,0.352508,0.903252,0.178598,-0.167263,8.017648,118.415001,37.264664,-0.146184,0.390208,0.511759,-0.751313,25.394075,103.998100,26.569933,-0.017778,0.219128,0.506766,-0.833580,21.947035,121.727943,17.801561,0.024803,0.783242,0.165679,0.598722,-0.363283,87.923668,8.511032,0.054729,0.742658,-0.022650,0.667046,5.583337,52.742027,-2.269795,-0.045984,0.819516,0.009684,0.571126,0.309319,5.776456,-4.131954,-0.083878,0.855527,-0.054975,0.507952,6.306304,87.616058,24.936495,0.072563,0.863382,-0.097978,0.489599,9.574105,51.092041,31.618845,-0.025455,0.788539,0.028940,0.613775,-0.889980,5.200770,36.260216,-0.045984,0.819516,0.009684,0.571126,13.243649,0.949002,-8.541017,-0.025455,0.788539,0.028940,0.613775,12.398507,0.477893,32.920815
745,6.208333,-0.004154,0.834863,0.020260,0.550069,2.791385,87.735657,17.131779,-0.049037,0.815947,0.071392,0.571603,2.578937,94.998970,17.344473,-0.022124,0.812731,0.062797,0.578823,0.568268,107.251801,18.096395,0.035921,0.827984,-0.100031,0.550586,-1.061136,122.114418,19.242985,0.035679,0.833506,-0.219643,0.505720,2.873722,135.181335,16.847727,-0.036256,0.732878,0.194388,0.650991,-2.684864,116.592117,15.828022,0.235656,-0.306291,0.207492,-0.898665,-5.293814,120.074608,-1.036614,0.235747,0.444481,-0.453478,-0.735675,12.850687,107.150986,-12.346849,0.354226,0.509111,-0.344164,-0.704898,16.613609,124.193657,-3.790587,-0.134468,0.857542,0.113574,0.483364,-0.352370,116.331650,22.519075,0.355721,0.901427,0.174180,-0.174795,8.296126,118.436119,37.489880,-0.141080,0.384277,0.513687,-0.754025,25.430143,103.935303,26.521021,-0.013087,0.212340,0.508791,-0.834190,21.876291,121.674522,17.791445,0.024727,0.789429,0.166568,0.590293,-0.708755,87.871758,8.987827,0.054264,0.745286,-0.016761,0.664322,5.165835,52.711849,-1.902822,-0.052877,0.819967,0.009059,0.569891,0.286878,5.719531,-4.131206,-0.084583,0.860707,-0.053677,0.499147,6.291526,87.599548,25.275730,0.075354,0.867379,-0.095966,0.482458,9.721335,51.073856,31.867146,-0.025870,0.789230,0.029145,0.612861,-0.841163,5.184719,36.302139,-0.052877,0.819967,0.009059,0.569891,13.261371,0.989255,-8.527573,-0.025870,0.789230,0.029145,0.612861,12.444052,0.473225,32.933777
746,6.216667,-0.004675,0.840454,0.019554,0.541510,2.598404,87.707016,17.546623,-0.048552,0.822147,0.070016,0.562863,2.387324,94.970688,17.748749,-0.020805,0.819113,0.061046,0.569994,0.410327,107.251068,18.502302,0.035504,0.832485,-0.102522,0.543321,-1.144345,122.121895,19.646315,0.036543,0.835731,-0.223039,0.500472,2.789786,135.168533,17.141905,-0.033784,0.740611,0.191489,0.643184,-2.860546,116.596672,16.281675,0.241885,-0.312946,0.208938,-0.894372,-5.827465,120.015350,-0.536776,0.235574,0.440664,-0.457424,-0.735584,12.081024,106.895851,-11.996676,0.354986,0.504203,-0.349857,-0.705240,15.835362,124.010788,-3.584698,-0.132883,0.862795,0.113585,0.474368,-0.383418,116.344894,22.920877,0.358943,0.899417,0.170860,-0.181705,8.579950,118.461754,37.703541,-0.135703,0.378100,0.515395,-0.756963,25.475805,103.881859,26.473179,-0.008701,0.205724,0.509039,-0.835752,21.804060,121.613739,17.786030,0.024148,0.796132,0.167520,0.580971,-1.067302,87.825089,9.475557,0.053925,0.750008,-0.010566,0.659142,4.754810,52.686779,-1.512563,-0.058648,0.820808,0.008845,0.568117,0.270221,5.674964,-4.125225,-0.084926,0.865199,-0.052453,0.491394,6.264109,87.588951,25.617689,0.078096,0.870908,-0.094167,0.475976,9.820223,51.057911,32.111828,-0.024496,0.789901,0.030603,0.611981,-0.853448,5.176210,36.353359,-0.058648,0.820808,0.008845,0.568117,13.271183,1.032305,-8.536762,-0.024496,0.789901,0.030603,0.611981,12.422013,0.473098,32.935204
747,6.225000,-0.005228,0.845685,0.019171,0.533313,2.417847,87.684669,17.951948,-0.047181,0.827819,0.070085,0.554597,2.204915,94.948471,18.147127,-0.020395,0.824884,0.058680,0.561879,0.263737,107.226059,18.940590,0.034837,0.836618,-0.105483,0.536405,-1.229661,122.105896,20.048609,0.037471,0.837985,-0.226034,0.495264,2.704657,135.128754,17.423597,-0.030887,0.748258,0.188989,0.635168,-3.026461,116.570412,16.743408,0.247521,-0.320260,0.209932,-0.889997,-6.356829,119.946823,-0.015435,0.235126,0.436445,-0.460538,-0.736299,11.299452,106.650223,-11.661042,0.357026,0.498136,-0.355983,-0.705457,15.086947,123.822632,-3.377174,-0.131067,0.868077,0.112666,0.465371,-0.418822,116.341423,23.333275,0.361721,0.897487,0.167338,-0.188874,8.855746,118.478287,37.919796,-0.130187,0.371481,0.517009,-0.760102,25.518816,103.836380,26.425413,-0.003427,0.198434,0.509121,-0.837501,21.715092,121.562317,17.787781,0.024196,0.802509,0.168038,0.571976,-1.403983,87.787560,9.953416,0.053218,0.753811,-0.004408,0.654918,4.313531,52.662384,-1.131200,-0.064418,0.821618,0.008847,0.566318,0.245700,5.634684,-4.113831,-0.085106,0.869478,-0.051456,0.483857,6.239676,87.581779,25.950480,0.080522,0.874283,-0.092225,0.469724,9.899974,51.045303,32.355545,-0.025660,0.790711,0.030420,0.610894,-0.857259,5.165756,36.404903,-0.064418,0.821618,0.008847,0.566318,13.273248,1.084535,-8.543303,-0.025660,0.790711,0.030420,0.610894,12.416890,0.478192,32.960381
748,6.233333,-0.005226,0.850634,0.018589,0.525404,2.225464,87.665443,18.357424,-0.047607,0.833630,0.069858,0.545815,2.018834,94.929565,18.547403,-0.018600,0.831167,0.056441,0.552838,0.080228,107.208061,19.350899,0.034902,0.840951,-0.108195,0.529033,-1.319222,122.097717,20.449451,0.038005,0.840169,-0.229264,0.490009,2.624733,135.095596,17.717283,-0.028256,0.755397,0.186223,0.627613,-3.214310,116.561760,17.200449,0.253032,-0.327161,0.211322,-0.885598,-6.882457,119.889473,0.502510,0.234765,0.431582,-0.463787,-0.737241,10.521325,106.402077,-11.302685,0.358694,0.491654,-0.362082,-0.706053,14.356264,123.634354,-3.165226,-0.129068,0.873278,0.111811,0.456318,-0.462757,116.338493,23.731731,0.364316,0.895608,0.163882,-0.195710,9.120602,118.487419,38.115459,-0.124690,0.364690,0.518380,-0.763372,25.558168,103.786705,26.374090,0.001440,0.191543,0.511250,-0.837814,21.610947,121.505150,17.789280,0.024437,0.808667,0.168434,0.563108,-1.744830,87.759796,10.431433,0.052062,0.759660,0.001904,0.648230,3.852554,52.645428,-0.748309,-0.073328,0.823085,0.007323,0.563117,0.228146,5.604720,-4.077512,-0.085471,0.872988,-0.050040,0.477580,6.195757,87.571091,26.283413,0.082776,0.877337,-0.090480,0.463941,9.976571,51.028538,32.582932,-0.024916,0.791413,0.031144,0.609979,-0.863971,5.153650,36.459229,-0.073328,0.823085,0.007323,0.563117,13.283986,1.163368,-8.534019,-0.024916,0.791413,0.031144,0.609979,12.400632,0.469281,32.973831
749,6.241667,-0.005127,0.855636,0.018074,0.517237,2.028939,87.650597,18.748068,-0.046513,0.839355,0.069596,0.537099,1.829245,94.915009,18.934357,-0.017356,0.837138,0.054516,0.543992,-0.074242,107.194603,19.767128,0.035032,0.845263,-0.110804,0.521561,-1.399413,122.092010,20.852697,0.038369,0.842660,-0.232400,0.484191,2.552177,135.065155,18.015984,-0.025359,0.762590,0.183492,0.619794,-3.382281,116.553566,17.660799,0.257336,-0.333992,0.213081,-0.881376,-7.395586,119.841507,1.034518,0.234204,0.426165,-0.466656,-0.738758,9.745253,106.163040,-10.934415,0.361007,0.484336,-0.367157,-0.707311,13.656616,123.444511,-2.943920,-0.127320,0.878246,0.111501,0.447259,-0.492497,116.339043,24.132404,0.367245,0.893441,0.160017,-0.203199,9.391591,118.496956,38.309799,-0.119923,0.358055,0.520103,-0.766099,25.572830,103.727043,26.302237,0.005457,0.184622,0.513336,-0.838076,21.504213,121.456398,17.789251,0.024443,0.814628,0.168837,0.554326,-2.092359,87.738571,10.899460,0.050598,0.764839,0.008375,0.642177,3.400212,52.634357,-0.363850,-0.082612,0.825606,0.006646,0.558127,0.248250,5.585724,-4.043428,-0.085700,0.876099,-0.048642,0.471953,6.150238,87.562622,26.596674,0.084615,0.879845,-0.088782,0.459163,10.036039,51.012718,32.788727,-0.025047,0.792012,0.031479,0.609179,-0.862592,5.138171,36.502731,-0.082612,0.825606,0.006646,0.558127,13.317655,1.274661,-8.587257,-0.025047,0.792012,0.031479,0.609179,12.397968,0.463258,32.989365
750,6.250000,-0.004924,0.860316,0.017301,0.509443,1.845496,87.637199,19.131861,-0.045078,0.844675,0.069458,0.528837,1.655752,94.902031,19.311794,-0.016663,0.842619,0.052941,0.535642,-0.207517,107.185104,20.179354,0.034853,0.849266,-0.113559,0.514428,-1.479092,122.088287,21.249542,0.038924,0.844948,-0.235504,0.478629,2.475060,135.036133,18.302938,-0.022696,0.769723,0.181186,0.611705,-3.537056,116.545425,18.113338,0.261655,-0.340980,0.214603,-0.877049,-7.901831,119.797623,1.568788,0.233761,0.420729,-0.468978,-0.740542,8.970791,105.935074,-10.568288,0.362840,0.477661,-0.371765,-0.708505,12.977415,123.262314,-2.716277,-0.125983,0.882911,0.111719,0.438310,-0.519102,116.342400,24.526550,0.370288,0.891123,0.156722,-0.210299,9.652853,118.511307,38.497143,-0.114776,0.351438,0.522088,-0.768598,25.575268,103.670570,26.233650,0.010509,0.177280,0.513077,-0.839770,21.400539,121.411636,17.789358,0.024572,0.820903,0.168826,0.544988,-2.417709,87.718353,11.359349,0.049322,0.771093,0.014474,0.634644,2.937583,52.614342,0.029492,-0.089860,0.829216,0.009180,0.551581,0.208911,5.566833,-3.987281,-0.085845,0.878982,-0.047139,0.466690,6.108701,87.556038,26.904375,0.085708,0.882022,-0.086982,0.455110,10.093756,50.997257,32.979809,-0.025520,0.792665,0.032005,0.608282,-0.801925,5.110380,36.547287,-0.089860,0.829216,0.009180,0.551581,13.268503,1.419097,-8.707908,-0.025520,0.792665,0.032005,0.608282,12.457415,0.454813,33.003765
751,6.258333,-0.004788,0.864889,0.016904,0.501656,1.672050,87.630577,19.500397,-0.043721,0.849778,0.069514,0.520705,1.488554,94.895630,19.678040,-0.016005,0.847869,0.051353,0.527470,-0.337236,107.173775,20.581768,0.034547,0.853254,-0.115509,0.507368,-1.556602,122.082581,21.634401,0.039603,0.847231,-0.238907,0.472816,2.385147,135.012650,18.594591,-0.018931,0.777491,0.178189,0.602825,-3.686664,116.535446,18.554379,0.266406,-0.347596,0.215822,-0.872712,-8.432560,119.764481,2.110530,0.233999,0.414798,-0.470735,-0.742695,8.186202,105.726265,-10.173999,0.364617,0.470898,-0.375718,-0.710033,12.320307,123.088989,-2.480353,-0.124126,0.887360,0.111399,0.429856,-0.545194,116.343773,24.908350,0.372957,0.888898,0.152987,-0.217621,9.898602,118.512497,38.676941,-0.110997,0.345250,0.523738,-0.770831,25.565308,103.611084,26.160288,0.014384,0.170735,0.511947,-0.841756,21.286430,121.370422,17.803589,0.024912,0.826600,0.168789,0.536304,-2.730784,87.707512,11.806076,0.048048,0.778048,0.020136,0.626041,2.482303,52.603817,0.409123,-0.098501,0.833549,0.012933,0.543440,0.138455,5.563113,-3.918271,-0.085913,0.881314,-0.045720,0.462400,6.074884,87.553635,27.194717,0.087177,0.883533,-0.085543,0.452164,10.143371,50.985909,33.160038,-0.026376,0.793143,0.031648,0.607641,-0.801562,5.099583,36.580788,-0.098501,0.833549,0.012933,0.543440,13.179329,1.624802,-8.864612,-0.026376,0.793143,0.031648,0.607641,12.456740,0.450553,33.024822
752,6.266667,-0.004578,0.869050,0.016502,0.494428,1.506251,87.629738,19.863087,-0.043170,0.854618,0.069751,0.512737,1.329775,94.895020,20.038687,-0.014874,0.853009,0.049960,0.519286,-0.478745,107.173111,20.971510,0.033705,0.857146,-0.117563,0.500344,-1.637331,122.087189,22.017977,0.040681,0.849148,-0.242407,0.467474,2.279986,135.000198,18.875780,-0.016016,0.784069,0.175659,0.595083,-3.841598,116.539970,18.990797,0.271808,-0.354553,0.216895,-0.867968,-8.914114,119.743774,2.639787,0.234324,0.409318,-0.472310,-0.744630,7.437388,105.521866,-9.791231,0.365479,0.464577,-0.378812,-0.712105,11.688917,122.919312,-2.245995,-0.122471,0.891666,0.111433,0.421325,-0.578145,116.351974,25.283104,0.375470,0.886635,0.150226,-0.224351,10.132786,118.520523,38.844948,-0.106399,0.338512,0.525155,-0.773499,25.556931,103.570473,26.087362,0.017940,0.163873,0.512620,-0.842641,21.152748,121.337143,17.812433,0.025566,0.831923,0.168524,0.528063,-3.024277,87.703865,12.243225,0.046456,0.785667,0.025659,0.616369,2.024250,52.595963,0.785309,-0.103934,0.838923,0.021625,0.533796,0.067684,5.564958,-3.830338,-0.085834,0.883531,-0.044220,0.458312,6.036777,87.555618,27.482950,0.088373,0.884833,-0.084096,0.449655,10.179399,50.976799,33.328087,-0.029285,0.793607,0.030700,0.606950,-0.794483,5.087101,36.607986,-0.103934,0.838923,0.021625,0.533796,13.055828,1.890416,-9.107354,-0.029285,0.793607,0.030700,0.606950,12.474890,0.466102,33.056770
753,6.275000,-0.004413,0.873057,0.016347,0.487325,1.348264,87.625526,20.211756,-0.043300,0.859362,0.070090,0.504687,1.176419,94.890900,20.387989,-0.013065,0.858165,0.048678,0.510894,-0.632528,107.182983,21.344509,0.033926,0.860934,-0.120204,0.493147,-1.714638,122.102371,22.397160,0.040993,0.851305,-0.245383,0.461938,2.208282,134.988541,19.153444,-0.013239,0.789920,0.173727,0.587938,-3.999085,116.560295,19.420406,0.275774,-0.361051,0.219042,-0.863488,-9.368873,119.753960,3.162600,0.234072,0.403484,-0.474315,-0.746617,6.703509,105.328194,-9.396869,0.366379,0.457806,-0.381694,-0.714486,11.065369,122.762344,-2.003312,-0.120670,0.895709,0.111442,0.413188,-0.612312,116.366615,25.647030,0.377428,0.884643,0.146916,-0.231022,10.350408,118.527672,39.007378,-0.102166,0.332070,0.526242,-0.776119,25.549084,103.540314,26.024944,0.021939,0.157092,0.512746,-0.843761,21.017365,121.311691,17.830652,0.026759,0.837135,0.168221,0.519799,-3.305926,87.698456,12.666780,0.044235,0.794921,0.031084,0.604299,1.542675,52.587616,1.131772,-0.108420,0.844687,0.032126,0.523180,-0.006782,5.566671,-3.734233,-0.085755,0.885942,-0.043011,0.453766,6.002454,87.552597,27.756733,0.089636,0.886376,-0.082587,0.446635,10.211209,50.964928,33.498264,-0.028387,0.793810,0.032742,0.606620,-0.793760,5.072728,36.635849,-0.108420,0.844687,0.032126,0.523180,12.903087,2.181907,-9.383983,-0.028387,0.793810,0.032742,0.606620,12.477139,0.481158,33.052307
754,6.283333,-0.004107,0.876787,0.016018,0.480595,1.184126,87.620018,20.549532,-0.042089,0.863648,0.069945,0.497441,1.019851,94.885590,20.725035,-0.012111,0.862611,0.047586,0.503478,-0.753529,107.182945,21.708946,0.034598,0.864329,-0.122989,0.486428,-1.785399,122.106209,22.757168,0.041091,0.853701,-0.247923,0.456114,2.156405,134.962158,19.417858,-0.010560,0.796199,0.171678,0.580071,-4.132926,116.564606,19.829016,0.280399,-0.367627,0.219889,-0.858997,-9.825018,119.740700,3.677762,0.234051,0.398474,-0.475419,-0.748609,5.989370,105.152176,-9.020448,0.366765,0.451756,-0.384122,-0.716833,10.466857,122.610222,-1.750647,-0.119032,0.899454,0.111404,0.405467,-0.639135,116.372993,25.996292,0.380005,0.882217,0.143979,-0.237822,10.557470,118.528976,39.162086,-0.098235,0.325592,0.527958,-0.778203,25.499296,103.488754,25.944752,0.025477,0.150508,0.513015,-0.844698,20.868139,121.283569,17.847153,0.027960,0.841939,0.168024,0.511981,-3.585607,87.692673,13.077060,0.041794,0.804601,0.036260,0.591232,1.072455,52.581787,1.463923,-0.113667,0.851581,0.042066,0.510020,-0.080659,5.573952,-3.633295,-0.085737,0.887907,-0.041474,0.450056,5.953859,87.547371,28.022007,0.090952,0.887985,-0.081261,0.443404,10.237410,50.949776,33.643742,-0.030340,0.794058,0.031840,0.606249,-0.810897,5.059507,36.654697,-0.113667,0.851581,0.042066,0.510020,12.706210,2.475364,-9.710783,-0.030340,0.794058,0.031840,0.606249,12.466700,0.480957,33.079308
755,6.291667,-0.003317,0.880149,0.015216,0.474443,1.011830,87.631943,20.875919,-0.041974,0.867867,0.069978,0.490050,0.864419,94.897957,21.047754,-0.010577,0.867218,0.046785,0.495613,-0.899023,107.199730,22.049234,0.034294,0.868165,-0.123705,0.479386,-1.869515,122.126305,23.108847,0.042292,0.855770,-0.251753,0.449988,2.039307,134.975479,19.705288,-0.007738,0.802015,0.169558,0.572679,-4.285916,116.590057,20.226957,0.283288,-0.373511,0.221767,-0.855019,-10.276601,119.756340,4.182123,0.233637,0.392913,-0.476388,-0.751058,5.278426,104.994919,-8.636050,0.366415,0.446285,-0.385969,-0.719443,9.890504,122.467133,-1.492807,-0.117333,0.902924,0.111631,0.398120,-0.680186,116.391304,26.329235,0.382023,0.880046,0.141355,-0.244125,10.736051,118.533585,39.307308,-0.094218,0.319274,0.529558,-0.780228,25.449261,103.459213,25.874189,0.029610,0.143597,0.513544,-0.845444,20.722805,121.269012,17.869797,0.029486,0.846228,0.167835,0.504836,-3.862188,87.708176,13.471082,0.038733,0.814889,0.041018,0.576866,0.594102,52.599083,1.773646,-0.118818,0.859713,0.052001,0.494036,-0.153267,5.602712,-3.501816,-0.085864,0.890257,-0.039713,0.445525,5.885848,87.555710,28.280756,0.092036,0.889386,-0.080104,0.440573,10.265364,50.949085,33.768127,-0.030924,0.794320,0.031657,0.605886,-0.816224,5.059916,36.671715,-0.118818,0.859713,0.052001,0.494036,12.451784,2.784307,-10.075268,-0.030924,0.794320,0.031657,0.605886,12.461608,0.487126,33.089844
756,6.300000,-0.002871,0.883566,0.014737,0.468066,0.847574,87.628227,21.191168,-0.041697,0.871514,0.071545,0.483328,0.710402,94.894493,21.360952,-0.009477,0.871135,0.045082,0.488878,-1.058263,107.193283,22.413391,0.034526,0.871237,-0.126234,0.473094,-1.966859,122.125206,23.452259,0.043091,0.857779,-0.254513,0.444501,1.947255,134.947800,19.955778,-0.005133,0.807309,0.167186,0.565929,-4.444777,116.589645,20.621759,0.286383,-0.379275,0.222559,-0.851236,-10.704374,119.741119,4.676984,0.232934,0.388075,-0.477632,-0.752999,4.616263,104.847679,-8.270123,0.366069,0.441310,-0.387584,-0.721815,9.328919,122.337051,-1.237318,-0.116074,0.906525,0.111818,0.390175,-0.744703,116.394165,26.667404,0.383785,0.878000,0.138178,-0.250465,10.899944,118.539772,39.440376,-0.090899,0.313362,0.530707,-0.782235,25.389076,103.432167,25.802570,0.033198,0.137641,0.513187,-0.846518,20.560154,121.260796,17.889971,0.031327,0.850328,0.167852,0.497781,-4.133045,87.705559,13.857624,0.035178,0.825523,0.045241,0.561451,0.109857,52.605236,2.055011,-0.123803,0.868655,0.062417,0.475622,-0.234451,5.618465,-3.346155,-0.085769,0.892425,-0.037799,0.441353,5.828193,87.550896,28.524712,0.092951,0.890827,-0.079296,0.437608,10.290591,50.932003,33.861370,-0.031401,0.794719,0.031667,0.605337,-0.824612,5.046636,36.695690,-0.123803,0.868655,0.062417,0.475622,12.129693,3.085611,-10.470304,-0.031401,0.794719,0.031667,0.605337,12.452025,0.481975,33.099072
757,6.308333,-0.002223,0.886768,0.015207,0.461960,0.695898,87.631401,21.473427,-0.042022,0.875220,0.072284,0.476444,0.565092,94.897507,21.654560,-0.007877,0.875198,0.044191,0.481677,-1.212919,107.206009,22.734180,0.033546,0.874766,-0.127124,0.466367,-2.058063,122.141159,23.780308,0.044871,0.859582,-0.257881,0.438865,1.809304,134.957489,20.209646,-0.002592,0.812181,0.165154,0.559534,-4.599804,116.611954,20.994305,0.289414,-0.384735,0.223937,-0.847390,-11.110780,119.757614,5.149355,0.232304,0.383377,-0.478649,-0.754952,3.970674,104.712189,-7.902439,0.365456,0.436068,-0.389808,-0.724111,8.786132,122.214874,-0.975833,-0.114926,0.909554,0.112222,0.383287,-0.800232,116.407867,26.977629,0.385669,0.875845,0.136060,-0.256209,11.039220,118.550781,39.570705,-0.087236,0.307581,0.531968,-0.784088,25.310511,103.414604,25.736301,0.036396,0.131727,0.513037,-0.847418,20.391529,121.254921,17.909340,0.033527,0.853883,0.167588,0.491603,-4.385481,87.721008,14.209473,0.031505,0.835978,0.049195,0.545644,-0.377901,52.624725,2.312969,-0.127855,0.877491,0.072073,0.456583,-0.330084,5.650112,-3.203495,-0.085759,0.894674,-0.036019,0.436929,5.777277,87.541801,28.737381,0.093800,0.892116,-0.078662,0.434906,10.323829,50.912983,33.933052,-0.033083,0.794972,0.031356,0.604931,-0.828039,5.033150,36.712440,-0.127855,0.877491,0.072073,0.456583,11.752651,3.370512,-10.875002,-0.033083,0.794972,0.031356,0.604931,12.456136,0.489879,33.116550
758,6.316667,-0.001923,0.889816,0.015116,0.456066,0.545448,87.647125,21.759956,-0.040879,0.878467,0.071609,0.470634,0.420341,94.913284,21.942755,-0.007346,0.878412,0.043703,0.475845,-1.316172,107.216515,23.032074,0.033626,0.877593,-0.128760,0.460565,-2.133389,122.153183,24.078569,0.045619,0.861658,-0.260214,0.433305,1.725341,134.952057,20.436651,-0.000424,0.817430,0.163750,0.552262,-4.717225,116.624405,21.330738,0.292216,-0.389659,0.224761,-0.843954,-11.510047,119.762459,5.603039,0.230997,0.378773,-0.480228,-0.756672,3.362429,104.594978,-7.546926,0.363511,0.431203,-0.391785,-0.726930,8.256308,122.118614,-0.718655,-0.114102,0.912056,0.112184,0.377558,-0.838335,116.420998,27.262974,0.386763,0.874028,0.132150,-0.262728,11.159528,118.570641,39.704060,-0.084267,0.302206,0.532894,-0.785872,25.219542,103.414665,25.676340,0.039475,0.125362,0.514864,-0.847137,20.207607,121.270477,17.935404,0.036219,0.856846,0.167835,0.486143,-4.631886,87.739014,14.564106,0.027832,0.845276,0.052285,0.531037,-0.862923,52.662895,2.530924,-0.132161,0.886204,0.080201,0.436742,-0.461933,5.697325,-3.047800,-0.085685,0.897162,-0.034032,0.431973,5.722782,87.555229,28.955805,0.094580,0.893382,-0.078095,0.432233,10.357596,50.915085,33.991161,-0.032942,0.795062,0.031850,0.604795,-0.828377,5.040750,36.723778,-0.132161,0.886204,0.080201,0.436742,11.303406,3.635720,-11.255583,-0.032942,0.795062,0.031850,0.604795,12.456181,0.505857,33.118732
759,6.325000,-0.001545,0.892701,0.015563,0.450378,0.400415,87.653816,22.017527,-0.041429,0.881714,0.072227,0.464379,0.278460,94.919800,22.209408,-0.005751,0.881955,0.043299,0.469306,-1.470993,107.230721,23.319101,0.032935,0.880701,-0.130298,0.454207,-2.232546,122.169075,24.383467,0.047471,0.863363,-0.262971,0.428015,1.594378,134.953903,20.659594,0.001972,0.821607,0.162077,0.546524,-4.872038,116.648354,21.672562,0.294528,-0.394292,0.226042,-0.840650,-11.884366,119.790337,6.042287,0.229578,0.373920,-0.481918,-0.758441,2.777766,104.492973,-7.193150,0.361664,0.426289,-0.394120,-0.729484,7.750612,122.035774,-0.470278,-0.113467,0.914684,0.112657,0.371197,-0.905205,116.432106,27.545893,0.388051,0.872170,0.129333,-0.268346,11.263613,118.590698,39.818245,-0.081584,0.297491,0.533863,-0.787295,25.124699,103.413841,25.616222,0.042829,0.120343,0.512753,-0.848980,20.039801,121.285774,17.951618,0.039261,0.859356,0.168328,0.481282,-4.868359,87.753647,14.888466,0.024063,0.854317,0.054486,0.516328,-1.344209,52.706997,2.696283,-0.136743,0.894434,0.086387,0.416925,-0.627694,5.745152,-2.882228,-0.085704,0.899271,-0.032050,0.427715,5.669189,87.553986,29.146587,0.095243,0.894327,-0.077801,0.430180,10.392705,50.904320,34.027878,-0.034015,0.795130,0.031590,0.604660,-0.830663,5.037552,36.734051,-0.136743,0.894434,0.086387,0.416925,10.800731,3.855477,-11.592063,-0.034015,0.795130,0.031590,0.604660,12.459459,0.515000,33.134026
760,6.333333,-0.001095,0.895456,0.015586,0.444876,0.253625,87.670174,22.269184,-0.040949,0.884533,0.072512,0.458984,0.138563,94.936165,22.465021,-0.005310,0.884817,0.042849,0.463933,-1.597791,107.254387,23.597851,0.032418,0.883360,-0.131394,0.448732,-2.334885,122.194054,24.661047,0.049117,0.865013,-0.265591,0.422848,1.463041,134.968735,20.873217,0.004033,0.826016,0.160090,0.540418,-5.011465,116.673515,21.986370,0.297013,-0.398389,0.226687,-0.837665,-12.254545,119.803253,6.459208,0.228104,0.369171,-0.483783,-0.760023,2.230729,104.402832,-6.851238,0.359485,0.421522,-0.396583,-0.731991,7.271542,121.969696,-0.233519,-0.112528,0.916969,0.112580,0.365830,-0.973460,116.458221,27.811033,0.389636,0.870140,0.128348,-0.273070,11.340533,118.617920,39.937511,-0.078074,0.292351,0.534829,-0.788919,25.012230,103.428612,25.566219,0.045370,0.115260,0.511923,-0.850054,19.847811,121.304878,17.974176,0.041920,0.861863,0.169517,0.476129,-5.102510,87.775742,15.205606,0.020042,0.863655,0.056081,0.500553,-1.778933,52.775146,2.826242,-0.142425,0.902828,0.090189,0.395580,-0.760867,5.813208,-2.704426,-0.085723,0.901457,-0.030008,0.423233,5.609760,87.564613,29.332760,0.095815,0.895433,-0.077557,0.427790,10.423708,50.905754,34.054012,-0.033910,0.795238,0.031986,0.604503,-0.830588,5.045730,36.746002,-0.142425,0.902828,0.090189,0.395580,10.289072,4.042290,-11.913315,-0.033910,0.795238,0.031986,0.604503,12.459462,0.530025,33.137135
761,6.341667,-0.000850,0.898146,0.015678,0.439416,0.107995,87.688324,22.504787,-0.040541,0.887407,0.072340,0.453467,-0.003260,94.954277,22.704084,-0.004579,0.887748,0.042564,0.458334,-1.721816,107.275665,23.848742,0.032264,0.886001,-0.132276,0.443242,-2.428830,122.216270,24.919048,0.050476,0.866672,-0.267927,0.417788,1.345553,134.981720,21.076900,0.006015,0.830307,0.158533,0.534248,-5.145233,116.698364,22.279337,0.300032,-0.402416,0.227086,-0.834550,-12.618581,119.822609,6.860569,0.227148,0.364812,-0.485434,-0.761360,1.696526,104.320374,-6.515631,0.358039,0.416629,-0.398804,-0.734291,6.799788,121.910004,-0.003961,-0.111903,0.918848,0.112440,0.361323,-1.033901,116.479347,28.052336,0.390893,0.868267,0.126539,-0.278035,11.399144,118.645821,40.055500,-0.074756,0.287621,0.535706,-0.790383,24.885084,103.445122,25.521656,0.048158,0.110059,0.511820,-0.850652,19.648445,121.326538,17.994463,0.044949,0.863636,0.170727,0.472192,-5.333746,87.796936,15.506994,0.017159,0.871786,0.056582,0.486306,-2.217901,52.846634,2.933031,-0.145678,0.909929,0.092984,0.377042,-1.030033,5.879894,-2.522459,-0.085649,0.903675,-0.028214,0.418617,5.549736,87.579704,29.502579,0.096275,0.896646,-0.077283,0.425188,10.439137,50.912106,34.076130,-0.034176,0.795354,0.031527,0.604360,-0.835124,5.056441,36.758873,-0.145678,0.909929,0.092984,0.377042,9.666016,4.172757,-12.151644,-0.034176,0.795354,0.031527,0.604360,12.453179,0.535142,33.150578
762,6.350000,-0.000619,0.900741,0.015698,0.434072,-0.031478,87.700569,22.729065,-0.040155,0.889813,0.072986,0.448658,-0.138654,94.966522,22.930731,-0.004384,0.890135,0.042091,0.453728,-1.851223,107.298019,24.104414,0.032433,0.888182,-0.133754,0.438395,-2.541025,122.239876,25.168428,0.051598,0.868335,-0.269841,0.412937,1.227527,134.988815,21.266233,0.008014,0.834155,0.157141,0.528610,-5.286920,116.720711,22.562067,0.302996,-0.405921,0.227441,-0.831680,-12.968060,119.847107,7.246196,0.226398,0.360440,-0.487170,-0.762556,1.197419,104.250023,-6.178962,0.356996,0.411674,-0.401111,-0.736334,6.357319,121.861115,0.217682,-0.111614,0.920820,0.112631,0.356297,-1.115979,116.505219,28.292284,0.392835,0.866077,0.126068,-0.282308,11.444936,118.687424,40.158688,-0.071380,0.282557,0.536847,-0.791746,24.735197,103.465828,25.467318,0.049830,0.105366,0.512445,-0.850773,19.432632,121.356133,18.017418,0.047869,0.865511,0.172082,0.467960,-5.555990,87.811493,15.796466,0.015036,0.878545,0.056321,0.474090,-2.641459,52.916016,3.023526,-0.146071,0.916067,0.095060,0.361177,-1.365263,5.940011,-2.331354,-0.085631,0.905763,-0.026481,0.414198,5.493033,87.589645,29.661661,0.096529,0.897386,-0.077111,0.423597,10.457357,50.914753,34.093807,-0.032826,0.795846,0.032479,0.603736,-0.826668,5.061200,36.771656,-0.146071,0.916067,0.095060,0.361177,9.002853,4.246751,-12.315146,-0.032826,0.795846,0.032479,0.603736,12.450858,0.537879,33.126392
763,6.358333,-0.000123,0.903251,0.015770,0.428824,-0.185955,87.721947,22.940163,-0.039754,0.892369,0.072829,0.443614,-0.285891,94.987869,23.146488,-0.003988,0.892690,0.041948,0.448698,-1.983996,107.341599,24.332846,0.032156,0.890536,-0.135040,0.433215,-2.655258,122.283920,25.402245,0.053181,0.869933,-0.271626,0.408176,1.092165,135.019714,21.437248,0.008597,0.836924,0.156949,0.524263,-5.432831,116.765549,22.827957,0.305557,-0.409140,0.228203,-0.828953,-13.273060,119.882408,7.590954,0.225879,0.357177,-0.488791,-0.763208,0.743943,104.183640,-5.871467,0.356842,0.407192,-0.401964,-0.738433,5.935501,121.826469,0.435671,-0.110826,0.922477,0.112109,0.352399,-1.197471,116.549110,28.510689,0.394303,0.864113,0.124075,-0.287120,11.465786,118.734131,40.267296,-0.067808,0.277476,0.537796,-0.793212,24.561354,103.489426,25.425838,0.052337,0.099882,0.515366,-0.849519,19.185314,121.387573,18.046621,0.049870,0.867512,0.173699,0.463428,-5.790776,87.839874,16.072447,0.014379,0.883993,0.055388,0.463984,-3.015032,53.000675,3.116286,-0.145266,0.921034,0.095275,0.348593,-1.786396,6.012991,-2.146373,-0.085724,0.907898,-0.025029,0.409568,5.418865,87.604019,29.807880,0.096868,0.898914,-0.076647,0.420352,10.456600,50.924728,34.119194,-0.033537,0.796061,0.031989,0.603439,-0.828028,5.070627,36.784927,-0.145266,0.921034,0.095275,0.348593,8.309282,4.278984,-12.398762,-0.033537,0.796061,0.031989,0.603439,12.449569,0.548431,33.138542
764,6.366667,0.000305,0.905654,0.015652,0.423729,-0.344566,87.750877,23.142555,-0.039096,0.894697,0.072559,0.439003,-0.436971,95.016853,23.350534,-0.003872,0.894931,0.041972,0.444209,-2.112014,107.378403,24.547459,0.031109,0.892558,-0.136966,0.428501,-2.775096,122.320686,25.622421,0.055014,0.871188,-0.272893,0.404394,0.942096,135.038940,21.573624,0.010423,0.840502,0.155406,0.518938,-5.577410,116.801643,23.076553,0.307660,-0.411697,0.229016,-0.826682,-13.609939,119.916008,7.939528,0.226108,0.353106,-0.489849,-0.764356,0.283623,104.127266,-5.545603,0.357289,0.403669,-0.403675,-0.739218,5.546453,121.787659,0.641755,-0.110259,0.924106,0.111936,0.348341,-1.285192,116.586372,28.716511,0.395544,0.862344,0.122059,-0.291563,11.481484,118.777405,40.359608,-0.064920,0.272900,0.538617,-0.794483,24.399649,103.512260,25.384272,0.055109,0.095113,0.515686,-0.849697,18.957659,121.420753,18.076372,0.051139,0.869771,0.175471,0.458359,-6.026398,87.873375,16.338495,0.014952,0.888686,0.053887,0.455094,-3.346407,53.089859,3.213659,-0.141642,0.925263,0.095255,0.338752,-2.283556,6.088248,-1.960068,-0.085882,0.909734,-0.023583,0.405526,5.337265,87.628380,29.946617,0.097075,0.899981,-0.076261,0.418086,10.448733,50.945877,34.142273,-0.033900,0.796288,0.031478,0.603146,-0.831617,5.089986,36.795448,-0.141642,0.925263,0.095255,0.338752,7.575962,4.281772,-12.427521,-0.033900,0.796288,0.031478,0.603146,12.443337,0.562645,33.145824
765,6.375000,0.000438,0.907861,0.016133,0.418961,-0.496378,87.780891,23.324986,-0.037780,0.896962,0.071920,0.434579,-0.588868,95.046646,23.540600,-0.004312,0.897057,0.041950,0.439897,-2.220865,107.407913,24.745449,0.030751,0.894479,-0.137926,0.424191,-2.890319,122.350159,25.817192,0.056339,0.872541,-0.274051,0.400492,0.803999,135.058807,21.717615,0.012013,0.843831,0.154831,0.513646,-5.710700,116.826340,23.301771,0.311027,-0.414275,0.228885,-0.824167,-13.932329,119.949745,8.268488,0.226962,0.350359,-0.490729,-0.764802,-0.142151,104.085861,-5.234583,0.358760,0.399679,-0.404897,-0.740004,5.161559,121.766151,0.852400,-0.109711,0.925507,0.111718,0.344846,-1.364474,116.619492,28.900534,0.396868,0.860539,0.121011,-0.295507,11.490810,118.814484,40.444977,-0.061963,0.268206,0.539337,-0.795827,24.240887,103.536667,25.339052,0.057374,0.090594,0.515430,-0.850195,18.728024,121.453201,18.104317,0.052145,0.872343,0.176690,0.452856,-6.249457,87.907784,16.581139,0.016784,0.890993,0.052111,0.450704,-3.675574,53.164005,3.330427,-0.138179,0.928257,0.093964,0.332290,-2.868465,6.150082,-1.777203,-0.085878,0.911541,-0.022600,0.401506,5.256701,87.653999,30.068832,0.097049,0.900984,-0.075639,0.416038,10.415970,50.968063,34.175007,-0.034170,0.796435,0.031312,0.602946,-0.832204,5.102775,36.802242,-0.138179,0.928257,0.093964,0.332290,6.827813,4.250363,-12.379768,-0.034170,0.796435,0.031312,0.602946,12.442095,0.576267,33.149181
766,6.383333,0.000502,0.909992,0.016329,0.414303,-0.643459,87.814041,23.500378,-0.037156,0.899028,0.071897,0.430349,-0.735171,95.079712,23.719437,-0.004408,0.899055,0.041838,0.435809,-2.347565,107.445015,24.938496,0.030920,0.896047,-0.139567,0.420316,-3.013266,122.387505,26.008991,0.056920,0.873768,-0.274779,0.397223,0.680571,135.077545,21.851740,0.013288,0.846854,0.153905,0.508896,-5.854153,116.861343,23.521986,0.313177,-0.416502,0.229094,-0.822169,-14.243841,119.981560,8.581188,0.227391,0.347344,-0.491646,-0.765460,-0.550915,104.052589,-4.944184,0.360181,0.396208,-0.406019,-0.740565,4.799447,121.751663,1.045698,-0.109400,0.926852,0.111719,0.341314,-1.457175,116.658974,29.081137,0.398155,0.858731,0.118769,-0.299912,11.484881,118.862770,40.526505,-0.059358,0.263953,0.540334,-0.796771,24.052746,103.558647,25.295073,0.059977,0.085912,0.516213,-0.850027,18.492369,121.488747,18.132486,0.052425,0.875463,0.177435,0.446467,-6.465346,87.942093,16.815870,0.019356,0.892996,0.049777,0.446885,-3.981233,53.220154,3.490982,-0.133122,0.930781,0.093393,0.327420,-3.512026,6.192538,-1.532082,-0.085709,0.913114,-0.021569,0.398009,5.178429,87.685997,30.184885,0.096871,0.901904,-0.075092,0.414181,10.372737,50.994503,34.196144,-0.034581,0.796565,0.030978,0.602767,-0.833880,5.118123,36.807285,-0.133122,0.930781,0.093393,0.327420,6.043008,4.206022,-12.246370,-0.034581,0.796565,0.030978,0.602767,12.440135,0.591186,33.153751
767,6.391667,0.000788,0.912044,0.016742,0.409750,-0.794203,87.851761,23.653944,-0.036807,0.901046,0.072062,0.426108,-0.883490,95.117218,23.880640,-0.004162,0.901066,0.041777,0.431644,-2.485131,107.491234,25.115602,0.030832,0.897762,-0.140664,0.416276,-3.138427,122.433945,26.190701,0.057762,0.874973,-0.275764,0.393750,0.541395,135.111923,21.984472,0.014185,0.849400,0.153306,0.504792,-6.003139,116.908005,23.730677,0.315352,-0.418579,0.229633,-0.820130,-14.536871,120.023438,8.870675,0.227947,0.344246,-0.492506,-0.766141,-0.942954,104.017731,-4.663992,0.361214,0.392903,-0.406928,-0.741324,4.457779,121.735382,1.224557,-0.108735,0.928153,0.111196,0.338150,-1.554891,116.705452,29.248882,0.399370,0.857087,0.116657,-0.303805,11.467121,118.911186,40.602829,-0.056930,0.260496,0.541008,-0.797629,23.869137,103.578773,25.264275,0.061905,0.081805,0.515518,-0.850716,18.265060,121.515808,18.152077,0.051860,0.878515,0.178555,0.440045,-6.682613,87.986137,17.028086,0.022982,0.894686,0.047257,0.443595,-4.221616,53.289532,3.633104,-0.129185,0.932722,0.091050,0.324116,-4.183600,6.253308,-1.330760,-0.085446,0.914385,-0.020797,0.395179,5.094207,87.717392,30.279804,0.096454,0.902711,-0.074508,0.412624,10.305985,51.020111,34.214645,-0.035550,0.796691,0.030512,0.602568,-0.838637,5.127868,36.812218,-0.129185,0.932722,0.091050,0.324116,5.272547,4.150970,-12.110480,-0.035550,0.796691,0.030512,0.602568,12.438459,0.606957,33.162422
768,6.400000,0.001156,0.913778,0.017271,0.405845,-0.944117,87.885887,23.789537,-0.035759,0.902887,0.072021,0.422290,-1.030666,95.151070,24.025805,-0.004630,0.902855,0.041990,0.427865,-2.602577,107.524254,25.277489,0.030222,0.899215,-0.142151,0.412666,-3.266764,122.466301,26.355055,0.058353,0.876042,-0.276217,0.390959,0.392890,135.129578,22.087366,0.015293,0.852202,0.152506,0.500260,-6.144492,116.936066,23.920025,0.317845,-0.420390,0.229343,-0.818321,-14.835757,120.047607,9.150780,0.228350,0.341207,-0.493420,-0.766792,-1.311101,103.993584,-4.396053,0.361861,0.389235,-0.408223,-0.742231,4.134620,121.726204,1.393757,-0.108458,0.929330,0.111045,0.335039,-1.650235,116.740562,29.401085,0.400653,0.855413,0.115255,-0.307347,11.446808,118.955612,40.666576,-0.053744,0.255758,0.541679,-0.798927,23.689371,103.600883,25.222618,0.064749,0.077113,0.516623,-0.850272,18.015532,121.546150,18.180328,0.050876,0.881059,0.180166,0.434380,-6.888984,88.028893,17.214466,0.028229,0.894462,0.044112,0.444066,-4.396451,53.367828,3.733559,-0.122878,0.933833,0.088712,0.324017,-4.931996,6.329834,-1.184590,-0.085180,0.915282,-0.019896,0.393200,5.000751,87.742882,30.364609,0.095837,0.903184,-0.074100,0.411806,10.229576,51.039482,34.218952,-0.036007,0.796829,0.030557,0.602357,-0.844936,5.130273,36.816555,-0.122878,0.933833,0.088712,0.324017,4.479144,4.094256,-11.976887,-0.036007,0.796829,0.030557,0.602357,12.433964,0.617957,33.162674
769,6.408333,0.001512,0.915512,0.018220,0.401876,-1.086887,87.917641,23.904722,-0.035367,0.904488,0.072534,0.418795,-1.173220,95.182320,24.156076,-0.004801,0.904425,0.041996,0.424533,-2.738329,107.566978,25.430834,0.030305,0.900476,-0.143559,0.409408,-3.403264,122.508965,26.508844,0.058654,0.877144,-0.276677,0.388108,0.253836,135.156128,22.191528,0.016256,0.854603,0.151924,0.496296,-6.295587,116.976318,24.096649,0.319509,-0.421863,0.229825,-0.816777,-15.123421,120.086685,9.408381,0.228594,0.338213,-0.494026,-0.767656,-1.671852,103.972198,-4.139414,0.362097,0.385818,-0.409456,-0.743220,3.829116,121.714310,1.561865,-0.107937,0.930534,0.111093,0.331834,-1.761078,116.785065,29.544603,0.401469,0.854054,0.112164,-0.311181,11.414350,118.999603,40.718426,-0.051780,0.252939,0.542001,-0.799735,23.505716,103.611267,25.189030,0.066800,0.073507,0.515379,-0.851187,17.788927,121.556343,18.187731,0.049956,0.883973,0.180532,0.428373,-7.088581,88.072006,17.381741,0.032515,0.896568,0.040638,0.439838,-4.615412,53.413887,3.889730,-0.117492,0.935236,0.086843,0.322471,-5.682211,6.372675,-0.909654,-0.084832,0.916140,-0.019438,0.391297,4.914806,87.763268,30.427706,0.095223,0.903956,-0.073573,0.410346,10.141473,51.054108,34.229771,-0.036289,0.797112,0.030792,0.601953,-0.856874,5.126443,36.824768,-0.117492,0.935236,0.086843,0.322471,3.656504,4.023999,-11.740771,-0.036289,0.797112,0.030792,0.601953,12.421741,0.623870,33.157864
770,6.416667,0.001717,0.916815,0.018921,0.398859,-1.233571,87.949623,24.012421,-0.035233,0.905984,0.073526,0.415386,-1.320405,95.213913,24.274593,-0.004844,0.906068,0.041994,0.421016,-2.889078,107.604156,25.579998,0.030327,0.901672,-0.145204,0.406183,-3.550945,122.546135,26.659977,0.058943,0.878088,-0.277056,0.385651,0.104585,135.174667,22.287119,0.016791,0.856653,0.151238,0.492941,-6.459916,117.011963,24.271444,0.321653,-0.423297,0.229589,-0.815260,-15.402728,120.109924,9.650262,0.228988,0.335607,-0.494769,-0.768203,-2.006245,103.954292,-3.903109,0.362367,0.382877,-0.410308,-0.744139,3.533673,121.708656,1.712636,-0.107382,0.931636,0.111033,0.328929,-1.883242,116.823471,29.684124,0.402198,0.852685,0.110078,-0.314720,11.363205,119.036087,40.774040,-0.049275,0.249329,0.542369,-0.800776,23.314602,103.631172,25.153000,0.069201,0.069402,0.515961,-0.850987,17.541527,121.576485,18.204105,0.048897,0.886299,0.181416,0.423286,-7.278077,88.111343,17.529270,0.038773,0.896191,0.036538,0.440459,-4.784179,53.469276,3.999908,-0.110226,0.935598,0.084337,0.324644,-6.548776,6.440330,-0.713049,-0.084472,0.916673,-0.018744,0.390158,4.810935,87.787895,30.495571,0.094349,0.904423,-0.073024,0.409616,10.038239,51.072227,34.233395,-0.038092,0.797133,0.030266,0.601841,-0.863159,5.121276,36.825119,-0.110226,0.935598,0.084337,0.324644,2.786197,3.950171,-11.515750,-0.038092,0.797133,0.030266,0.601841,12.425348,0.637487,33.171059
771,6.425000,0.001769,0.917906,0.019818,0.396300,-1.374347,87.989670,24.109463,-0.034491,0.907257,0.074278,0.412527,-1.464922,95.253456,24.384132,-0.005034,0.907415,0.042071,0.418095,-3.019556,107.636139,25.718588,0.030166,0.902810,-0.146145,0.403319,-3.684089,122.577873,26.800388,0.058903,0.879066,-0.277559,0.383058,-0.040149,135.196060,22.388214,0.017890,0.858671,0.151552,0.489281,-6.604758,117.041435,24.431450,0.322919,-0.424775,0.230039,-0.813862,-15.671455,120.159515,9.891069,0.229502,0.332740,-0.495314,-0.768945,-2.347954,103.950966,-3.671050,0.364006,0.379813,-0.411243,-0.744394,3.245060,121.715881,1.853615,-0.106829,0.932571,0.110407,0.326664,-1.993348,116.856781,29.814697,0.403078,0.851209,0.107922,-0.318315,11.308953,119.070801,40.837269,-0.046934,0.246472,0.542900,-0.801442,23.111225,103.643608,25.125113,0.071620,0.066084,0.515235,-0.851491,17.303616,121.594009,18.210665,0.048260,0.888163,0.182053,0.419159,-7.454933,88.157715,17.660301,0.043768,0.897502,0.032248,0.437647,-4.961587,53.528275,4.098529,-0.104794,0.936640,0.081497,0.324163,-7.342396,6.510404,-0.451199,-0.084017,0.917069,-0.017972,0.389363,4.706238,87.821625,30.558622,0.093377,0.904959,-0.072557,0.408737,9.928406,51.098122,34.225948,-0.038832,0.797267,0.030085,0.601625,-0.870471,5.123472,36.826736,-0.104794,0.936640,0.081497,0.324163,1.941298,3.884693,-11.265985,-0.038832,0.797267,0.030085,0.601625,12.420728,0.648117,33.172134
772,6.433333,0.001963,0.919030,0.020692,0.393638,-1.513716,88.022614,24.191942,-0.034266,0.908556,0.073682,0.409784,-1.605908,95.285873,24.479666,-0.004945,0.908681,0.043332,0.415207,-3.148833,107.699677,25.810686,0.030356,0.903729,-0.147583,0.400713,-3.823204,122.638199,26.930016,0.058504,0.879857,-0.277922,0.381036,-0.175705,135.239395,22.472439,0.018269,0.860597,0.151308,0.485947,-6.752601,117.103752,24.567225,0.324818,-0.425854,0.230505,-0.812410,-15.932077,120.212700,10.095811,0.230168,0.330181,-0.495742,-0.769574,-2.665175,103.944107,-3.449908,0.364266,0.376792,-0.411958,-0.745405,2.975784,121.714798,1.988231,-0.106154,0.933296,0.110514,0.324772,-2.107056,116.912331,29.920801,0.404108,0.849695,0.106282,-0.321589,11.243185,119.113174,40.887909,-0.044142,0.242978,0.543375,-0.802344,22.899240,103.664055,25.088383,0.074102,0.062720,0.516412,-0.850819,17.043371,121.616623,18.217159,0.047785,0.889872,0.182401,0.415421,-7.631565,88.199028,17.778345,0.049099,0.897996,0.027789,0.436372,-5.152810,53.575645,4.198441,-0.097568,0.937595,0.078932,0.324293,-8.176478,6.579289,-0.188817,-0.083687,0.917302,-0.017331,0.388914,4.604133,87.846199,30.605539,0.092372,0.904667,-0.072242,0.409666,9.824413,51.116882,34.216976,-0.039871,0.797277,0.030040,0.601545,-0.880031,5.120256,36.819542,-0.097568,0.937595,0.078932,0.324293,1.054610,3.808144,-11.012340,-0.039871,0.797277,0.030040,0.601545,12.418071,0.661394,33.169895
773,6.441667,0.002220,0.919453,0.021295,0.392616,-1.668486,88.053581,24.273813,-0.034325,0.909412,0.074898,0.407654,-1.760373,95.316460,24.571156,-0.004709,0.909811,0.043383,0.412722,-3.314942,107.733788,25.933727,0.030137,0.904579,-0.149093,0.398247,-3.980421,122.672249,27.059191,0.058205,0.880702,-0.277935,0.379116,-0.337876,135.256775,22.550762,0.018908,0.862170,0.150710,0.483313,-6.923734,117.138733,24.711565,0.326081,-0.426813,0.230689,-0.811347,-16.191339,120.243896,10.295604,0.230557,0.327734,-0.496046,-0.770307,-2.969524,103.937576,-3.248851,0.364713,0.374012,-0.412603,-0.746229,2.721959,121.713638,2.115023,-0.105710,0.934342,0.110684,0.321837,-2.248976,116.945564,30.039593,0.404658,0.848457,0.104094,-0.324866,11.170671,119.145218,40.921925,-0.041973,0.240078,0.543719,-0.803101,22.698664,103.679672,25.044695,0.076642,0.059378,0.516483,-0.850791,16.801638,121.633354,18.213087,0.048065,0.890721,0.182727,0.413421,-7.800575,88.238014,17.874050,0.053947,0.898748,0.022861,0.434534,-5.360587,53.625507,4.259449,-0.091445,0.938682,0.076074,0.323616,-9.007321,6.652799,0.098427,-0.083633,0.917548,-0.016331,0.388387,4.463602,87.869156,30.673576,0.091333,0.904780,-0.071751,0.409735,9.711315,51.136650,34.212093,-0.040222,0.797258,0.030728,0.601512,-0.886636,5.115280,36.813095,-0.091445,0.938682,0.076074,0.323616,0.159753,3.739692,-10.742220,-0.040222,0.797258,0.030728,0.601512,12.417424,0.677366,33.159603
774,6.450000,0.002578,0.919977,0.022042,0.391344,-1.818036,88.085068,24.333084,-0.034300,0.910041,0.076727,0.405908,-1.908971,95.347443,24.642580,-0.004573,0.910652,0.043374,0.410867,-3.479352,107.761169,26.050377,0.028882,0.905474,-0.149487,0.396152,-4.138721,122.699692,27.178648,0.058732,0.881062,-0.279060,0.377368,-0.535818,135.283279,22.635866,0.019734,0.863542,0.150222,0.480977,-7.092150,117.166481,24.843019,0.328085,-0.428057,0.230368,-0.809974,-16.437094,120.276978,10.478236,0.230926,0.325539,-0.496475,-0.770850,-3.261015,103.936363,-3.069437,0.365292,0.370655,-0.414377,-0.746638,2.468407,121.717056,2.223564,-0.105250,0.935188,0.110422,0.319612,-2.395705,116.972801,30.151922,0.405047,0.847298,0.101887,-0.328089,11.077019,119.172096,40.968525,-0.039807,0.237745,0.543972,-0.803733,22.484102,103.694084,25.016302,0.079292,0.056566,0.516206,-0.850908,16.553051,121.646057,18.206659,0.048697,0.891296,0.182623,0.412152,-7.967770,88.280067,17.950594,0.058509,0.899571,0.017807,0.432472,-5.592289,53.669296,4.320187,-0.085273,0.939978,0.072544,0.322347,-9.842630,6.725669,0.411356,-0.083453,0.917424,-0.015383,0.388757,4.331698,87.890068,30.715572,0.090113,0.904721,-0.071459,0.410187,9.593349,51.153088,34.186207,-0.041177,0.797234,0.030840,0.601474,-0.891394,5.106825,36.805271,-0.085273,0.939978,0.072544,0.322347,-0.755350,3.652296,-10.452190,-0.041177,0.797234,0.030840,0.601474,12.420092,0.687502,33.156319
775,6.458333,0.002689,0.920231,0.022590,0.390714,-1.962683,88.109573,24.386204,-0.034700,0.910620,0.078599,0.404215,-2.055032,95.371590,24.703711,-0.004112,0.911562,0.043392,0.408845,-3.651795,107.784668,26.153797,0.029016,0.906241,-0.150183,0.394119,-4.296278,122.723267,27.289661,0.058251,0.881810,-0.279413,0.375428,-0.695829,135.298294,22.721260,0.019907,0.864785,0.149861,0.478845,-7.263762,117.192734,24.965534,0.329188,-0.429088,0.230234,-0.809019,-16.679764,120.292091,10.644812,0.230631,0.323339,-0.496913,-0.771582,-3.544736,103.927353,-2.913609,0.364883,0.367661,-0.415518,-0.747684,2.222798,121.710457,2.324084,-0.104893,0.936030,0.110608,0.317194,-2.543757,116.994301,30.253326,0.405422,0.846055,0.099454,-0.331562,10.985220,119.192268,40.999763,-0.038110,0.235570,0.544264,-0.804258,22.262665,103.700928,24.968483,0.081369,0.054124,0.516115,-0.850926,16.302711,121.655083,18.187180,0.049823,0.891556,0.182512,0.411504,-8.121145,88.309937,18.012300,0.063080,0.900077,0.012424,0.430962,-5.833662,53.704418,4.353538,-0.078927,0.941056,0.068947,0.321607,-10.698001,6.797981,0.724143,-0.083449,0.917466,-0.014522,0.388691,4.195779,87.909218,30.760107,0.089032,0.904712,-0.071102,0.410505,9.482471,51.170261,34.171322,-0.041882,0.797220,0.030894,0.601442,-0.898015,5.100873,36.799068,-0.078927,0.941056,0.068947,0.321607,-1.681928,3.562839,-10.151760,-0.041882,0.797220,0.030894,0.601442,12.418749,0.694619,33.153557
776,6.466667,0.002941,0.920349,0.023184,0.390399,-2.107249,88.130882,24.416609,-0.035043,0.910980,0.080705,0.402958,-2.199489,95.392479,24.743526,-0.003721,0.912242,0.043694,0.407298,-3.824470,107.804962,26.241314,0.028100,0.906980,-0.151011,0.392165,-4.460015,122.742867,27.391287,0.058445,0.882438,-0.279535,0.373828,-0.885801,135.310883,22.783201,0.020352,0.865827,0.149544,0.477040,-7.437285,117.215195,25.072891,0.330875,-0.430072,0.229898,-0.807903,-16.912769,120.314011,10.791336,0.230905,0.321435,-0.497362,-0.772006,-3.812297,103.923210,-2.769029,0.365019,0.365174,-0.416687,-0.748185,1.984217,121.710159,2.406367,-0.104888,0.936701,0.111386,0.314934,-2.699332,117.010948,30.344385,0.407096,0.844482,0.101317,-0.332955,10.879448,119.211372,41.027321,-0.034531,0.231897,0.545030,-0.804968,22.042688,103.719208,24.917095,0.083494,0.051296,0.516666,-0.850561,16.049421,121.668396,18.173063,0.051490,0.891282,0.182120,0.412066,-8.270048,88.339355,18.047157,0.067298,0.899925,0.006616,0.430769,-6.096732,53.735756,4.364899,-0.073374,0.942204,0.065084,0.320361,-11.556125,6.870881,1.059413,-0.083548,0.916945,-0.013470,0.389938,4.055551,87.922409,30.786060,0.087934,0.904779,-0.070951,0.410621,9.374978,51.182484,34.135445,-0.043200,0.797074,0.030778,0.601548,-0.906969,5.092671,36.792419,-0.073374,0.942204,0.065084,0.320361,-2.618223,3.475410,-9.832132,-0.043200,0.797074,0.030778,0.601548,12.420041,0.706272,33.160427
777,6.475000,0.003128,0.920371,0.023689,0.390316,-2.258100,88.147942,24.440346,-0.034963,0.911290,0.082577,0.401882,-2.350683,95.409180,24.775089,-0.003446,0.912839,0.043927,0.405935,-3.991007,107.815170,26.318424,0.027626,0.907692,-0.151211,0.390472,-4.620144,122.752525,27.479076,0.058163,0.883137,-0.279766,0.372046,-1.066311,135.319412,22.852194,0.020785,0.866785,0.149248,0.475370,-7.605447,117.226791,25.166368,0.331737,-0.430770,0.229722,-0.807227,-17.135704,120.325760,10.921341,0.230738,0.319665,-0.497788,-0.772516,-4.061231,103.919693,-2.645665,0.365126,0.362526,-0.417559,-0.748934,1.762871,121.711304,2.482450,-0.104560,0.937292,0.110955,0.313433,-2.851748,117.018524,30.423510,0.407224,0.843387,0.099963,-0.335968,10.762287,119.220940,41.061066,-0.032416,0.229521,0.545327,-0.805536,21.819571,103.738144,24.868982,0.085894,0.048358,0.517517,-0.849977,15.796356,121.683289,18.151817,0.052892,0.890862,0.182089,0.412809,-8.422029,88.362923,18.072206,0.072058,0.899861,0.000041,0.430184,-6.331060,53.769398,4.351692,-0.066330,0.942864,0.060420,0.320869,-12.463124,6.963125,1.415978,-0.083871,0.916666,-0.012680,0.390550,3.905830,87.932953,30.808485,0.086748,0.904810,-0.070791,0.410832,9.268027,51.195538,34.116817,-0.043971,0.797245,0.030956,0.601256,-0.907914,5.084002,36.804562,-0.066330,0.942864,0.060420,0.320869,-3.579304,3.374609,-9.457900,-0.043971,0.797245,0.030956,0.601256,12.423088,0.714385,33.167015
778,6.483333,0.003364,0.920365,0.024259,0.390292,-2.405257,88.158813,24.442226,-0.035359,0.911473,0.084817,0.400964,-2.497894,95.419632,24.785927,-0.003035,0.913346,0.044472,0.404737,-4.169630,107.825874,26.379255,0.027000,0.908381,-0.151611,0.388752,-4.792599,122.761856,27.560616,0.058056,0.883904,-0.279665,0.370312,-1.261016,135.325729,22.908564,0.021311,0.867556,0.149528,0.473850,-7.785140,117.239700,25.248749,0.332861,-0.431486,0.229603,-0.806415,-17.364889,120.351837,11.039837,0.231110,0.318160,-0.498089,-0.772832,-4.318502,103.923820,-2.527623,0.365871,0.360429,-0.417996,-0.749339,1.530112,121.718338,2.548373,-0.104520,0.937937,0.111643,0.311263,-3.017632,117.023743,30.493057,0.407652,0.842319,0.098777,-0.338470,10.643904,119.228149,41.069122,-0.031052,0.227237,0.545533,-0.806097,21.599487,103.741524,24.811701,0.087212,0.046303,0.517280,-0.850101,15.542607,121.692596,18.132830,0.054491,0.890382,0.181647,0.413830,-8.569488,88.381592,18.074646,0.076399,0.898874,-0.006204,0.431451,-6.582562,53.788876,4.336642,-0.059801,0.943419,0.056060,0.321312,-13.331899,7.047203,1.746100,-0.084468,0.916339,-0.012393,0.391195,3.758974,87.936043,30.809805,0.085802,0.904544,-0.070358,0.411689,9.167633,51.205570,34.119667,-0.044430,0.797085,0.031429,0.601409,-0.914042,5.072803,36.798389,-0.059801,0.943419,0.056060,0.321312,-4.501207,3.279833,-9.110546,-0.044430,0.797085,0.031429,0.601409,12.424194,0.721420,33.165497
779,6.491667,0.003534,0.920089,0.024630,0.390919,-2.549583,88.174568,24.435829,-0.035622,0.911559,0.086985,0.400280,-2.642294,95.435104,24.785391,-0.002625,0.913805,0.045024,0.403641,-4.340030,107.827309,26.426197,0.026606,0.909309,-0.149983,0.387240,-4.957017,122.761871,27.628365,0.057832,0.884608,-0.280477,0.368044,-1.461449,135.345245,23.001905,0.021526,0.868265,0.149613,0.472514,-7.956289,117.243324,25.316593,0.334217,-0.432085,0.228933,-0.805724,-17.579769,120.356926,11.137583,0.231253,0.317139,-0.498719,-0.772803,-4.543874,103.924599,-2.434747,0.366269,0.358815,-0.418695,-0.749528,1.305547,121.730057,2.601860,-0.104368,0.938377,0.111807,0.309927,-3.176177,117.019608,30.549091,0.407681,0.841311,0.097503,-0.341298,10.515393,119.224045,41.086246,-0.029542,0.224977,0.545743,-0.806646,21.373690,103.748955,24.752758,0.088845,0.043567,0.517762,-0.849783,15.285614,121.700333,18.110010,0.056548,0.889511,0.181034,0.415690,-8.705115,88.402931,18.060038,0.080277,0.897410,-0.012626,0.433649,-6.844881,53.810692,4.303124,-0.054071,0.943935,0.050991,0.321658,-14.177528,7.137933,2.081921,-0.085215,0.915959,-0.012110,0.391933,3.605949,87.946205,30.811623,0.085015,0.904846,-0.069814,0.411281,9.070830,51.224674,34.128311,-0.044450,0.796964,0.031809,0.601548,-0.922044,5.071974,36.796482,-0.054071,0.943935,0.050991,0.321658,-5.398457,3.181849,-8.749437,-0.044450,0.796964,0.031809,0.601548,12.419542,0.729325,33.165436
780,6.500000,0.003389,0.920043,0.025212,0.390991,-2.691203,88.176102,24.410206,-0.036142,0.911699,0.089239,0.399419,-2.789188,95.436234,24.766718,-0.002144,0.914283,0.045721,0.402481,-4.521011,107.825836,26.456347,0.026641,0.910043,-0.149508,0.385694,-5.131702,122.758575,27.684149,0.057490,0.885502,-0.280273,0.366098,-1.650094,135.347061,23.061035,0.021568,0.868881,0.149927,0.471278,-8.138056,117.244400,25.371153,0.334011,-0.431939,0.229005,-0.805867,-17.802086,120.358467,11.219853,0.230732,0.315983,-0.499587,-0.772871,-4.761556,103.928459,-2.350838,0.366481,0.357455,-0.418879,-0.749972,1.081637,121.741417,2.653380,-0.104031,0.938894,0.112253,0.308311,-3.344655,117.011238,30.591064,0.407558,0.840534,0.096602,-0.343609,10.384138,119.208061,41.081268,-0.028365,0.222708,0.545671,-0.807366,21.168400,103.749741,24.682968,0.090232,0.041145,0.516814,-0.850334,15.036176,121.702003,18.081205,0.058172,0.888861,0.180599,0.417044,-8.845745,88.406166,18.033522,0.084203,0.896040,-0.019020,0.435500,-7.085620,53.816078,4.258041,-0.048169,0.943943,0.045735,0.323358,-15.006298,7.223553,2.401320,-0.085804,0.915188,-0.011969,0.393606,3.463339,87.946030,30.786890,0.083990,0.904745,-0.069449,0.411775,8.966142,51.231754,34.121151,-0.045735,0.796813,0.031883,0.601648,-0.927193,5.057845,36.793308,-0.048169,0.943943,0.045735,0.323358,-6.252528,3.074377,-8.378143,-0.045735,0.796813,0.031883,0.601648,12.425185,0.738706,33.173916
781,6.508333,0.003482,0.919942,0.025593,0.391203,-2.847963,88.165237,24.378061,-0.036333,0.911824,0.091157,0.398682,-2.946956,95.425072,24.740170,-0.001741,0.914715,0.046206,0.401446,-4.702935,107.819572,26.474943,0.025760,0.910836,-0.148775,0.384161,-5.307017,122.751022,27.721575,0.057606,0.886281,-0.279906,0.364473,-1.864253,135.350067,23.098162,0.021649,0.869372,0.150308,0.470245,-8.320040,117.240311,25.408995,0.335991,-0.432230,0.227840,-0.805218,-18.017822,120.358040,11.281614,0.231303,0.315720,-0.500120,-0.772463,-4.963243,103.934731,-2.283661,0.366924,0.356232,-0.419305,-0.750099,0.864754,121.757507,2.691022,-0.103811,0.939247,0.113389,0.306890,-3.514817,116.999840,30.617697,0.407439,0.839701,0.095808,-0.346001,10.246030,119.184158,41.068439,-0.027256,0.220206,0.545841,-0.807975,20.952719,103.745636,24.600809,0.091509,0.038135,0.517080,-0.850176,14.783493,121.703926,18.050730,0.059691,0.888143,0.180217,0.418523,-8.999555,88.399544,17.998684,0.087800,0.893976,-0.025450,0.438691,-7.328866,53.812523,4.204381,-0.042981,0.943747,0.039936,0.325421,-15.809865,7.305569,2.713095,-0.086801,0.914593,-0.011878,0.394770,3.303628,87.930923,30.757439,0.083292,0.904758,-0.068933,0.411974,8.872242,51.229317,34.121780,-0.046204,0.796448,0.032528,0.602061,-0.942675,5.037618,36.775520,-0.042981,0.943747,0.039936,0.325421,-7.070247,2.957171,-7.999118,-0.046204,0.796448,0.032528,0.602061,12.420160,0.740831,33.168137
782,6.516667,0.003350,0.919944,0.025907,0.391179,-3.001616,88.153938,24.332281,-0.036957,0.912020,0.092816,0.397792,-3.104152,95.413559,24.697840,-0.001057,0.915211,0.046978,0.400226,-4.891189,107.812157,26.467714,0.025795,0.911648,-0.147679,0.382654,-5.484083,122.741508,27.744488,0.057266,0.887229,-0.279375,0.362621,-2.061252,135.352646,23.139284,0.022723,0.870582,0.149458,0.468223,-8.506218,117.236794,25.429520,0.336666,-0.431833,0.227376,-0.805281,-18.268469,120.363548,11.348600,0.231492,0.314399,-0.500465,-0.772722,-5.186187,103.950272,-2.202156,0.366619,0.354982,-0.420044,-0.750428,0.657919,121.770287,2.726937,-0.103170,0.939562,0.113775,0.305998,-3.687096,116.983864,30.624775,0.406898,0.839224,0.095178,-0.347964,10.097416,119.147728,41.048561,-0.026357,0.218103,0.545521,-0.808791,20.758043,103.740059,24.522243,0.092819,0.035638,0.515328,-0.851206,14.537869,121.695328,18.013359,0.061538,0.886985,0.179749,0.420904,-9.153568,88.388268,17.953249,0.090787,0.891623,-0.031982,0.442429,-7.582592,53.805382,4.136851,-0.038858,0.943605,0.034196,0.327002,-16.578341,7.384372,3.034734,-0.087997,0.914028,-0.011591,0.395823,3.150336,87.919617,30.711313,0.082172,0.904865,-0.068394,0.412054,8.804282,51.233078,34.097660,-0.046797,0.796001,0.033108,0.602575,-0.895155,5.016851,36.748970,-0.038858,0.943605,0.034196,0.327002,-7.855789,2.848924,-7.613639,-0.046797,0.796001,0.033108,0.602575,12.479589,0.743167,33.158298
783,6.525000,0.003099,0.919921,0.025956,0.391233,-3.167969,88.145241,24.281136,-0.036531,0.912180,0.093868,0.397218,-3.274166,95.404854,24.645918,-0.000688,0.915509,0.047909,0.399435,-5.059515,107.790863,26.444044,0.025205,0.912359,-0.146744,0.381356,-5.652330,122.717598,27.751240,0.057037,0.888243,-0.278119,0.361139,-2.261672,135.340698,23.155005,0.022441,0.870546,0.151149,0.467761,-8.677667,117.216995,25.430643,0.337995,-0.431623,0.226533,-0.805074,-18.455414,120.360313,11.364171,0.231492,0.314996,-0.501392,-0.771877,-5.344962,103.958176,-2.172841,0.366770,0.354395,-0.420902,-0.750150,0.448825,121.795784,2.755727,-0.103574,0.939801,0.114231,0.304957,-3.849565,116.954552,30.617083,0.406910,0.838414,0.094264,-0.350145,9.954208,119.131783,41.012562,-0.025546,0.215938,0.545741,-0.809249,20.538284,103.734436,24.427513,0.093368,0.032845,0.516413,-0.850600,14.289486,121.699051,17.966885,0.063087,0.886040,0.179276,0.422863,-9.319197,88.375839,17.901268,0.093506,0.889402,-0.038272,0.445821,-7.834843,53.794682,4.070969,-0.035492,0.943317,0.027841,0.328814,-17.315773,7.462868,3.347581,-0.089027,0.913616,-0.011553,0.396544,2.983258,87.914650,30.661005,0.081236,0.904952,-0.068120,0.412096,8.705189,51.241650,34.079628,-0.047118,0.795912,0.033539,0.602643,-0.904357,5.007407,36.744205,-0.035492,0.943317,0.027841,0.328814,-8.601286,2.732737,-7.222406,-0.047118,0.795912,0.033539,0.602643,12.475510,0.748666,33.154854
784,6.533333,0.003015,0.920084,0.026336,0.390824,-3.331741,88.125328,24.207987,-0.036888,0.912462,0.095223,0.396213,-3.441050,95.384659,24.577423,-0.000436,0.915991,0.048938,0.398202,-5.247488,107.773087,26.406231,0.025346,0.913019,-0.145443,0.380263,-5.843903,122.696831,27.745438,0.056621,0.889040,-0.277114,0.360013,-2.469862,135.333939,23.175583,0.022958,0.870821,0.151926,0.466972,-8.872810,117.199532,25.421715,0.338907,-0.430870,0.225975,-0.805251,-18.675428,120.367226,11.378044,0.231677,0.315216,-0.502113,-0.771263,-5.519883,103.978661,-2.131608,0.366896,0.353925,-0.422062,-0.749659,0.239821,121.828094,2.785440,-0.102779,0.940141,0.115183,0.303816,-4.030755,116.928825,30.594700,0.405948,0.838139,0.093923,-0.352005,9.802913,119.075729,40.956688,-0.025624,0.213664,0.545336,-0.810123,20.360794,103.727020,24.309994,0.093985,0.030725,0.515271,-0.851304,14.053959,121.699013,17.916008,0.064462,0.885188,0.178578,0.424732,-9.488651,88.357018,17.833645,0.096020,0.887589,-0.044317,0.448332,-8.088117,53.770317,4.008485,-0.032101,0.943008,0.022040,0.330483,-18.029554,7.530799,3.657160,-0.090270,0.913274,-0.011717,0.397046,2.825169,87.893639,30.582329,0.080490,0.905223,-0.067934,0.411678,8.624150,51.237534,34.051956,-0.047648,0.795697,0.034042,0.602858,-0.913641,4.989487,36.734600,-0.032101,0.943008,0.022040,0.330483,-9.326980,2.620743,-6.840345,-0.047648,0.795697,0.034042,0.602858,12.474518,0.750940,33.152287
785,6.541667,0.002584,0.920261,0.026688,0.390385,-3.500390,88.111534,24.124155,-0.037077,0.912627,0.096880,0.395414,-3.617292,95.370628,24.495897,0.000209,0.916350,0.049910,0.397255,-5.443992,107.757996,26.363329,0.025319,0.913731,-0.144252,0.379007,-6.032878,122.678864,27.737450,0.056638,0.890032,-0.275719,0.358627,-2.679441,135.329147,23.188908,0.023301,0.871500,0.152196,0.465597,-9.068365,117.187759,25.407644,0.339693,-0.430150,0.224899,-0.805606,-18.915083,120.363548,11.396696,0.231722,0.315103,-0.502525,-0.771027,-5.704329,104.009567,-2.100992,0.366484,0.353385,-0.423138,-0.749508,0.040064,121.859993,2.803493,-0.102495,0.940471,0.116704,0.302305,-4.215628,116.903877,30.569902,0.405151,0.837736,0.093007,-0.354120,9.651966,119.032707,40.890182,-0.025905,0.211894,0.545112,-0.810730,20.167532,103.719261,24.184326,0.094072,0.028685,0.514688,-0.851718,13.819793,121.699974,17.847956,0.065941,0.883996,0.177669,0.427360,-9.663421,88.338432,17.755560,0.098130,0.885457,-0.050291,0.451451,-8.348634,53.741974,3.946395,-0.029463,0.942658,0.015538,0.332094,-18.715668,7.594687,3.968114,-0.091306,0.913017,-0.011869,0.397394,2.662641,87.884644,30.492750,0.079430,0.905355,-0.067907,0.411596,8.525635,51.242840,34.005520,-0.048240,0.795592,0.034346,0.602932,-0.920860,4.978421,36.728634,-0.029463,0.942658,0.015538,0.332094,-10.022413,2.494811,-6.446277,-0.048240,0.795592,0.034346,0.602932,12.473772,0.756690,33.150677
786,6.550000,0.002101,0.920706,0.026476,0.389353,-3.678150,88.087822,24.043295,-0.037352,0.912964,0.098138,0.394298,-3.799907,95.347107,24.409603,0.000846,0.916817,0.050687,0.396077,-5.644484,107.737114,26.306688,0.025260,0.914313,-0.143312,0.377962,-6.223333,122.655609,27.710459,0.056445,0.890879,-0.273805,0.358022,-2.887374,135.316330,23.178127,0.023260,0.871821,0.152508,0.464896,-9.267230,117.170227,25.378183,0.339287,-0.429146,0.224343,-0.806466,-19.136747,120.346359,11.383358,0.230928,0.315206,-0.502993,-0.770919,-5.870433,104.030838,-2.106376,0.365453,0.353133,-0.425006,-0.749073,-0.147953,121.880661,2.810153,-0.102477,0.940674,0.118041,0.301160,-4.401253,116.874519,30.527300,0.404623,0.837472,0.093565,-0.355200,9.490557,118.994095,40.816872,-0.025474,0.209841,0.544814,-0.811477,19.989193,103.723022,24.061649,0.094414,0.026564,0.513879,-0.852237,13.595273,121.700050,17.777719,0.067377,0.883057,0.176853,0.429411,-9.855482,88.304893,17.688225,0.099473,0.883334,-0.055814,0.454655,-8.629600,53.701126,3.889202,-0.026894,0.942530,0.010841,0.332860,-19.341913,7.634368,4.274845,-0.092302,0.912856,-0.011681,0.397541,2.499182,87.870750,30.398363,0.078271,0.905275,-0.068240,0.411939,8.434243,51.242233,33.928688,-0.049700,0.795478,0.034241,0.602970,-0.927527,4.964802,36.722355,-0.026894,0.942530,0.010841,0.332860,-10.672005,2.391451,-6.087854,-0.049700,0.795478,0.034241,0.602970,12.477483,0.765763,33.156578
787,6.558333,0.001846,0.921039,0.026648,0.388554,-3.856695,88.060638,23.934204,-0.036951,0.913131,0.099619,0.393576,-3.982513,95.319809,24.301481,0.000885,0.917048,0.051641,0.395419,-5.832177,107.711365,26.239214,0.026025,0.914982,-0.140772,0.377246,-6.420235,122.626938,27.669998,0.056226,0.891883,-0.272550,0.356511,-3.095304,135.313354,23.201868,0.022998,0.871401,0.154644,0.464990,-9.463274,117.143372,25.332325,0.340277,-0.428579,0.223255,-0.806653,-19.330158,120.346298,11.341749,0.230855,0.316600,-0.503911,-0.769769,-6.015200,104.060959,-2.136528,0.365741,0.353343,-0.425410,-0.748604,-0.362480,121.927979,2.800949,-0.101857,0.940930,0.119398,0.300035,-4.589906,116.842270,30.474138,0.403786,0.837098,0.093128,-0.357144,9.329877,118.932869,40.731796,-0.026021,0.208301,0.544705,-0.811930,19.793140,103.705681,23.914633,0.094202,0.024909,0.513550,-0.852509,13.366776,121.697105,17.687208,0.068303,0.882408,0.175382,0.431197,-10.045067,88.274376,17.589769,0.100843,0.881872,-0.060656,0.456568,-8.900511,53.641354,3.857312,-0.023955,0.942444,0.006769,0.333436,-19.932526,7.653898,4.561944,-0.093462,0.913104,-0.011514,0.396703,2.331677,87.846909,30.278639,0.077083,0.905336,-0.068801,0.411936,8.353059,51.234161,33.826382,-0.050163,0.795476,0.035043,0.602888,-0.929307,4.946545,36.714787,-0.023955,0.942444,0.006769,0.333436,-11.293030,2.280688,-5.759333,-0.050163,0.795476,0.035043,0.602888,12.482240,0.772955,33.143700
788,6.566667,0.001400,0.921402,0.026681,0.387692,-4.033923,88.035439,23.815189,-0.036669,0.913349,0.101144,0.392708,-4.165564,95.294601,24.180510,0.000968,0.917348,0.052666,0.394586,-6.021480,107.676186,26.157295,0.025835,0.915460,-0.139523,0.376563,-6.618115,122.588539,27.617710,0.056250,0.892662,-0.270362,0.356223,-3.314578,135.288971,23.173622,0.023344,0.871649,0.155617,0.464185,-9.661206,117.107185,25.274927,0.340144,-0.427796,0.222281,-0.807393,-19.553617,120.332191,11.307467,0.230202,0.317081,-0.504392,-0.769452,-6.183466,104.094025,-2.173090,0.365288,0.353082,-0.426617,-0.748262,-0.562492,121.961769,2.782231,-0.101968,0.941021,0.120708,0.299183,-4.778505,116.799889,30.407509,0.403048,0.836947,0.093648,-0.358192,9.158258,118.884369,40.643326,-0.026323,0.207233,0.544411,-0.812390,19.613804,103.705231,23.777988,0.093725,0.023533,0.511704,-0.853710,13.159254,121.691490,17.590300,0.069296,0.882036,0.173221,0.432671,-10.234191,88.241714,17.482132,0.101592,0.880316,-0.064547,0.458864,-9.203481,53.562729,3.857073,-0.021515,0.942534,0.004431,0.333388,-20.465136,7.635713,4.822443,-0.094609,0.913391,-0.011279,0.395776,2.166344,87.829170,30.148247,0.075819,0.905717,-0.069679,0.411185,8.275568,51.232113,33.707600,-0.050667,0.795799,0.035336,0.602403,-0.930533,4.937723,36.728390,-0.021515,0.942534,0.004431,0.333388,-11.859723,2.180676,-5.484376,-0.050667,0.795799,0.035336,0.602403,12.481692,0.778887,33.142681
789,6.575000,0.001132,0.921811,0.026717,0.386716,-4.219569,88.004494,23.684845,-0.037263,0.913639,0.102906,0.391518,-4.354619,95.263634,24.049278,0.001528,0.917852,0.053538,0.393293,-6.240524,107.645035,26.064468,0.026585,0.916044,-0.138044,0.375635,-6.829941,122.554573,27.556250,0.056439,0.893568,-0.268093,0.355636,-3.528390,135.268814,23.150307,0.023230,0.871391,0.156939,0.464229,-9.880776,117.078506,25.211166,0.340626,-0.427191,0.221047,-0.807849,-19.771915,120.321487,11.246975,0.229847,0.317847,-0.504595,-0.769108,-6.348582,104.128075,-2.234550,0.364113,0.353429,-0.427405,-0.748221,-0.755915,121.992783,2.743166,-0.101412,0.941353,0.122748,0.297496,-4.983654,116.760017,30.329306,0.402307,0.836552,0.093467,-0.359992,8.992121,118.813393,40.518105,-0.027529,0.205617,0.544591,-0.812640,19.412878,103.678345,23.591719,0.092988,0.022358,0.512719,-0.853213,12.935776,121.694397,17.477829,0.069871,0.882192,0.170902,0.433183,-10.433239,88.206184,17.364792,0.102215,0.879156,-0.067950,0.460456,-9.509439,53.473675,3.869027,-0.019054,0.942333,0.003858,0.334113,-20.969707,7.601315,5.067867,-0.095674,0.913699,-0.011060,0.394814,1.994101,87.802803,30.004900,0.074562,0.905934,-0.070410,0.410813,8.185360,51.220493,33.574150,-0.051626,0.795654,0.035681,0.602492,-0.940523,4.917908,36.710499,-0.019054,0.942333,0.003858,0.334113,-12.376287,2.109220,-5.229273,-0.051626,0.795654,0.035681,0.602492,12.481045,0.783151,33.131912
790,6.583333,0.000672,0.922246,0.027079,0.385654,-4.393785,87.970779,23.532114,-0.036975,0.913848,0.104556,0.390620,-4.536606,95.229652,23.898968,0.001333,0.918119,0.054706,0.392508,-6.430720,107.607307,25.957378,0.026694,0.916391,-0.136569,0.375317,-7.038016,122.513069,27.479435,0.056551,0.894206,-0.265630,0.355864,-3.750356,135.242783,23.107925,0.022762,0.871299,0.158155,0.464013,-10.085204,117.037460,25.128555,0.339774,-0.426469,0.219728,-0.808948,-19.984104,120.284615,11.170832,0.228501,0.318861,-0.505208,-0.768687,-6.500941,104.162834,-2.336823,0.363166,0.353898,-0.427591,-0.748354,-0.957458,122.029449,2.686626,-0.101092,0.941335,0.123982,0.297150,-5.179323,116.715584,30.238083,0.401268,0.836452,0.094473,-0.361120,8.805881,118.747116,40.418324,-0.027990,0.204633,0.544334,-0.813045,19.227722,103.680946,23.431265,0.092332,0.021317,0.512775,-0.853278,12.724039,121.697571,17.356882,0.070635,0.882842,0.167830,0.432935,-10.622023,88.166931,17.226238,0.102276,0.877741,-0.070463,0.462759,-9.854163,53.364849,3.900990,-0.019172,0.941898,0.004551,0.335321,-21.430630,7.526577,5.274400,-0.097060,0.914496,-0.011453,0.392614,1.834453,87.774635,29.837990,0.073485,0.906292,-0.071154,0.410088,8.116179,51.212894,33.459549,-0.051740,0.795808,0.036691,0.602217,-0.943963,4.905188,36.708939,-0.019172,0.941898,0.004551,0.335321,-12.807241,2.053593,-5.007850,-0.051740,0.795808,0.036691,0.602217,12.480810,0.794378,33.114807
791,6.591667,0.000096,0.922740,0.026941,0.384482,-4.581879,87.931511,23.386127,-0.036796,0.914213,0.105611,0.389496,-4.731191,95.190498,23.748093,0.001384,0.918519,0.055847,0.391410,-6.629114,107.564102,25.834995,0.027379,0.916832,-0.134949,0.374776,-7.246564,122.466087,27.389673,0.056797,0.894989,-0.262990,0.355815,-3.961376,135.211060,23.060986,0.022488,0.870385,0.161754,0.464499,-10.294190,116.992592,25.034439,0.338487,-0.425902,0.219522,-0.809842,-20.177784,120.291641,11.078046,0.227332,0.319663,-0.505457,-0.768537,-6.665957,104.205368,-2.443287,0.362362,0.354286,-0.427645,-0.748529,-1.152386,122.067932,2.622554,-0.101102,0.941460,0.125593,0.296069,-5.376110,116.664566,30.131834,0.400831,0.836178,0.095841,-0.361877,8.631337,118.684921,40.283665,-0.028925,0.203297,0.544488,-0.813245,19.043367,103.670815,23.244589,0.091292,0.020484,0.511747,-0.854026,12.525916,121.699104,17.234138,0.070952,0.884122,0.164651,0.431492,-10.826129,88.116737,17.095779,0.101978,0.876612,-0.072120,0.464706,-10.206221,53.239208,3.961469,-0.017163,0.941569,0.006956,0.336312,-21.832842,7.417524,5.459047,-0.098320,0.915089,-0.011488,0.390913,1.662371,87.746277,29.676474,0.072245,0.906579,-0.071980,0.409528,8.034756,51.202953,33.325390,-0.052630,0.795821,0.037103,0.602098,-0.949286,4.889342,36.699509,-0.017163,0.941569,0.006956,0.336312,-13.200934,1.986736,-4.838409,-0.052630,0.795821,0.037103,0.602098,12.482697,0.802780,33.104683
792,6.600000,-0.000427,0.923335,0.026873,0.383053,-4.776755,87.886093,23.216959,-0.036361,0.914523,0.107140,0.388390,-4.932154,95.145134,23.575335,0.001147,0.918846,0.056885,0.390492,-6.832157,107.509842,25.703609,0.027666,0.917348,-0.132712,0.374292,-7.466733,122.408333,27.284639,0.057558,0.895731,-0.260410,0.355724,-4.199564,135.176041,23.009624,0.023036,0.870471,0.162801,0.463945,-10.511477,116.934692,24.925993,0.337233,-0.425241,0.218406,-0.811013,-20.412115,120.264221,10.988929,0.226063,0.319965,-0.505091,-0.769026,-6.847760,104.248154,-2.563134,0.360336,0.354650,-0.428053,-0.749101,-1.328702,122.092018,2.544581,-0.100961,0.941588,0.127491,0.294897,-5.583210,116.604736,30.013414,0.399757,0.836151,0.097004,-0.362817,8.449366,118.606529,40.134178,-0.030018,0.201841,0.544197,-0.813762,18.870300,103.663383,23.038246,0.090111,0.019597,0.512167,-0.853921,12.315443,121.703362,17.093859,0.071289,0.885416,0.161066,0.430133,-11.040447,88.061615,16.945694,0.101116,0.875478,-0.073033,0.466883,-10.581264,53.100597,4.028524,-0.017556,0.941155,0.009144,0.337396,-22.180691,7.274872,5.611032,-0.100079,0.915865,-0.011828,0.388633,1.486938,87.710579,29.488224,0.071287,0.907086,-0.072873,0.408414,7.977237,51.193863,33.195251,-0.054919,0.795940,0.036097,0.601798,-0.954948,4.879472,36.694057,-0.017556,0.941155,0.009144,0.337396,-13.513676,1.903366,-4.688031,-0.054919,0.795940,0.036097,0.601798,12.485754,0.809929,33.112534
793,6.608333,-0.001069,0.923899,0.026640,0.381707,-4.977255,87.832977,23.045891,-0.035633,0.914805,0.108193,0.387500,-5.139460,95.092186,23.397810,0.000707,0.919043,0.058181,0.389838,-7.030412,107.450226,25.558891,0.027957,0.917622,-0.131167,0.374144,-7.691148,122.344269,27.170813,0.058300,0.896334,-0.257456,0.356235,-4.432941,135.127243,22.934788,0.022938,0.870038,0.164821,0.464050,-10.728592,116.869629,24.805088,0.336379,-0.424917,0.216643,-0.812010,-20.626020,120.229080,10.872920,0.224972,0.321790,-0.504940,-0.768683,-7.009569,104.297279,-2.726142,0.359939,0.355339,-0.427461,-0.749303,-1.530052,122.132065,2.454203,-0.100981,0.941644,0.129455,0.293856,-5.793072,116.538765,29.885418,0.398599,0.836165,0.097790,-0.363846,8.260715,118.525948,39.979599,-0.031833,0.201071,0.544064,-0.813972,18.690491,103.650192,22.830372,0.088269,0.018923,0.511689,-0.854415,12.117622,121.703484,16.949198,0.071368,0.886994,0.157508,0.428182,-11.259182,87.995758,16.792542,0.099920,0.874920,-0.073240,0.468154,-10.950642,52.951084,4.099560,-0.020515,0.940766,0.012191,0.338215,-22.463690,7.105479,5.736152,-0.101741,0.916482,-0.012163,0.386733,1.304671,87.670189,29.299242,0.070191,0.907493,-0.073736,0.407545,7.905121,51.179077,33.063404,-0.055650,0.795858,0.036425,0.601820,-0.963025,4.861989,36.687176,-0.020515,0.940766,0.012191,0.338215,-13.738081,1.839169,-4.567768,-0.055650,0.795858,0.036425,0.601820,12.484576,0.812254,33.109081
794,6.616667,-0.001678,0.924579,0.026299,0.380079,-5.176916,87.770828,22.863937,-0.035932,0.915128,0.109410,0.386366,-5.344800,95.030281,23.208195,0.001036,0.919391,0.059312,0.388846,-7.252844,107.387802,25.397718,0.028469,0.918061,-0.129230,0.373701,-7.915985,122.277847,27.045244,0.059254,0.896987,-0.254529,0.356536,-4.666927,135.079376,22.858467,0.022558,0.869707,0.166279,0.464168,-10.956314,116.807449,24.673426,0.333643,-0.423845,0.215742,-0.813937,-20.850519,120.179382,10.741991,0.223111,0.323291,-0.505574,-0.768179,-7.169117,104.339340,-2.898991,0.360269,0.356222,-0.426062,-0.749522,-1.750862,122.176270,2.351655,-0.101080,0.941566,0.131876,0.292994,-6.009853,116.466881,29.742455,0.397913,0.836084,0.099891,-0.364212,8.060863,118.436195,39.816521,-0.033573,0.199956,0.544260,-0.814046,18.504618,103.630722,22.615065,0.086269,0.018332,0.510834,-0.855144,11.923553,121.701218,16.809155,0.071709,0.888335,0.153695,0.426727,-11.480800,87.920555,16.632402,0.098275,0.874575,-0.072759,0.469218,-11.340343,52.791077,4.173026,-0.025897,0.940386,0.015313,0.338777,-22.700129,6.908006,5.830415,-0.103381,0.917098,-0.012490,0.384821,1.126968,87.621101,29.095474,0.068970,0.907969,-0.074902,0.406479,7.836575,51.155670,32.915096,-0.056287,0.796021,0.036878,0.601517,-0.967249,4.838911,36.696434,-0.025897,0.940386,0.015313,0.338777,-13.897279,1.772315,-4.473730,-0.056287,0.796021,0.036878,0.601517,12.484219,0.809865,33.109550
795,6.625000,-0.002409,0.925251,0.025871,0.378466,-5.383375,87.703255,22.670414,-0.035944,0.915453,0.110481,0.385290,-5.558145,94.962982,23.005182,0.001318,0.919693,0.060579,0.387935,-7.474481,107.315971,25.221617,0.029455,0.918370,-0.127716,0.373386,-8.142950,122.201431,26.907883,0.059985,0.897677,-0.251361,0.356925,-4.886323,135.015579,22.765869,0.023086,0.869009,0.168886,0.464508,-11.184748,116.735268,24.528215,0.332277,-0.423682,0.214743,-0.814844,-21.067099,120.166794,10.602915,0.221944,0.324671,-0.505102,-0.768246,-7.357335,104.389252,-3.081961,0.359124,0.357285,-0.425007,-0.750164,-1.956466,122.206627,2.236260,-0.100299,0.941714,0.133377,0.292106,-6.228255,116.384804,29.586761,0.396255,0.836197,0.101195,-0.365399,7.866029,118.317818,39.634888,-0.035827,0.198423,0.544165,-0.814389,18.332281,103.609131,22.364204,0.084602,0.017380,0.512161,-0.854536,11.720845,121.704575,16.653379,0.072112,0.889710,0.149702,0.425213,-11.708904,87.837334,16.460489,0.096121,0.874577,-0.071272,0.469890,-11.746415,52.621841,4.245583,-0.032808,0.940209,0.018473,0.338511,-22.866587,6.678909,5.869449,-0.105226,0.917504,-0.013112,0.383330,0.942153,87.569168,28.880337,0.067949,0.908091,-0.075639,0.406242,7.764699,51.133621,32.784145,-0.056835,0.795561,0.037163,0.602056,-0.978830,4.814121,36.670403,-0.032808,0.940209,0.018473,0.338511,-13.990438,1.690100,-4.443978,-0.056835,0.795561,0.037163,0.602056,12.482653,0.801209,33.103050
796,6.633333,-0.003127,0.925863,0.025201,0.377004,-5.604912,87.634727,22.475939,-0.035497,0.915768,0.111263,0.384357,-5.785141,94.894890,22.798035,0.001194,0.919909,0.061899,0.387213,-7.695317,107.237373,25.037489,0.029866,0.918694,-0.125918,0.373168,-8.381202,122.117996,26.759104,0.061341,0.898222,-0.248275,0.357482,-5.133414,134.949203,22.663216,0.023195,0.868392,0.171057,0.464862,-11.419203,116.653267,24.371315,0.330312,-0.423327,0.213426,-0.816173,-21.289942,120.124817,10.447696,0.220213,0.326365,-0.504734,-0.768268,-7.536963,104.434219,-3.293662,0.357738,0.358501,-0.424018,-0.750806,-2.163748,122.236046,2.112913,-0.100373,0.941696,0.135502,0.291158,-6.454767,116.297768,29.421717,0.394591,0.836576,0.102416,-0.365991,7.658280,118.216011,39.446316,-0.038200,0.197496,0.543600,-0.814884,18.168707,103.594719,22.128321,0.081935,0.016475,0.511675,-0.855104,11.517494,121.700760,16.494694,0.072212,0.891180,0.146080,0.423374,-11.949948,87.751846,16.285601,0.093554,0.874937,-0.068444,0.470158,-12.136875,52.457577,4.301603,-0.039673,0.939759,0.021175,0.338868,-22.923857,6.431201,5.805581,-0.107032,0.917831,-0.013349,0.382037,0.740124,87.517601,28.666275,0.066540,0.908317,-0.076799,0.405752,7.683266,51.111076,32.627903,-0.057007,0.795553,0.037641,0.602021,-0.981724,4.790396,36.672710,-0.039673,0.939759,0.021175,0.338868,-13.964251,1.578867,-4.500794,-0.057007,0.795553,0.037641,0.602021,12.482864,0.790909,33.101982
797,6.641667,-0.004217,0.926469,0.024370,0.375558,-5.814544,87.562592,22.285210,-0.036480,0.916059,0.112098,0.383327,-6.004419,94.823242,22.590443,0.002023,0.920250,0.063030,0.386216,-7.944634,107.170166,24.843519,0.031496,0.919074,-0.123906,0.372771,-8.618883,122.046471,26.606537,0.062330,0.898906,-0.245449,0.357544,-5.352895,134.893021,22.573687,0.022952,0.867925,0.172490,0.465217,-11.665006,116.589752,24.210791,0.327264,-0.422591,0.212586,-0.817999,-21.524637,120.078896,10.283701,0.218045,0.327749,-0.504491,-0.768456,-7.722686,104.479622,-3.512421,0.356334,0.359655,-0.422701,-0.751664,-2.374501,122.264030,1.982746,-0.099620,0.941804,0.137958,0.289910,-6.689671,116.218124,29.249292,0.393276,0.836702,0.104582,-0.366506,7.453872,118.093124,39.239033,-0.041218,0.196190,0.543657,-0.815014,17.997200,103.566612,21.861364,0.078929,0.015757,0.510493,-0.856107,11.326860,121.701775,16.334745,0.072139,0.892715,0.143493,0.421029,-12.178729,87.655586,16.114149,0.091172,0.875412,-0.066795,0.469979,-12.475802,52.304672,4.300550,-0.040721,0.939160,0.025739,0.340085,-22.995304,6.215590,5.778522,-0.108718,0.917977,-0.013629,0.381199,0.549641,87.469597,28.456268,0.065192,0.908325,-0.077814,0.405759,7.602222,51.090759,32.478424,-0.057581,0.795424,0.037989,0.602114,-0.985984,4.768121,36.662216,-0.040721,0.939160,0.025739,0.340085,-13.986975,1.491125,-4.544775,-0.057581,0.795424,0.037989,0.602114,12.485047,0.786274,33.096081
798,6.650000,-0.005268,0.926926,0.023419,0.374476,-6.036120,87.507736,22.102095,-0.036617,0.916305,0.112257,0.382679,-6.234618,94.768898,22.389021,0.002362,0.920405,0.064137,0.385664,-8.176518,107.105446,24.644093,0.031732,0.919359,-0.121850,0.372726,-8.853165,121.977486,26.441833,0.063944,0.899147,-0.243021,0.358312,-5.601833,134.843781,22.460428,0.023342,0.867198,0.175184,0.465547,-11.900459,116.525314,24.037220,0.324903,-0.422319,0.212104,-0.819205,-21.748755,120.071350,10.116480,0.216311,0.328801,-0.503537,-0.769123,-7.925071,104.533295,-3.726883,0.353969,0.360809,-0.422178,-0.752522,-2.566794,122.287682,1.849500,-0.099300,0.941768,0.140360,0.288985,-6.919101,116.143715,29.069019,0.392051,0.836757,0.106326,-0.367191,7.245316,117.988358,39.034805,-0.043405,0.195034,0.543818,-0.815071,17.811583,103.547585,21.599722,0.076808,0.014437,0.510274,-0.856453,11.127688,121.711113,16.156597,0.070990,0.895140,0.141774,0.416635,-12.414527,87.576653,15.945421,0.089033,0.876867,-0.065059,0.467915,-12.748374,52.176941,4.279861,-0.042115,0.938888,0.030260,0.340294,-23.013126,6.029743,5.735529,-0.110085,0.918247,-0.013612,0.380155,0.342287,87.438820,28.258770,0.063479,0.908085,-0.078837,0.406370,7.492223,51.082253,32.310303,-0.058924,0.795295,0.037989,0.602155,-0.991137,4.753918,36.642250,-0.042115,0.938888,0.030260,0.340294,-13.975310,1.435075,-4.620527,-0.058924,0.795295,0.037989,0.602155,12.489569,0.795324,33.086826
799,6.658333,-0.006191,0.927359,0.023138,0.373405,-6.248006,87.471237,21.930830,-0.037641,0.916545,0.111981,0.382086,-6.457101,94.732437,22.209188,0.002931,0.920596,0.064747,0.385100,-8.418882,107.069870,24.449366,0.032865,0.919645,-0.119190,0.372784,-9.085755,121.939468,26.270861,0.065346,0.899316,-0.241537,0.358637,-5.832215,134.828430,22.365259,0.023611,0.866632,0.177382,0.465755,-12.138820,116.492546,23.861679,0.322801,-0.421970,0.211909,-0.820265,-21.979916,120.083176,9.947279,0.215281,0.329716,-0.502793,-0.769507,-8.137402,104.591835,-3.929596,0.353158,0.361936,-0.421196,-0.752912,-2.773082,122.327209,1.705627,-0.098103,0.941930,0.141975,0.288074,-7.151345,116.100677,28.886627,0.391236,0.836532,0.108581,-0.367913,7.039608,117.894867,38.823833,-0.045230,0.193811,0.544301,-0.814940,17.611265,103.537811,21.322990,0.074831,0.013039,0.509370,-0.857189,10.930212,121.724236,15.962394,0.069648,0.897973,0.140871,0.411034,-12.640430,87.522629,15.788539,0.087118,0.877889,-0.063873,0.466520,-12.986270,52.089798,4.224298,-0.045418,0.938489,0.033136,0.340703,-23.039606,5.896205,5.683988,-0.111243,0.918390,-0.013438,0.379479,0.144418,87.419853,28.073120,0.061855,0.908296,-0.079776,0.405965,7.380389,51.082039,32.140125,-0.060882,0.795439,0.037478,0.601803,-0.997798,4.748541,36.619110,-0.045418,0.938489,0.033136,0.340703,-13.954365,1.408799,-4.677606,-0.060882,0.795439,0.037478,0.601803,12.490946,0.812300,33.069344
800,6.666667,-0.006508,0.927707,0.023906,0.372486,-6.460418,87.471077,21.767111,-0.037979,0.916779,0.110877,0.381812,-6.677657,94.731697,22.054310,0.002805,0.920628,0.065233,0.384943,-8.633780,107.060577,24.263903,0.032677,0.919829,-0.117330,0.372936,-9.309454,121.928284,26.097420,0.067470,0.899297,-0.239848,0.359423,-6.078004,134.835892,22.235292,0.024137,0.866565,0.178902,0.465270,-12.359808,116.481377,23.684809,0.320486,-0.421662,0.211797,-0.821360,-22.215748,120.109467,9.790651,0.214478,0.330830,-0.502118,-0.769693,-8.357867,104.664871,-4.122944,0.353643,0.362626,-0.418565,-0.753818,-2.994919,122.385666,1.570068,-0.097015,0.942025,0.142901,0.287675,-7.370605,116.088638,28.707970,0.390925,0.835893,0.109229,-0.369498,6.835752,117.840149,38.630760,-0.046435,0.193316,0.545264,-0.814346,17.361147,103.529121,21.064459,0.073410,0.011751,0.510482,-0.856669,10.714785,121.741928,15.753046,0.067536,0.901176,0.140582,0.404422,-12.864921,87.521919,15.637414,0.085695,0.879203,-0.063094,0.464411,-13.163667,52.061451,4.156905,-0.047137,0.938255,0.034599,0.340966,-23.062572,5.835256,5.639634,-0.112041,0.918808,-0.013086,0.378243,-0.055914,87.420235,27.896807,0.059988,0.908475,-0.080794,0.405645,7.249337,51.095001,31.952337,-0.062402,0.795886,0.036831,0.601095,-1.006094,4.755452,36.593689,-0.047137,0.938255,0.034599,0.340966,-13.951900,1.403038,-4.723379,-0.062402,0.795886,0.036831,0.601095,12.483860,0.830727,33.035789
801,6.675000,-0.006359,0.928248,0.025694,0.371019,-6.651334,87.505951,21.605572,-0.039794,0.917045,0.110007,0.381240,-6.875761,94.765305,21.918036,0.003547,0.920818,0.065888,0.384370,-8.865480,107.102623,24.092426,0.032908,0.920173,-0.115874,0.372521,-9.527068,121.967628,25.952885,0.069177,0.899475,-0.238603,0.359483,-6.306554,134.888489,22.126141,0.024387,0.866491,0.179621,0.465119,-12.584832,116.527344,23.534678,0.318581,-0.421788,0.212207,-0.821930,-22.445261,120.173607,9.648461,0.214069,0.331292,-0.500873,-0.770420,-8.601377,104.744270,-4.295959,0.354331,0.362353,-0.417516,-0.754209,-3.201656,122.441437,1.438706,-0.095821,0.942420,0.143616,0.286422,-7.589445,116.121880,28.550678,0.392432,0.834532,0.110826,-0.370502,6.649999,117.834618,38.432739,-0.045899,0.192090,0.547115,-0.813425,17.079285,103.522400,20.810181,0.073393,0.010540,0.511790,-0.855905,10.496120,121.766556,15.538430,0.064546,0.904656,0.141121,0.396883,-13.075212,87.570313,15.496305,0.085288,0.880948,-0.063397,0.461126,-13.252850,52.091717,4.069386,-0.047457,0.937915,0.034221,0.341896,-23.125557,5.862561,5.632197,-0.112156,0.919328,-0.013160,0.376941,-0.227458,87.441589,27.714840,0.057865,0.908712,-0.081670,0.405247,7.089248,51.118435,31.768333,-0.063107,0.796427,0.036328,0.600335,-1.015540,4.768670,36.570419,-0.047457,0.937915,0.034221,0.341896,-13.992437,1.424733,-4.708640,-0.063107,0.796427,0.036328,0.600335,12.470176,0.844412,32.995964
802,6.683333,-0.005397,0.928764,0.026957,0.369652,-6.855015,87.566811,21.466581,-0.040129,0.917470,0.108424,0.380634,-7.072769,94.825363,21.801588,0.003291,0.920999,0.066453,0.383842,-9.050345,107.149590,23.934031,0.032205,0.920498,-0.114714,0.372139,-9.724442,122.012398,25.807459,0.071050,0.899568,-0.237240,0.359787,-6.534883,134.946503,21.999540,0.024679,0.866819,0.180507,0.464147,-12.779488,116.571129,23.388044,0.316082,-0.422252,0.212574,-0.822562,-22.670877,120.234741,9.528444,0.213218,0.331471,-0.499590,-0.771411,-8.854357,104.828979,-4.469064,0.354567,0.362221,-0.415112,-0.755487,-3.409227,122.498489,1.311062,-0.094919,0.942720,0.143243,0.285921,-7.778328,116.166412,28.398350,0.394724,0.832688,0.112792,-0.371619,6.477084,117.856766,38.261215,-0.044188,0.191276,0.549219,-0.812293,16.774784,103.528000,20.574818,0.073646,0.009931,0.513317,-0.854976,10.274754,121.792984,15.306934,0.061256,0.907122,0.142572,0.391218,-13.297045,87.654617,15.376756,0.084732,0.882470,-0.063678,0.458270,-13.281419,52.175858,3.949008,-0.047182,0.938106,0.032607,0.341568,-23.115080,5.941138,5.591562,-0.111907,0.919474,-0.012822,0.376669,-0.412986,87.479004,27.556408,0.055240,0.908341,-0.082469,0.406280,6.897582,51.151020,31.577570,-0.064311,0.796911,0.035540,0.599611,-1.018306,4.785583,36.540722,-0.047182,0.938106,0.032607,0.341568,-13.995499,1.458758,-4.741997,-0.064311,0.796911,0.035540,0.599611,12.465649,0.864202,32.956501
803,6.691667,-0.004166,0.929454,0.027787,0.367868,-7.048847,87.641182,21.342062,-0.040556,0.917997,0.106670,0.379814,-7.253763,94.899246,21.695272,0.002865,0.921232,0.067196,0.383155,-9.218102,107.203461,23.780241,0.031575,0.920799,-0.114293,0.371577,-9.911119,122.063377,25.669706,0.072636,0.899790,-0.235564,0.360016,-6.744452,135.003372,21.862743,0.025252,0.867565,0.181016,0.462522,-12.961629,116.620132,23.248985,0.313534,-0.423178,0.212690,-0.823031,-22.904478,120.299698,9.430488,0.212295,0.331535,-0.498131,-0.772581,-9.129506,104.923454,-4.640250,0.355528,0.361451,-0.412963,-0.756581,-3.629341,122.561501,1.186940,-0.094318,0.943070,0.143129,0.285021,-7.952963,116.217590,28.251965,0.396722,0.830769,0.112537,-0.373858,6.324323,117.894958,38.085369,-0.043025,0.190237,0.551331,-0.811168,16.459635,103.528999,20.335466,0.074175,0.008713,0.515464,-0.853650,10.039966,121.819092,15.090410,0.057907,0.908658,0.144391,0.387477,-13.514415,87.753769,15.277639,0.084522,0.883330,-0.064332,0.456559,-13.266160,52.284157,3.824162,-0.046778,0.938354,0.030036,0.341175,-23.107065,6.053981,5.549312,-0.111559,0.919869,-0.012608,0.375815,-0.583279,87.528603,27.406485,0.052762,0.907900,-0.083230,0.407440,6.713515,51.194424,31.396538,-0.065276,0.797090,0.034830,0.599311,-1.025618,4.815593,36.511005,-0.046778,0.938354,0.030036,0.341175,-14.005956,1.501193,-4.769749,-0.065276,0.797090,0.034830,0.599311,12.459115,0.895068,32.928753
804,6.700000,-0.002810,0.930068,0.028084,0.366302,-7.249264,87.715134,21.224695,-0.040548,0.918682,0.104751,0.378690,-7.436825,94.973099,21.589493,0.002141,0.921631,0.068184,0.382024,-9.376719,107.265022,23.629255,0.030916,0.921332,-0.113313,0.370611,-10.098749,122.121025,25.538450,0.074329,0.900124,-0.234326,0.359643,-6.963393,135.072250,21.743738,0.025707,0.868195,0.181913,0.460960,-13.142570,116.673897,23.118061,0.311580,-0.424475,0.212587,-0.823132,-23.134869,120.372345,9.340331,0.211453,0.331756,-0.496537,-0.773742,-9.412657,105.020393,-4.808253,0.356063,0.360681,-0.410957,-0.757788,-3.856336,122.625290,1.070211,-0.093436,0.943485,0.142778,0.284112,-8.121578,116.276512,28.109079,0.399270,0.828509,0.113414,-0.375890,6.179480,117.934273,37.911213,-0.040748,0.188285,0.553465,-0.810287,16.137314,103.535522,20.087582,0.074630,0.006766,0.519389,-0.851246,9.783795,121.851601,14.866805,0.055261,0.909081,0.146387,0.386121,-13.735384,87.851204,15.182744,0.083964,0.883195,-0.065566,0.456747,-13.266770,52.402550,3.671459,-0.047036,0.938634,0.027679,0.340570,-23.114418,6.178650,5.521519,-0.111235,0.920007,-0.012550,0.375574,-0.763144,87.579071,27.266645,0.050270,0.907289,-0.083683,0.409020,6.514462,51.239407,31.241745,-0.065748,0.797170,0.035087,0.599138,-1.037803,4.843462,36.478832,-0.047036,0.938634,0.027679,0.340570,-14.029670,1.567558,-4.786057,-0.065748,0.797170,0.035087,0.599138,12.449749,0.936590,32.892296
805,6.708333,-0.001604,0.930633,0.028130,0.364868,-7.443473,87.787338,21.099718,-0.040264,0.919394,0.103439,0.377352,-7.614402,95.045334,21.471819,0.001637,0.922147,0.069192,0.380598,-9.529111,107.323494,23.483641,0.030330,0.921582,-0.113957,0.369838,-10.273643,122.175407,25.415918,0.075052,0.900289,-0.232410,0.360323,-7.150822,135.122253,21.596012,0.026135,0.868954,0.182689,0.459195,-13.314274,116.725906,22.996834,0.310265,-0.426423,0.211772,-0.822831,-23.362360,120.439209,9.263749,0.210431,0.331965,-0.494891,-0.774984,-9.705708,105.121590,-4.985139,0.355662,0.360077,-0.408444,-0.759620,-4.092189,122.687508,0.947993,-0.092850,0.943852,0.142878,0.283034,-8.277823,116.331055,27.972456,0.401404,0.826528,0.114372,-0.377683,6.048341,117.975113,37.740173,-0.038402,0.186074,0.554973,-0.809881,15.853271,103.555992,19.848381,0.075405,0.005004,0.521739,-0.849751,9.537184,121.880600,14.655704,0.054564,0.908014,0.147677,0.388232,-13.948274,87.942848,15.078354,0.082693,0.882702,-0.067126,0.457704,-13.367692,52.516769,3.502845,-0.045977,0.938603,0.026890,0.340862,-23.178762,6.292409,5.527459,-0.110949,0.919929,-0.012483,0.375853,-0.938671,87.631828,27.121082,0.047752,0.906229,-0.084221,0.411553,6.320265,51.287292,31.085808,-0.066669,0.797092,0.035534,0.599114,-1.052006,4.876524,36.446579,-0.045977,0.938603,0.026890,0.340862,-14.099728,1.650718,-4.771418,-0.066669,0.797092,0.035534,0.599114,12.443617,0.995456,32.862373
806,6.716667,-0.000767,0.931009,0.028089,0.363913,-7.627713,87.846886,20.964935,-0.039817,0.920001,0.102864,0.376074,-7.786709,95.104950,21.341093,0.001425,0.922685,0.070047,0.379135,-9.682298,107.382927,23.346046,0.029901,0.922117,-0.113116,0.368796,-10.439336,122.231293,25.300613,0.075920,0.900561,-0.231632,0.359962,-7.341155,135.187286,21.491711,0.027031,0.869805,0.183536,0.457190,-13.480620,116.781273,22.883551,0.307831,-0.428382,0.211980,-0.822674,-23.591045,120.523224,9.204100,0.208806,0.331167,-0.493419,-0.776702,-10.022492,105.220459,-5.144548,0.354858,0.359190,-0.406528,-0.761442,-4.331985,122.747993,0.829853,-0.092130,0.944331,0.143010,0.281603,-8.428400,116.386009,27.843126,0.402612,0.824832,0.113274,-0.380427,5.930548,118.013779,37.565327,-0.036781,0.184187,0.556004,-0.809680,15.583004,103.573700,19.607645,0.076582,0.003284,0.523256,-0.848721,9.284900,121.912361,14.443233,0.055215,0.905871,0.148689,0.392735,-14.144882,88.015472,14.957314,0.080147,0.881168,-0.068748,0.460862,-13.520325,52.617073,3.299720,-0.045611,0.938675,0.027308,0.340679,-23.197979,6.374344,5.536063,-0.110670,0.919390,-0.012754,0.377243,-1.110543,87.678299,26.972557,0.045240,0.905059,-0.084405,0.414364,6.115927,51.329674,30.959030,-0.067459,0.796776,0.036760,0.599371,-1.065639,4.899743,36.412014,-0.045611,0.938675,0.027308,0.340679,-14.125435,1.739470,-4.771596,-0.067459,0.796776,0.036760,0.599371,12.443046,1.059642,32.832901
807,6.725000,0.000018,0.931119,0.027587,0.363672,-7.810108,87.894524,20.825968,-0.039228,0.920458,0.102973,0.374986,-7.955729,95.153000,21.199516,0.001174,0.923200,0.070682,0.377763,-9.836669,107.433701,23.215185,0.028600,0.922583,-0.112978,0.367775,-10.604969,122.279404,25.185513,0.077006,0.900712,-0.230438,0.360120,-7.546155,135.240417,21.361887,0.027720,0.870652,0.183969,0.455359,-13.647005,116.828117,22.772240,0.306865,-0.430695,0.211119,-0.822049,-23.814320,120.586945,9.139655,0.207346,0.331001,-0.492013,-0.778055,-10.326817,105.311409,-5.314051,0.352711,0.358778,-0.403528,-0.764224,-4.578869,122.800873,0.711387,-0.091835,0.944766,0.143464,0.280004,-8.580056,116.434097,27.716869,0.403864,0.823329,0.112980,-0.382437,5.812063,118.057076,37.390717,-0.034704,0.181752,0.556699,-0.809845,15.337475,103.601456,19.377762,0.077786,0.000890,0.524148,-0.848067,9.036551,121.942070,14.247441,0.056768,0.903242,0.149250,0.398316,-14.330411,88.072701,14.822020,0.077020,0.878865,-0.070502,0.465504,-13.721128,52.699707,3.086718,-0.044152,0.938488,0.028832,0.341262,-23.228741,6.433591,5.556473,-0.110223,0.918628,-0.013274,0.379205,-1.289805,87.716347,26.829914,0.043030,0.903780,-0.084788,0.417302,5.883205,51.361370,30.854824,-0.068674,0.796608,0.037558,0.599407,-1.142534,4.919121,36.404999,-0.044152,0.938488,0.028832,0.341262,-14.153769,1.823565,-4.760198,-0.068674,0.796608,0.037558,0.599407,12.378149,1.117805,32.829777
808,6.733333,0.000403,0.930877,0.027379,0.364305,-7.976268,87.926376,20.680315,-0.038127,0.920742,0.103505,0.374256,-8.115834,95.185020,21.052998,0.000718,0.923604,0.071288,0.376661,-9.975435,107.470253,23.093683,0.028009,0.922931,-0.112489,0.367097,-10.760842,122.313393,25.076458,0.077180,0.900955,-0.229475,0.360090,-7.725265,135.280655,21.255505,0.028067,0.871635,0.184531,0.453225,-13.800432,116.859421,22.666183,0.305272,-0.432922,0.210107,-0.821732,-24.034626,120.624901,9.085582,0.205042,0.330333,-0.491504,-0.779270,-10.621913,105.394577,-5.484961,0.350350,0.358340,-0.400749,-0.766973,-4.836685,122.859360,0.584656,-0.091156,0.945160,0.143766,0.278738,-8.721672,116.469231,27.598984,0.404097,0.822045,0.111798,-0.385291,5.699426,118.074524,37.232529,-0.033575,0.179771,0.556982,-0.810140,15.105958,103.628632,19.149456,0.078464,-0.001347,0.524190,-0.847978,8.789370,121.972916,14.056869,0.058887,0.900935,0.149016,0.403289,-14.488390,88.109879,14.667656,0.073619,0.876136,-0.072101,0.470923,-13.963334,52.749973,2.888937,-0.042086,0.938030,0.031733,0.342523,-23.276575,6.456962,5.585028,-0.110380,0.917767,-0.013849,0.381220,-1.464146,87.742874,26.692972,0.040976,0.903083,-0.084622,0.419048,5.694201,51.391647,30.777424,-0.070645,0.796128,0.038663,0.599746,-1.160619,4.930413,36.382149,-0.042086,0.938030,0.031733,0.342523,-14.186679,1.901598,-4.742771,-0.070645,0.796128,0.038663,0.599746,12.381021,1.188212,32.823921
809,6.741667,0.000719,0.930484,0.027434,0.365302,-8.130185,87.945328,20.521631,-0.037895,0.920884,0.104621,0.373620,-8.266161,95.203926,20.896593,0.000900,0.924032,0.071984,0.375476,-10.131766,107.499634,22.969011,0.027577,0.923280,-0.111708,0.366489,-10.917434,122.339783,24.974007,0.077007,0.901098,-0.228811,0.360192,-7.903595,135.315567,21.164772,0.029125,0.872232,0.185503,0.451611,-13.961181,116.888008,22.564014,0.303895,-0.435387,0.209625,-0.821062,-24.244129,120.691132,9.030810,0.202957,0.329491,-0.490684,-0.780688,-10.928281,105.479958,-5.648172,0.347802,0.357637,-0.398244,-0.769760,-5.089841,122.915039,0.460736,-0.090989,0.945609,0.144414,0.276930,-8.869788,116.492912,27.483383,0.403186,0.821404,0.109305,-0.388316,5.587360,118.096947,37.062962,-0.033275,0.177954,0.556534,-0.810861,14.913699,103.669914,18.923372,0.078950,-0.004295,0.523381,-0.848423,8.550108,122.013855,13.876658,0.061469,0.898739,0.148068,0.408126,-14.629400,88.134888,14.495209,0.069920,0.872831,-0.073548,0.477356,-14.242804,52.777145,2.704657,-0.039958,0.937324,0.035260,0.344360,-23.336845,6.453851,5.619918,-0.110547,0.916534,-0.014545,0.384101,-1.630972,87.755768,26.548052,0.038865,0.901907,-0.084456,0.421806,5.505705,51.408756,30.707232,-0.071017,0.795549,0.041370,0.600290,-1.179962,4.928926,36.361893,-0.039958,0.937324,0.035260,0.344360,-14.218203,1.969085,-4.713439,-0.071017,0.795549,0.041370,0.600290,12.380351,1.253443,32.805237
810,6.750000,0.000556,0.929863,0.027399,0.366884,-8.266513,87.962433,20.368158,-0.037660,0.920858,0.106148,0.373277,-8.405145,95.221062,20.741535,0.000862,0.924357,0.072616,0.374553,-10.281095,107.524529,22.854534,0.026652,0.923631,-0.111050,0.365875,-11.072912,122.361931,24.877323,0.077044,0.901198,-0.228271,0.360276,-8.091921,135.346405,21.071838,0.029952,0.872957,0.186030,0.449935,-14.117644,116.910728,22.467270,0.303398,-0.437778,0.208648,-0.820223,-24.451521,120.737167,8.979506,0.201163,0.328846,-0.490279,-0.781678,-11.219541,105.549408,-5.799213,0.345189,0.357250,-0.395657,-0.772446,-5.348804,122.964325,0.340511,-0.090596,0.945998,0.145182,0.275323,-9.016439,116.513718,27.376307,0.402226,0.820901,0.108514,-0.390591,5.474095,118.106735,36.907150,-0.032329,0.175758,0.555670,-0.811970,14.750570,103.726219,18.705168,0.079834,-0.006727,0.521628,-0.849403,8.317869,122.055504,13.700297,0.063671,0.896709,0.147131,0.412567,-14.745193,88.149834,14.319603,0.066287,0.869593,-0.074544,0.483587,-14.476267,52.792019,2.525999,-0.039593,0.936938,0.038817,0.345070,-23.339033,6.435880,5.625650,-0.110649,0.915240,-0.015367,0.387113,-1.787832,87.775040,26.416714,0.036888,0.900808,-0.084061,0.424403,5.318171,51.431538,30.658329,-0.072443,0.794784,0.042847,0.601028,-1.199888,4.931250,36.340435,-0.039593,0.936938,0.038817,0.345070,-14.199327,2.039494,-4.727056,-0.072443,0.794784,0.042847,0.601028,12.382434,1.314130,32.808014
811,6.758333,0.000729,0.929114,0.027486,0.368770,-8.407253,87.965355,20.216364,-0.037677,0.920734,0.107571,0.373172,-8.544775,95.223907,20.591564,0.001288,0.924631,0.073133,0.373775,-10.436823,107.537224,22.740311,0.026448,0.923883,-0.110235,0.365499,-11.220915,122.372345,24.782791,0.076420,0.901424,-0.227710,0.360199,-8.254976,135.364929,20.993279,0.030974,0.873566,0.186339,0.448555,-14.271325,116.925003,22.371197,0.302580,-0.439813,0.208223,-0.819544,-24.646231,120.779076,8.922860,0.199403,0.327910,-0.490229,-0.782553,-11.494642,105.602882,-5.939281,0.342909,0.357283,-0.394070,-0.774255,-5.597447,123.005486,0.217827,-0.090814,0.946375,0.146473,0.273262,-9.161866,116.520454,27.271029,0.401215,0.820461,0.107041,-0.392954,5.366690,118.119987,36.742714,-0.031481,0.173194,0.554839,-0.813122,14.591208,103.773621,18.487463,0.081494,-0.009297,0.519899,-0.850281,8.085036,122.093773,13.537754,0.065702,0.894753,0.145940,0.416896,-14.861327,88.157082,14.141692,0.063308,0.866531,-0.075827,0.489251,-14.708166,52.792847,2.365292,-0.040246,0.936268,0.041775,0.346464,-23.406782,6.418425,5.650843,-0.111103,0.913730,-0.016134,0.390504,-1.953178,87.773636,26.291037,0.035180,0.899865,-0.083692,0.426616,5.145101,51.439442,30.624359,-0.073309,0.794090,0.044983,0.601684,-1.226929,4.921636,36.328697,-0.040246,0.936268,0.041775,0.346464,-14.223170,2.105834,-4.698258,-0.073309,0.794090,0.044983,0.601684,12.375479,1.367573,32.809574
812,6.766667,0.000885,0.928377,0.027912,0.370590,-8.526454,87.970581,20.058563,-0.038159,0.920419,0.109248,0.373415,-8.664903,95.228783,20.440079,0.001820,0.924717,0.073661,0.373457,-10.586990,107.548729,22.625170,0.025466,0.924116,-0.109270,0.365269,-11.361551,122.381470,24.688412,0.075905,0.901585,-0.227070,0.360308,-8.430764,135.385651,20.911341,0.031874,0.874061,0.186763,0.447350,-14.416669,116.939072,22.271629,0.302075,-0.441788,0.207926,-0.818744,-24.827217,120.819855,8.858566,0.197436,0.326662,-0.490182,-0.783603,-11.756450,105.645477,-6.076545,0.339321,0.356920,-0.392760,-0.776665,-5.825861,123.031845,0.093653,-0.090844,0.946633,0.147402,0.271855,-9.303864,116.525093,27.167181,0.400290,0.820101,0.106864,-0.394693,5.251210,118.124794,36.598038,-0.030744,0.171241,0.553897,-0.814205,14.444346,103.829407,18.287048,0.082023,-0.011006,0.518212,-0.851239,7.869067,122.136009,13.375870,0.067092,0.893383,0.144697,0.420033,-14.956668,88.168549,13.958841,0.060841,0.863944,-0.077001,0.493934,-14.894170,52.791142,2.221228,-0.039649,0.935765,0.045079,0.347477,-23.464111,6.404716,5.671381,-0.111366,0.912183,-0.017181,0.393985,-2.096240,87.772606,26.158285,0.033436,0.898927,-0.083299,0.428806,4.972169,51.445381,30.597519,-0.074246,0.793508,0.047361,0.602154,-1.249855,4.910064,36.324547,-0.039649,0.935765,0.045079,0.347477,-14.255689,2.172143,-4.688704,-0.074246,0.793508,0.047361,0.602154,12.372176,1.425555,32.811779
813,6.775000,0.001222,0.927454,0.027984,0.372887,-8.646509,87.981186,19.913483,-0.038368,0.920054,0.110298,0.373981,-8.781748,95.239326,20.297443,0.002098,0.924678,0.074396,0.373406,-10.722079,107.567093,22.505995,0.025419,0.924196,-0.107768,0.365515,-11.497066,122.396538,24.592659,0.074757,0.901653,-0.227059,0.360386,-8.580689,135.414673,20.852684,0.032409,0.874753,0.186760,0.445957,-14.552197,116.957817,22.167629,0.301979,-0.443173,0.207254,-0.818200,-25.004890,120.846558,8.789693,0.196337,0.326677,-0.490782,-0.783496,-11.981451,105.686485,-6.201182,0.339279,0.356305,-0.391534,-0.777585,-6.072496,123.079910,-0.013907,-0.091141,0.946825,0.148506,0.270485,-9.438873,116.536354,27.061996,0.398403,0.820357,0.105496,-0.396434,5.140204,118.143082,36.454506,-0.030153,0.169081,0.551995,-0.815968,14.339828,103.902100,18.104420,0.082782,-0.013189,0.517579,-0.851519,7.651117,122.177612,13.236742,0.068155,0.892117,0.143278,0.423029,-15.046430,88.186287,13.782218,0.058410,0.862035,-0.077532,0.497467,-15.060705,52.789116,2.104195,-0.039216,0.935585,0.048490,0.347550,-23.472176,6.383038,5.677843,-0.111821,0.910689,-0.018000,0.397263,-2.246588,87.776093,26.044746,0.031897,0.898030,-0.082818,0.430889,4.811820,51.458572,30.578318,-0.075359,0.792602,0.049445,0.603041,-1.273491,4.906187,36.313511,-0.039216,0.935585,0.048490,0.347550,-14.257688,2.234469,-4.710789,-0.075359,0.792602,0.049445,0.603041,12.371498,1.488303,32.824471
814,6.783333,0.001810,0.926640,0.027927,0.374907,-8.776932,87.999718,19.784376,-0.038190,0.919607,0.111172,0.374841,-8.904772,95.257874,20.170494,0.001988,0.924439,0.074904,0.373896,-10.850124,107.574173,22.397760,0.025152,0.924061,-0.107238,0.366030,-11.634944,122.401367,24.496758,0.073631,0.901815,-0.226090,0.360821,-8.727600,135.425095,20.769239,0.033536,0.875318,0.186856,0.444723,-14.684637,116.963257,22.063522,0.301819,-0.444410,0.207199,-0.817603,-25.173029,120.880447,8.721870,0.195785,0.326080,-0.490810,-0.783866,-12.203275,105.713715,-6.308767,0.338654,0.356574,-0.390686,-0.778160,-6.279853,123.104691,-0.124261,-0.091208,0.946990,0.149555,0.269303,-9.576498,116.540024,26.963150,0.396292,0.820651,0.104169,-0.398289,5.024393,118.145775,36.321888,-0.030249,0.167726,0.550450,-0.817287,14.234167,103.968857,17.927330,0.083425,-0.014946,0.515352,-0.852778,7.457465,122.225533,13.094425,0.068493,0.890491,0.142530,0.426638,-15.150046,88.215103,13.625603,0.057253,0.860493,-0.078669,0.500086,-15.163733,52.805435,1.985493,-0.038867,0.934966,0.050853,0.348916,-23.545498,6.403494,5.680629,-0.112178,0.909017,-0.018406,0.400956,-2.403816,87.784340,25.943148,0.030173,0.896907,-0.082472,0.433413,4.647750,51.473885,30.543453,-0.075411,0.791864,0.052379,0.603756,-1.293414,4.905957,36.303543,-0.038867,0.934966,0.050853,0.348916,-14.298542,2.313477,-4.702369,-0.075411,0.791864,0.052379,0.603756,12.369504,1.554683,32.820053
815,6.791667,0.002187,0.925972,0.028247,0.376527,-8.885584,88.020233,19.654911,-0.036096,0.919338,0.107262,0.376842,-9.010773,95.278099,20.047167,0.001936,0.923449,0.077674,0.375773,-10.878332,107.639374,22.204048,0.023551,0.923996,-0.104972,0.366956,-11.700089,122.453896,24.377079,0.072304,0.902088,-0.225684,0.360660,-8.849815,135.502441,20.692499,0.033097,0.877386,0.186787,0.440693,-14.729172,117.022873,21.902596,0.301771,-0.445187,0.207031,-0.817240,-25.342882,120.901764,8.649157,0.195403,0.325430,-0.490929,-0.784156,-12.404209,105.734993,-6.408203,0.338272,0.356599,-0.390434,-0.778441,-6.468693,123.126030,-0.233173,-0.092141,0.946377,0.150712,0.270495,-9.640985,116.583595,26.821533,0.395727,0.820407,0.103143,-0.399617,4.931529,118.201042,36.222382,-0.029331,0.166865,0.549403,-0.818201,14.110730,104.038551,17.801458,0.083822,-0.015973,0.512182,-0.854628,7.278718,122.267319,12.970916,0.068311,0.889125,0.141891,0.429718,-15.237082,88.244720,13.474173,0.056407,0.859893,-0.079636,0.501059,-15.219493,52.819656,1.881033,-0.039146,0.934717,0.052685,0.349280,-23.582289,6.423104,5.685132,-0.112247,0.907497,-0.019099,0.404334,-2.534086,87.795738,25.835651,0.028470,0.895884,-0.082103,0.435707,4.483939,51.488388,30.511070,-0.075975,0.791237,0.054791,0.604292,-1.312703,4.905274,36.295574,-0.039146,0.934717,0.052685,0.349280,-14.320397,2.383698,-4.704363,-0.075975,0.791237,0.054791,0.604292,12.367500,1.618007,32.818954
816,6.800000,0.002503,0.925294,0.028667,0.378158,-8.985646,88.043808,19.540054,-0.037437,0.919001,0.108119,0.377288,-9.109591,95.301315,19.939463,0.002199,0.923399,0.078115,0.375801,-11.017600,107.655884,22.102247,0.023537,0.924009,-0.104465,0.367070,-11.837127,122.468307,24.290340,0.071500,0.902352,-0.224775,0.360728,-8.991547,135.521439,20.618444,0.033442,0.877455,0.186834,0.440508,-14.866942,117.040298,21.810167,0.301904,-0.445742,0.207245,-0.816834,-25.485525,120.929359,8.563614,0.195202,0.324915,-0.491023,-0.784362,-12.575978,105.746712,-6.502742,0.337861,0.356421,-0.390573,-0.778631,-6.630987,123.138191,-0.337625,-0.092374,0.946408,0.151300,0.269977,-9.779076,116.595200,26.728912,0.393555,0.821063,0.101711,-0.400780,4.801681,118.217636,36.116112,-0.029594,0.165939,0.547690,-0.819527,14.020000,104.108597,17.673721,0.084470,-0.017001,0.511479,-0.854965,7.099337,122.313248,12.867890,0.067804,0.888128,0.140998,0.432147,-15.315297,88.277069,13.337270,0.055932,0.859966,-0.080119,0.500910,-15.262088,52.828037,1.817752,-0.038993,0.934545,0.054907,0.349415,-23.608402,6.433731,5.685001,-0.112448,0.906385,-0.019739,0.406733,-2.655994,87.810547,25.742838,0.027072,0.895018,-0.081842,0.437621,4.343489,51.508415,30.486137,-0.075819,0.790776,0.057593,0.604655,-1.336571,4.913920,36.294544,-0.038993,0.934545,0.054907,0.349415,-14.339544,2.450628,-4.720003,-0.075819,0.790776,0.057593,0.604655,12.356351,1.686490,32.811935
817,6.808333,0.002987,0.924661,0.029040,0.379669,-9.090235,88.066597,19.439892,-0.038789,0.918631,0.108311,0.377997,-9.210378,95.323746,19.846794,0.002563,0.923279,0.078689,0.375974,-11.155249,107.686806,22.001520,0.023668,0.924015,-0.103955,0.367191,-11.971551,122.496483,24.209332,0.070454,0.902628,-0.223849,0.360819,-9.127048,135.553864,20.551702,0.033093,0.877081,0.187176,0.441133,-15.001949,117.072655,21.720753,0.302637,-0.446119,0.207504,-0.816291,-25.602139,120.959923,8.458954,0.195368,0.325064,-0.491350,-0.784054,-12.714766,105.750313,-6.599179,0.337947,0.356239,-0.390581,-0.778673,-6.785233,123.151245,-0.438292,-0.092621,0.946444,0.152657,0.269001,-9.915954,116.619530,26.640697,0.392325,0.821438,0.100998,-0.401397,4.681538,118.242645,36.001724,-0.030672,0.165822,0.546747,-0.820140,13.923436,104.165543,17.546734,0.083817,-0.016997,0.507565,-0.857359,6.958743,122.362556,12.762454,0.067295,0.887109,0.140458,0.434488,-15.399526,88.311073,13.216829,0.055884,0.860292,-0.081095,0.500198,-15.300406,52.845566,1.748410,-0.038857,0.934113,0.056576,0.350318,-23.685272,6.465629,5.703616,-0.112733,0.905379,-0.020222,0.408866,-2.780944,87.822121,25.662952,0.025771,0.894249,-0.081608,0.439311,4.211488,51.526215,30.463959,-0.076137,0.790415,0.059821,0.604871,-1.359892,4.921576,36.296318,-0.038857,0.934113,0.056576,0.350318,-14.393857,2.525068,-4.697465,-0.076137,0.790415,0.059821,0.604871,12.345025,1.749557,32.809986
818,6.816667,0.003345,0.924108,0.029280,0.380994,-9.191030,88.093231,19.354460,-0.042081,0.918155,0.112492,0.377580,-9.308283,95.350143,19.766388,0.003011,0.923801,0.076942,0.375050,-11.364225,107.657944,21.981651,0.024406,0.924022,-0.104496,0.366971,-12.146259,122.475693,24.147276,0.069686,0.902802,-0.222754,0.361210,-9.279220,135.526276,20.483021,0.033228,0.876016,0.186491,0.443523,-15.192859,117.050575,21.681400,0.303103,-0.446124,0.206994,-0.816245,-25.719074,120.945763,8.363117,0.195210,0.325087,-0.491727,-0.783847,-12.821348,105.746986,-6.697104,0.337395,0.356591,-0.391144,-0.778469,-6.906673,123.153961,-0.537854,-0.093091,0.946905,0.153301,0.266840,-10.097054,116.601883,26.591593,0.389743,0.822594,0.099368,-0.401953,4.537727,118.247513,35.890270,-0.032162,0.165296,0.544840,-0.821458,13.858217,104.223946,17.434048,0.083663,-0.017077,0.507808,-0.857228,6.800424,122.402763,12.686859,0.066486,0.885934,0.140529,0.436980,-15.482420,88.345833,13.113621,0.055632,0.860111,-0.081943,0.500399,-15.295603,52.873768,1.666615,-0.039422,0.934124,0.057708,0.350040,-23.700699,6.504259,5.700344,-0.112939,0.904644,-0.020531,0.410418,-2.899640,87.840637,25.595299,0.024556,0.893603,-0.081235,0.440762,4.088668,51.549114,30.435318,-0.078035,0.789761,0.061431,0.605322,-1.374021,4.932940,36.278282,-0.039422,0.934124,0.057708,0.350040,-14.407656,2.598804,-4.712520,-0.078035,0.789761,0.061431,0.605322,12.351732,1.830789,32.811100
819,6.825000,0.003350,0.923684,0.029709,0.381986,-9.270223,88.117172,19.271648,-0.040544,0.917998,0.108641,0.379252,-9.390235,95.373711,19.689226,0.002196,0.922909,0.079233,0.376770,-11.379851,107.717918,21.829424,0.022696,0.923889,-0.103309,0.367753,-12.214381,122.525070,24.047346,0.069084,0.903089,-0.221685,0.361266,-9.397470,135.590759,20.398029,0.032329,0.876907,0.186957,0.441628,-15.235061,117.100288,21.549044,0.303269,-0.445756,0.207343,-0.816296,-25.821751,120.963882,8.269559,0.195335,0.324966,-0.492381,-0.783455,-12.914853,105.752228,-6.769779,0.337993,0.356166,-0.390942,-0.778505,-7.021518,123.174049,-0.625863,-0.093814,0.946088,0.153442,0.269390,-10.157535,116.648186,26.477825,0.389285,0.822751,0.099685,-0.401997,4.424903,118.300034,35.857277,-0.031329,0.165609,0.543920,-0.822036,13.761422,104.298828,17.392178,0.083414,-0.017065,0.506885,-0.857799,6.670435,122.447548,12.613341,0.065952,0.884828,0.140389,0.439340,-15.548184,88.373245,13.017445,0.055355,0.860145,-0.082622,0.500259,-15.300551,52.892960,1.597084,-0.040978,0.934138,0.058475,0.349698,-23.714369,6.531116,5.700188,-0.112847,0.904026,-0.020841,0.411787,-2.992261,87.861099,25.525850,0.023300,0.892847,-0.081223,0.442362,3.973059,51.568985,30.394501,-0.078058,0.789520,0.063906,0.605377,-1.393634,4.946950,36.279453,-0.040978,0.934138,0.058475,0.349698,-14.413304,2.661314,-4.718822,-0.078058,0.789520,0.063906,0.605377,12.341510,1.900478,32.800129
820,6.833333,0.003024,0.923406,0.030053,0.382634,-9.343791,88.135345,19.203714,-0.042106,0.918229,0.107289,0.378909,-9.470376,95.391617,19.624012,0.001203,0.923157,0.080202,0.375961,-11.484815,107.753052,21.720919,0.022981,0.923877,-0.103555,0.367695,-12.355825,122.555664,23.955015,0.068581,0.903202,-0.220353,0.361893,-9.529692,135.618408,20.302332,0.031680,0.876637,0.186808,0.442276,-15.365687,117.125275,21.455837,0.305415,-0.445273,0.206783,-0.815901,-25.933903,120.970680,8.156361,0.196767,0.325296,-0.492161,-0.783098,-12.993944,105.745468,-6.840809,0.337280,0.357104,-0.391657,-0.778026,-7.102954,123.167229,-0.719539,-0.094266,0.945719,0.153738,0.270358,-10.279473,116.681908,26.376453,0.387688,0.823759,0.098415,-0.401788,4.281816,118.339478,35.787712,-0.031796,0.165992,0.542584,-0.822824,13.688734,104.357864,17.343512,0.083846,-0.017117,0.506433,-0.858022,6.545244,122.481575,12.555751,0.065310,0.883892,0.140612,0.441246,-15.613018,88.388748,12.940642,0.055300,0.860088,-0.083577,0.500205,-15.291196,52.906860,1.527125,-0.040972,0.934072,0.059946,0.349623,-23.744980,6.559443,5.710291,-0.112887,0.903909,-0.021119,0.412018,-3.074564,87.881943,25.466787,0.022337,0.892554,-0.081292,0.442989,3.883587,51.591385,30.357229,-0.076106,0.789559,0.068128,0.605115,-1.408815,4.966253,36.284767,-0.040972,0.934072,0.059946,0.349623,-14.442179,2.727946,-4.721327,-0.076106,0.789559,0.068128,0.605115,12.327748,1.979512,32.759525
821,6.841667,0.002945,0.922981,0.030405,0.383631,-9.422320,88.147308,19.135929,-0.041720,0.917751,0.107601,0.380020,-9.552392,95.403275,19.560371,0.000394,0.922640,0.080125,0.377246,-11.562631,107.759247,21.664997,0.022330,0.923769,-0.102626,0.368267,-12.458273,122.562279,23.886606,0.067932,0.903591,-0.219570,0.361522,-9.654459,135.634995,20.252415,0.030777,0.876681,0.186716,0.442291,-15.454226,117.126511,21.382395,0.304875,-0.444386,0.206583,-0.816637,-26.023933,120.943054,8.075796,0.196702,0.325294,-0.492910,-0.782644,-13.040394,105.743958,-6.910177,0.338119,0.357417,-0.391173,-0.777761,-7.177889,123.179207,-0.799078,-0.095308,0.945476,0.153794,0.270812,-10.381721,116.692696,26.317987,0.387282,0.824162,0.098679,-0.401289,4.164133,118.380844,35.747658,-0.031305,0.165905,0.541887,-0.823319,13.606812,104.411003,17.312809,0.084115,-0.017560,0.505593,-0.858482,6.432055,122.518661,12.513204,0.064464,0.883226,0.140669,0.442684,-15.678006,88.402313,12.859398,0.055173,0.860592,-0.083957,0.499289,-15.280210,52.913433,1.470043,-0.039651,0.934112,0.062727,0.349183,-23.736996,6.570724,5.698936,-0.113075,0.903476,-0.021096,0.412916,-3.166634,87.892303,25.412458,0.021328,0.891791,-0.081453,0.444544,3.799783,51.604832,30.313999,-0.076290,0.789538,0.070604,0.604835,-1.424641,4.978013,36.288376,-0.039651,0.934112,0.062727,0.349183,-14.448911,2.798333,-4.767275,-0.076290,0.789538,0.070604,0.604835,12.319046,2.049884,32.741806
822,6.850000,0.002614,0.922711,0.030704,0.384259,-9.482987,88.156700,19.076355,-0.042046,0.917113,0.108832,0.381172,-9.619463,95.412430,19.502865,-0.000161,0.922074,0.079674,0.378723,-11.650273,107.752502,21.628574,0.021195,0.923486,-0.103156,0.368894,-12.559685,122.557686,23.830070,0.067520,0.903872,-0.218123,0.361771,-9.775671,135.628571,20.174129,0.029119,0.876375,0.186320,0.443174,-15.545091,117.117691,21.322477,0.305210,-0.443461,0.205372,-0.817320,-26.091021,120.882950,7.982442,0.196570,0.326171,-0.493803,-0.781749,-13.041538,105.732918,-6.995940,0.338156,0.358415,-0.391371,-0.777186,-7.235084,123.183868,-0.873604,-0.096824,0.945276,0.153997,0.270857,-10.488420,116.691864,26.274988,0.386581,0.824713,0.097535,-0.401112,4.046427,118.427086,35.713081,-0.032377,0.167176,0.541457,-0.823303,13.523325,104.451645,17.300043,0.083470,-0.017014,0.502569,-0.860330,6.346002,122.555687,12.480704,0.063668,0.882952,0.141010,0.443236,-15.730148,88.408646,12.791215,0.055164,0.860820,-0.084850,0.498744,-15.261577,52.919327,1.405916,-0.039752,0.934033,0.064246,0.349105,-23.756599,6.590775,5.712629,-0.113090,0.903487,-0.021234,0.412881,-3.235827,87.904755,25.361496,0.020609,0.891762,-0.081679,0.444595,3.727561,51.617981,30.272480,-0.076128,0.789653,0.073302,0.604383,-1.446046,4.991803,36.295910,-0.039752,0.934033,0.064246,0.349105,-14.465851,2.859165,-4.765834,-0.076128,0.789653,0.073302,0.604383,12.301906,2.121214,32.718952
823,6.858333,0.002189,0.922414,0.030799,0.384967,-9.545214,88.168716,19.020170,-0.044764,0.916517,0.113512,0.380931,-9.688239,95.424393,19.445473,-0.000940,0.922343,0.077591,0.378501,-11.822460,107.710732,21.648529,0.022088,0.923256,-0.103952,0.369196,-12.729239,122.525719,23.784191,0.067016,0.903954,-0.217035,0.362314,-9.913455,135.587280,20.119322,0.027992,0.873943,0.187330,0.447601,-15.716442,117.074875,21.302427,0.305290,-0.441870,0.205165,-0.818203,-26.127232,120.847824,7.858820,0.196829,0.327717,-0.494626,-0.780516,-13.003095,105.719696,-7.076417,0.339035,0.359540,-0.392583,-0.775670,-7.264853,123.194756,-0.931406,-0.097460,0.945552,0.153486,0.269956,-10.657393,116.670677,26.254316,0.384904,0.825946,0.097219,-0.400264,3.890134,118.437431,35.666988,-0.033825,0.167934,0.540429,-0.823766,13.465609,104.496933,17.278484,0.083124,-0.016353,0.502589,-0.860365,6.251019,122.594963,12.459144,0.062545,0.883068,0.141165,0.443115,-15.782756,88.414749,12.725250,0.055277,0.861209,-0.085373,0.497971,-15.236982,52.918114,1.366207,-0.039809,0.933899,0.066192,0.349093,-23.761734,6.599173,5.717390,-0.113229,0.903596,-0.021149,0.412610,-3.307672,87.922684,25.315088,0.019993,0.891782,-0.082015,0.444521,3.668990,51.637985,30.222544,-0.077589,0.789696,0.074385,0.604010,-1.466271,5.014637,36.300430,-0.039809,0.933899,0.066192,0.349093,-14.466297,2.919165,-4.775152,-0.077589,0.789696,0.074385,0.604010,12.289992,2.194042,32.715675
824,6.866667,0.001654,0.922145,0.031272,0.385576,-9.590804,88.168755,18.960917,-0.045886,0.916113,0.114105,0.381590,-9.743937,95.424034,19.389456,-0.001671,0.922037,0.077625,0.379236,-11.913164,107.714447,21.595329,0.021722,0.923113,-0.103570,0.369680,-12.842266,122.529221,23.722893,0.066725,0.904099,-0.216259,0.362472,-10.036782,135.595154,20.065680,0.026455,0.873019,0.187794,0.449302,-15.818360,117.073509,21.238461,0.305438,-0.440040,0.205021,-0.819169,-26.178928,120.817169,7.747950,0.197401,0.328797,-0.495331,-0.779469,-12.971216,105.709671,-7.134393,0.339085,0.361328,-0.392493,-0.774863,-7.287767,123.200783,-0.986632,-0.098613,0.945194,0.153338,0.270870,-10.767245,116.677879,26.199133,0.384203,0.826792,0.097028,-0.399234,3.755183,118.477867,35.644196,-0.034774,0.169070,0.539791,-0.823913,13.398713,104.541222,17.288364,0.082554,-0.015213,0.501326,-0.861177,6.172647,122.627197,12.450756,0.061716,0.883293,0.141283,0.442746,-15.820069,88.409584,12.657608,0.055247,0.861079,-0.086057,0.498081,-15.220763,52.907764,1.317506,-0.039503,0.933685,0.068045,0.349345,-23.775499,6.599605,5.724179,-0.113277,0.903524,-0.021157,0.412753,-3.361538,87.927917,25.264227,0.019400,0.891683,-0.082350,0.444684,3.617278,51.644051,30.174755,-0.077876,0.789812,0.076408,0.603567,-1.483088,5.023703,36.304798,-0.039503,0.933685,0.068045,0.349345,-14.472946,2.965255,-4.777967,-0.077876,0.789812,0.076408,0.603567,12.277412,2.253550,32.697041
825,6.875000,0.001308,0.921891,0.031297,0.386180,-9.645152,88.168266,18.916079,-0.046534,0.915785,0.114109,0.382299,-9.803338,95.423538,19.342916,-0.002441,0.921702,0.077637,0.380043,-11.989892,107.715843,21.541431,0.020977,0.922805,-0.103782,0.370431,-12.942269,122.530472,23.659704,0.066462,0.904008,-0.215148,0.363406,-10.149269,135.596420,19.992987,0.024980,0.872277,0.188063,0.450712,-15.906618,117.069626,21.172523,0.305792,-0.437982,0.204685,-0.820224,-26.225630,120.781219,7.641363,0.198112,0.330063,-0.496081,-0.778276,-12.920725,105.700386,-7.181325,0.339376,0.363034,-0.392846,-0.773758,-7.298484,123.209892,-1.030009,-0.099763,0.944708,0.153008,0.272328,-10.864231,116.683105,26.142784,0.383516,0.827680,0.097200,-0.398013,3.622656,118.514618,35.636246,-0.035629,0.170249,0.538968,-0.824172,13.341218,104.586884,17.313251,0.081390,-0.013787,0.502015,-0.860911,6.094955,122.660355,12.451797,0.060790,0.883739,0.141549,0.441898,-15.866163,88.403954,12.604432,0.055105,0.860742,-0.086644,0.498578,-15.208106,52.899288,1.276502,-0.039187,0.933440,0.069405,0.349767,-23.781231,6.599230,5.732300,-0.113605,0.903718,-0.021067,0.412242,-3.424140,87.932571,25.227726,0.019426,0.891887,-0.083224,0.444110,3.582008,51.653976,30.138290,-0.076034,0.790573,0.079007,0.602471,-1.553161,5.047405,36.343616,-0.039187,0.933440,0.069405,0.349767,-14.469033,2.997554,-4.772550,-0.076034,0.790573,0.079007,0.602471,12.195956,2.303041,32.673306
826,6.883333,0.000978,0.921772,0.031193,0.386475,-9.700606,88.165016,18.878910,-0.046747,0.915450,0.113898,0.383136,-9.862772,95.420395,19.302443,-0.003710,0.921227,0.077580,0.381194,-12.055081,107.718018,21.492844,0.020496,0.922365,-0.103783,0.371553,-13.044509,122.532669,23.593872,0.065990,0.903846,-0.214287,0.364403,-10.257483,135.599869,19.927071,0.023455,0.871412,0.188632,0.452226,-15.990609,117.063095,21.104172,0.306508,-0.435844,0.204181,-0.821220,-26.264561,120.746552,7.531100,0.199088,0.331754,-0.496617,-0.776965,-12.856014,105.693245,-7.226034,0.339596,0.364958,-0.393217,-0.772568,-7.298391,123.217438,-1.064126,-0.100934,0.944269,0.152367,0.273776,-10.960755,116.692177,26.088303,0.383274,0.828457,0.097321,-0.396597,3.490402,118.559074,35.629215,-0.036087,0.171417,0.538620,-0.824137,13.274458,104.621948,17.348272,0.081171,-0.012856,0.501491,-0.861251,6.028425,122.689835,12.457339,0.059998,0.884274,0.142078,0.440764,-15.917595,88.394745,12.563077,0.054793,0.860069,-0.087338,0.499651,-15.204291,52.894127,1.225794,-0.038694,0.933230,0.070628,0.350138,-23.790157,6.602249,5.741683,-0.113763,0.903892,-0.021273,0.411808,-3.483619,87.935287,25.194744,0.018970,0.892147,-0.083231,0.443606,3.529015,51.660011,30.120594,-0.076882,0.790789,0.080690,0.601856,-1.564543,5.051911,36.348629,-0.038694,0.933230,0.070628,0.350138,-14.471224,3.027885,-4.766525,-0.076882,0.790789,0.080690,0.601856,12.188925,2.360323,32.655586
827,6.891667,0.000582,0.921762,0.031286,0.386491,-9.751727,88.163651,18.840855,-0.047287,0.915188,0.113897,0.383696,-9.919724,95.418953,19.263403,-0.004554,0.920900,0.077316,0.382026,-12.124948,107.710175,21.446209,0.019089,0.922006,-0.104193,0.372404,-13.136570,122.525848,23.529404,0.066169,0.903541,-0.213050,0.365849,-10.375965,135.592804,19.841852,0.022218,0.870804,0.188599,0.453472,-16.071182,117.049995,21.039953,0.306838,-0.433454,0.203703,-0.822480,-26.307812,120.703087,7.430518,0.199986,0.333236,-0.497166,-0.775749,-12.785729,105.686058,-7.259838,0.339763,0.367084,-0.393577,-0.771302,-7.288686,123.222435,-1.091910,-0.102293,0.943742,0.151810,0.275391,-11.050437,116.690590,26.034105,0.382650,0.829434,0.097453,-0.395121,3.360213,118.597092,35.628315,-0.036182,0.172466,0.537728,-0.824497,13.226509,104.662537,17.389656,0.081174,-0.011820,0.501930,-0.861010,5.956022,122.711716,12.462025,0.059520,0.884634,0.142550,0.439954,-15.968512,88.387558,12.524611,0.054220,0.859245,-0.087915,0.501029,-15.218419,52.892708,1.171661,-0.036983,0.933074,0.072152,0.350427,-23.792128,6.604486,5.747721,-0.114055,0.904103,-0.021435,0.411255,-3.534943,87.939743,25.157101,0.018655,0.892350,-0.083387,0.443181,3.495039,51.669945,30.098476,-0.076655,0.791007,0.082478,0.601357,-1.575447,5.063176,36.355270,-0.036983,0.933074,0.072152,0.350427,-14.477828,3.053010,-4.772352,-0.076655,0.791007,0.082478,0.601357,12.177885,2.407966,32.635487
828,6.900000,0.000204,0.921645,0.031560,0.386748,-9.799997,88.163399,18.800829,-0.047531,0.914849,0.113841,0.384489,-9.974726,95.418457,19.224874,-0.005688,0.920447,0.077244,0.383117,-12.187135,107.710396,21.402233,0.018977,0.921573,-0.103704,0.373615,-13.231685,122.526062,23.469210,0.065556,0.903298,-0.212650,0.366790,-10.472235,135.597763,19.797615,0.020203,0.869609,0.188607,0.455850,-16.149754,117.042450,20.977385,0.307071,-0.430934,0.203267,-0.823824,-26.314037,120.649323,7.301569,0.200578,0.335763,-0.497928,-0.774015,-12.674253,105.670181,-7.318474,0.339708,0.369821,-0.393954,-0.769826,-7.271066,123.226997,-1.113148,-0.103438,0.943237,0.151496,0.276865,-11.141012,116.697014,25.984556,0.382230,0.830340,0.097610,-0.393585,3.233079,118.634544,35.627258,-0.036667,0.173720,0.537123,-0.824606,13.175994,104.695740,17.433516,0.080797,-0.010566,0.501990,-0.861026,5.896441,122.733452,12.472955,0.059096,0.885069,0.142873,0.439030,-16.013250,88.383141,12.480967,0.053665,0.858524,-0.088438,0.502230,-15.236389,52.891396,1.120105,-0.036028,0.932855,0.073347,0.350861,-23.796169,6.606233,5.752806,-0.114435,0.904671,-0.021719,0.409882,-3.586745,87.943657,25.120693,0.018471,0.892771,-0.083544,0.442312,3.467224,51.681244,30.082088,-0.076924,0.791338,0.083548,0.600739,-1.588158,5.076313,36.364685,-0.036028,0.932855,0.073347,0.350861,-14.477623,3.076696,-4.770887,-0.076924,0.791338,0.083548,0.600739,12.164250,2.449914,32.621117
829,6.908333,-0.000243,0.921551,0.031862,0.386948,-9.833938,88.163437,18.763981,-0.048094,0.914532,0.113872,0.385164,-10.016439,95.418213,19.189518,-0.006537,0.920066,0.077119,0.384043,-12.243661,107.708023,21.360283,0.018236,0.921184,-0.103127,0.374770,-13.312295,122.523949,23.412996,0.064976,0.902924,-0.212245,0.368046,-10.570887,135.602615,19.752729,0.018399,0.868733,0.188756,0.457532,-16.217762,117.034447,20.919418,0.307494,-0.428516,0.202707,-0.825064,-26.330942,120.599556,7.194849,0.201614,0.337964,-0.498440,-0.772457,-12.575953,105.658936,-7.356523,0.340074,0.372548,-0.393757,-0.768449,-7.249880,123.232208,-1.129374,-0.104643,0.942726,0.151106,0.278361,-11.219246,116.699730,25.937521,0.381704,0.831253,0.097420,-0.392211,3.117160,118.670914,35.629383,-0.037395,0.175161,0.536318,-0.824793,13.134088,104.726067,17.480925,0.079941,-0.009066,0.501366,-0.861487,5.839489,122.749695,12.485428,0.059100,0.885203,0.143078,0.438692,-16.044449,88.378075,12.441252,0.053068,0.857766,-0.088970,0.503493,-15.265320,52.890747,1.066757,-0.035768,0.932800,0.073753,0.350949,-23.808706,6.608483,5.758331,-0.114631,0.904945,-0.022072,0.409203,-3.623425,87.948799,25.086710,0.018278,0.893217,-0.083674,0.441393,3.436417,51.690876,30.072525,-0.077106,0.791626,0.084797,0.600161,-1.601624,5.087328,36.379303,-0.035768,0.932800,0.073753,0.350949,-14.489465,3.087041,-4.767454,-0.077106,0.791626,0.084797,0.600161,12.150246,2.492347,32.611927
830,6.916667,-0.000714,0.921359,0.031935,0.387398,-9.868546,88.164314,18.735336,-0.048151,0.914174,0.113866,0.386007,-10.057985,95.419022,19.159109,-0.008010,0.919600,0.076964,0.385160,-12.286479,107.697739,21.325174,0.017444,0.920670,-0.102086,0.376352,-13.396425,122.513733,23.355312,0.064437,0.902296,-0.212203,0.369702,-10.676770,135.603592,19.718895,0.017562,0.868127,0.188978,0.458623,-16.281982,117.013893,20.861391,0.307406,-0.426006,0.202578,-0.826428,-26.361414,120.564011,7.108134,0.202768,0.339630,-0.498628,-0.771302,-12.496636,105.655334,-7.371631,0.340576,0.375140,-0.393426,-0.767134,-7.222822,123.236084,-1.135005,-0.106018,0.942210,0.151007,0.279638,-11.295950,116.697968,25.893116,0.381653,0.832093,0.098355,-0.390243,3.005570,118.706604,35.628731,-0.037543,0.176147,0.535664,-0.825001,13.101414,104.756531,17.528074,0.079343,-0.007888,0.500391,-0.862120,5.793893,122.762276,12.501568,0.059130,0.885160,0.143191,0.438739,-16.072878,88.372002,12.406307,0.052585,0.857554,-0.089274,0.503851,-15.291325,52.887352,1.023652,-0.034918,0.932803,0.074675,0.350833,-23.811956,6.605381,5.759274,-0.114811,0.905192,-0.022386,0.408590,-3.664215,87.956635,25.064363,0.018055,0.893569,-0.083704,0.440684,3.401352,51.702839,30.072044,-0.078057,0.791847,0.085152,0.599696,-1.614095,5.098999,36.394650,-0.034918,0.932803,0.074675,0.350833,-14.500278,3.099643,-4.778446,-0.078057,0.791847,0.085152,0.599696,12.139505,2.528580,32.616753
831,6.925000,-0.001274,0.921107,0.032170,0.387977,-9.891658,88.161484,18.706253,-0.048917,0.913811,0.113943,0.386747,-10.090180,95.415955,19.129885,-0.008772,0.919192,0.076883,0.386132,-12.338818,107.692101,21.288242,0.017348,0.920110,-0.101699,0.377827,-13.470984,122.508095,23.306129,0.063434,0.901777,-0.211897,0.371315,-10.749765,135.601715,19.684452,0.015935,0.866964,0.189326,0.460733,-16.344419,117.003166,20.809443,0.307282,-0.423474,0.202480,-0.827798,-26.358179,120.522919,7.000521,0.203730,0.342225,-0.498928,-0.769706,-12.383972,105.645927,-7.406466,0.341342,0.377720,-0.392864,-0.765814,-7.190012,123.239151,-1.133958,-0.106826,0.941776,0.150636,0.280988,-11.369196,116.696510,25.852425,0.380664,0.833215,0.098394,-0.388800,2.899952,118.726624,35.630993,-0.038392,0.177464,0.534559,-0.825397,13.089585,104.789970,17.572603,0.078467,-0.006623,0.499740,-0.862588,5.752651,122.777191,12.515780,0.059333,0.885004,0.143201,0.439024,-16.088013,88.361977,12.369184,0.052061,0.857596,-0.089546,0.503786,-15.315789,52.879333,0.979624,-0.034786,0.932964,0.075150,0.350315,-23.806522,6.596774,5.762976,-0.114996,0.905561,-0.022868,0.407691,-3.695304,87.960991,25.043324,0.017885,0.894112,-0.083737,0.439582,3.372773,51.712002,30.082083,-0.077675,0.792149,0.086907,0.599094,-1.621857,5.108103,36.420719,-0.034786,0.932964,0.075150,0.350315,-14.506250,3.102170,-4.788499,-0.077675,0.792149,0.086907,0.599094,12.129437,2.570807,32.612171
832,6.933333,-0.001831,0.920805,0.032248,0.388683,-9.906368,88.161072,18.679731,-0.049708,0.913323,0.114274,0.387701,-10.113116,95.415451,19.101112,-0.009625,0.918740,0.076727,0.387218,-12.385340,107.687172,21.256664,0.016815,0.919548,-0.101402,0.379297,-13.541603,122.503410,23.259027,0.062729,0.901203,-0.211590,0.373000,-10.828881,135.600998,19.645315,0.014365,0.865372,0.190456,0.463304,-16.401737,116.992653,20.759945,0.306858,-0.420979,0.203036,-0.829091,-26.334375,120.499382,6.889260,0.204681,0.344803,-0.499180,-0.768138,-12.266146,105.633530,-7.437487,0.342239,0.380250,-0.392330,-0.764435,-7.149503,123.240677,-1.128089,-0.107640,0.941292,0.150360,0.282445,-11.438651,116.696724,25.815514,0.379966,0.834131,0.098309,-0.387540,2.795825,118.746758,35.640347,-0.039174,0.178914,0.533929,-0.825455,13.060880,104.813942,17.621752,0.078072,-0.005296,0.499025,-0.863048,5.716468,122.792389,12.531391,0.059650,0.884662,0.143201,0.439669,-16.092964,88.353424,12.332882,0.051693,0.857726,-0.089884,0.503542,-15.333216,52.873581,0.933761,-0.034378,0.933100,0.075337,0.349953,-23.808809,6.593153,5.764338,-0.114976,0.905713,-0.023315,0.407333,-3.719773,87.968727,25.026585,0.017672,0.894304,-0.083456,0.439252,3.335261,51.720917,30.092106,-0.077556,0.792092,0.087865,0.599045,-1.627406,5.111861,36.417927,-0.034378,0.933100,0.075337,0.349953,-14.519495,3.099333,-4.797051,-0.077556,0.792092,0.087865,0.599045,12.125681,2.594354,32.602715
833,6.941667,-0.002272,0.920429,0.032276,0.389569,-9.919879,88.161865,18.654104,-0.050435,0.912743,0.114638,0.388863,-10.133089,95.416191,19.073162,-0.010443,0.918173,0.076611,0.388562,-12.427945,107.681763,21.226437,0.015473,0.918959,-0.101551,0.380738,-13.608294,122.498032,23.214384,0.062385,0.900589,-0.211044,0.374845,-10.919784,135.597412,19.589148,0.013552,0.864781,0.190336,0.464481,-16.454124,116.981972,20.710682,0.306539,-0.418466,0.203078,-0.830469,-26.349533,120.469795,6.808664,0.206033,0.346717,-0.498835,-0.767138,-12.176758,105.633400,-7.445383,0.343196,0.382608,-0.391876,-0.763060,-7.099752,123.238686,-1.117845,-0.108681,0.940793,0.150578,0.283590,-11.506057,116.695801,25.781509,0.379196,0.835132,0.098664,-0.386044,2.697986,118.769943,35.645245,-0.039891,0.180017,0.532942,-0.825818,13.050081,104.849731,17.666758,0.077351,-0.003792,0.498532,-0.863405,5.678336,122.812477,12.550324,0.059952,0.884129,0.143028,0.440754,-16.094212,88.347733,12.295135,0.051429,0.858316,-0.090024,0.502538,-15.346098,52.866901,0.898332,-0.034314,0.933309,0.075152,0.349440,-23.801222,6.586277,5.762760,-0.114985,0.905668,-0.023775,0.407406,-3.745545,87.976006,25.013075,0.017394,0.894512,-0.083228,0.438885,3.295660,51.729977,30.110460,-0.076910,0.792323,0.088679,0.598702,-1.631453,5.116403,36.430759,-0.034314,0.933309,0.075152,0.349440,-14.524179,3.086852,-4.807552,-0.076910,0.792323,0.088679,0.598702,12.117518,2.606103,32.596035
834,6.950000,-0.002647,0.920006,0.032359,0.390557,-9.928801,88.160812,18.626787,-0.050810,0.912204,0.114731,0.390050,-10.147944,95.415031,19.044592,-0.011329,0.917583,0.076728,0.389905,-12.454435,107.675407,21.192602,0.015923,0.918314,-0.100792,0.382475,-13.663435,122.490570,23.171625,0.060831,0.900154,-0.210967,0.376185,-10.962294,135.595795,19.576988,0.012389,0.863884,0.190697,0.466032,-16.493189,116.969284,20.661213,0.305545,-0.415878,0.203546,-0.832020,-26.339378,120.437828,6.719473,0.206805,0.348656,-0.498915,-0.765999,-12.068211,105.626556,-7.462364,0.343854,0.385085,-0.391237,-0.761845,-7.046391,123.238686,-1.107920,-0.109664,0.940239,0.150386,0.285147,-11.560218,116.692444,25.747246,0.378453,0.835930,0.098242,-0.385152,2.605513,118.790413,35.660919,-0.040619,0.181490,0.532323,-0.825859,13.020105,104.873611,17.715912,0.076962,-0.002520,0.498188,-0.863643,5.642994,122.825073,12.564715,0.060295,0.883624,0.142667,0.441836,-16.089449,88.341721,12.254411,0.051090,0.858669,-0.090105,0.501954,-15.362063,52.856262,0.870662,-0.034104,0.933502,0.075097,0.348957,-23.790266,6.573734,5.763635,-0.115084,0.905543,-0.024272,0.407626,-3.768153,87.979904,24.999163,0.017129,0.894770,-0.083105,0.438392,3.263139,51.737350,30.134769,-0.076080,0.792804,0.088825,0.598150,-1.633024,5.120981,36.458534,-0.034104,0.933502,0.075097,0.348957,-14.525782,3.070677,-4.816488,-0.076080,0.792804,0.088825,0.598150,12.106902,2.599376,32.598869
835,6.958333,-0.003050,0.919444,0.032412,0.391871,-9.932521,88.154373,18.606270,-0.051708,0.911690,0.114168,0.391297,-10.157952,95.408508,19.022175,-0.011936,0.917048,0.076940,0.391103,-12.483202,107.673279,21.145781,0.015090,0.917770,-0.100552,0.383874,-13.713953,122.487045,23.121883,0.060265,0.899599,-0.210559,0.377830,-11.028607,135.596329,19.530254,0.011242,0.863066,0.190978,0.467459,-16.530790,116.962685,20.603689,0.305632,-0.413521,0.203531,-0.833166,-26.331514,120.410454,6.624812,0.208319,0.351117,-0.498549,-0.764702,-11.962348,105.622353,-7.482037,0.344566,0.387813,-0.389638,-0.760958,-6.993688,123.236992,-1.099146,-0.110455,0.939606,0.150505,0.286858,-11.611295,116.691170,25.703043,0.377351,0.836921,0.097794,-0.384195,2.514273,118.802475,35.671043,-0.041658,0.183059,0.531412,-0.826048,13.007298,104.899727,17.760868,0.076308,-0.001068,0.497524,-0.864087,5.613916,122.835938,12.576715,0.060530,0.883253,0.142298,0.442665,-16.074888,88.329865,12.216123,0.050996,0.859192,-0.090189,0.501053,-15.364662,52.838673,0.849173,-0.034462,0.933648,0.074758,0.348605,-23.784050,6.556675,5.762293,-0.115114,0.905416,-0.024837,0.407866,-3.790154,87.978889,24.996416,0.016891,0.894830,-0.082440,0.438404,3.224493,51.738918,30.172894,-0.074963,0.792710,0.088500,0.598465,-1.624108,5.111361,36.450630,-0.034462,0.933648,0.074758,0.348605,-14.525132,3.048174,-4.820893,-0.074963,0.792710,0.088500,0.598465,12.112020,2.562923,32.595085
836,6.966667,-0.003494,0.918895,0.032446,0.393150,-9.927856,88.151909,18.588337,-0.052665,0.910889,0.115033,0.392780,-10.159998,95.405968,19.001842,-0.012454,0.916342,0.076820,0.392761,-12.519506,107.664894,21.131929,0.014851,0.917100,-0.100409,0.385520,-13.766660,122.478828,23.096420,0.059251,0.899103,-0.210501,0.379200,-11.080029,135.590057,19.512787,0.010157,0.861930,0.191444,0.469385,-16.570810,116.951538,20.570534,0.304950,-0.411332,0.203865,-0.834417,-26.309475,120.386696,6.545258,0.209298,0.353090,-0.498292,-0.763693,-11.856882,105.619392,-7.498023,0.345307,0.390230,-0.388731,-0.759850,-6.931898,123.237267,-1.086917,-0.111412,0.939196,0.150637,0.287761,-11.669921,116.685501,25.688059,0.376920,0.837642,0.098458,-0.382874,2.430191,118.820480,35.687004,-0.042118,0.184232,0.530781,-0.826170,12.990067,104.928383,17.807869,0.075701,0.000489,0.496917,-0.864490,5.588292,122.848640,12.593544,0.060537,0.882935,0.141894,0.443427,-16.052372,88.321152,12.180910,0.051119,0.859680,-0.090236,0.500195,-15.346451,52.821487,0.840197,-0.034326,0.933697,0.074360,0.348573,-23.773115,6.541481,5.759601,-0.114979,0.905047,-0.025404,0.408687,-3.803341,87.982658,24.995766,0.016490,0.894844,-0.081836,0.438504,3.180211,51.742500,30.212795,-0.074044,0.792963,0.087077,0.598452,-1.610230,5.104298,36.456020,-0.034326,0.933697,0.074360,0.348573,-14.516968,3.021118,-4.822075,-0.074044,0.792963,0.087077,0.598452,12.116632,2.507361,32.599823
837,6.975000,-0.003903,0.918316,0.032502,0.394491,-9.915971,88.145050,18.573881,-0.053580,0.910209,0.114946,0.394255,-10.154499,95.399010,18.985453,-0.013177,0.915650,0.077017,0.394309,-12.538261,107.659241,21.101011,0.013558,0.916437,-0.100209,0.387192,-13.810903,122.471710,23.060183,0.058776,0.898345,-0.210350,0.381150,-11.149624,135.587616,19.474775,0.008780,0.860761,0.192103,0.471286,-16.599270,116.940750,20.524891,0.304168,-0.409043,0.204189,-0.835746,-26.276577,120.357689,6.452767,0.210041,0.355449,-0.498228,-0.762435,-11.736788,105.614159,-7.525319,0.346032,0.392543,-0.387723,-0.758843,-6.873076,123.239006,-1.074149,-0.112328,0.938659,0.150591,0.289177,-11.715921,116.681183,25.659489,0.376193,0.838401,0.098262,-0.381979,2.348588,118.837067,35.703995,-0.043183,0.185773,0.530326,-0.826062,12.970024,104.953041,17.855095,0.075143,0.001968,0.495872,-0.865136,5.569821,122.871124,12.610997,0.060518,0.882747,0.141484,0.443934,-16.021702,88.308838,12.148409,0.051327,0.860045,-0.090332,0.499527,-15.321896,52.800335,0.835037,-0.034311,0.933728,0.074106,0.348545,-23.766121,6.523988,5.758770,-0.114905,0.904805,-0.025997,0.409205,-3.810240,87.981255,24.999355,0.015851,0.894801,-0.080730,0.438819,3.147186,51.742100,30.258083,-0.072562,0.792736,0.087376,0.598891,-1.545595,5.084938,36.433445,-0.034311,0.933728,0.074106,0.348545,-14.511329,2.996758,-4.821804,-0.072562,0.792736,0.087376,0.598891,12.178528,2.469137,32.580246
838,6.983333,-0.004376,0.917658,0.032582,0.396008,-9.896288,88.147591,18.562353,-0.054098,0.909474,0.114860,0.395901,-10.142264,95.401421,18.971857,-0.014460,0.914841,0.077188,0.396106,-12.538340,107.647743,21.073622,0.012407,0.915910,-0.098191,0.388991,-13.852051,122.458359,23.019646,0.058242,0.897666,-0.211126,0.382399,-11.230956,135.594330,19.478392,0.007936,0.859970,0.192477,0.472590,-16.617611,116.919861,20.475828,0.303376,-0.406922,0.204380,-0.837022,-26.252533,120.326172,6.372084,0.210527,0.357162,-0.497688,-0.761854,-11.630146,105.609962,-7.548527,0.345016,0.395046,-0.387252,-0.758247,-6.792536,123.229622,-1.059270,-0.113514,0.938043,0.150443,0.290785,-11.754906,116.673874,25.630648,0.375342,0.839259,0.098197,-0.380947,2.267784,118.859161,35.727127,-0.043721,0.187076,0.529506,-0.826265,12.960524,104.988388,17.910532,0.074729,0.003112,0.495661,-0.865289,5.545259,122.889137,12.631909,0.060350,0.882637,0.140876,0.444369,-15.980684,88.305161,12.116522,0.051499,0.860727,-0.090094,0.498378,-15.284846,52.782356,0.847881,-0.034163,0.933975,0.074194,0.347878,-23.725241,6.503606,5.755486,-0.114671,0.904514,-0.026492,0.409881,-3.811891,87.990021,25.008184,0.015528,0.894540,-0.080248,0.439451,3.110803,51.748802,30.298376,-0.071534,0.792805,0.087394,0.598920,-1.539065,5.083337,36.443363,-0.034163,0.933975,0.074194,0.347878,-14.486209,2.977112,-4.839093,-0.071534,0.792805,0.087394,0.598920,12.179944,2.450081,32.583858
839,6.991667,-0.004677,0.917037,0.032565,0.397442,-9.872036,88.146965,18.549204,-0.054070,0.908738,0.114643,0.397654,-10.122574,95.400772,18.956366,-0.015848,0.913931,0.077463,0.398094,-12.517566,107.636353,21.046839,0.011316,0.915248,-0.097285,0.390806,-13.876814,122.444443,22.980858,0.057566,0.897113,-0.211195,0.383760,-11.282817,135.590607,19.457479,0.006965,0.858949,0.193451,0.474063,-16.617010,116.898109,20.426685,0.304049,-0.405335,0.203655,-0.837724,-26.203865,120.301033,6.289411,0.211829,0.360382,-0.497542,-0.760070,-11.502316,105.618431,-7.583213,0.346449,0.397374,-0.385061,-0.757492,-6.749081,123.242355,-1.048244,-0.114704,0.937419,0.150352,0.292375,-11.777296,116.666199,25.603741,0.374940,0.839826,0.098558,-0.379998,2.203631,118.880463,35.751690,-0.044138,0.188087,0.529016,-0.826328,12.947520,105.018112,17.959318,0.074259,0.004301,0.495119,-0.865635,5.527202,122.907509,12.655093,0.060014,0.882473,0.140499,0.444859,-15.936218,88.300400,12.084254,0.052344,0.860507,-0.090635,0.498572,-15.224936,52.766670,0.851081,-0.034444,0.933728,0.073424,0.348677,-23.760294,6.505477,5.760063,-0.114486,0.904098,-0.027097,0.410810,-3.807853,87.993530,25.014153,0.015334,0.894423,-0.079695,0.439797,3.078467,51.751564,30.346567,-0.070868,0.792738,0.087552,0.599065,-1.534405,5.077166,36.451485,-0.034444,0.933728,0.073424,0.348677,-14.503056,2.961611,-4.812805,-0.070868,0.792738,0.087552,0.599065,12.182940,2.435966,32.591503
840,7.000000,-0.004657,0.916347,0.032395,0.399045,-9.852881,88.142395,18.540174,-0.055330,0.908049,0.114720,0.399030,-10.102877,95.396362,18.944756,-0.016148,0.913355,0.077660,0.399363,-12.533474,107.642403,21.022842,0.010632,0.914722,-0.097180,0.392081,-13.905968,122.449280,22.956749,0.056815,0.896638,-0.211055,0.385056,-11.323407,135.597824,19.433893,0.005732,0.857953,0.193775,0.475748,-16.636034,116.902145,20.393465,0.303014,-0.403337,0.203988,-0.838982,-26.167675,120.284714,6.214030,0.212119,0.362028,-0.497469,-0.759253,-11.392143,105.626556,-7.605757,0.346400,0.399566,-0.385054,-0.756365,-6.681877,123.251579,-1.038229,-0.115559,0.936942,0.150250,0.293617,-11.810808,116.671463,25.584089,0.374687,0.840344,0.099019,-0.378981,2.137916,118.906281,35.771782,-0.044397,0.188838,0.528548,-0.826442,12.929874,105.048576,18.004902,0.073770,0.005347,0.495327,-0.865552,5.501436,122.927185,12.679831,0.059617,0.882257,0.139987,0.445502,-15.894424,88.295937,12.054063,0.052974,0.860712,-0.090719,0.498136,-15.166357,52.747952,0.867143,-0.034573,0.933694,0.073245,0.348791,-23.754257,6.494486,5.757190,-0.114463,0.903524,-0.027451,0.412055,-3.811337,87.988853,25.026289,0.015221,0.894315,-0.079215,0.440107,3.055159,51.747940,30.391323,-0.069473,0.792728,0.088318,0.599130,-1.530351,5.066001,36.459045,-0.034573,0.933694,0.073245,0.348791,-14.493814,2.947228,-4.811738,-0.069473,0.792728,0.088318,0.599130,12.182631,2.418120,32.588135
841,7.008333,-0.004971,0.915672,0.032473,0.400581,-9.823037,88.143791,18.532389,-0.056094,0.907277,0.114781,0.400659,-10.078341,95.397636,18.935755,-0.016896,0.912583,0.077733,0.401080,-12.530533,107.640121,21.002781,0.008899,0.914208,-0.096679,0.393444,-13.928021,122.445915,22.927055,0.056748,0.896087,-0.211077,0.386335,-11.386621,135.602234,19.403276,0.004966,0.857464,0.193607,0.476705,-16.641586,116.894821,20.354853,0.302797,-0.401597,0.203704,-0.839964,-26.141762,120.258095,6.149732,0.212914,0.363717,-0.497184,-0.758410,-11.290439,105.632591,-7.623331,0.346419,0.401813,-0.383908,-0.755748,-6.617541,123.254944,-1.032085,-0.116363,0.936435,0.149825,0.295131,-11.836196,116.671349,25.564157,0.374188,0.840853,0.098982,-0.378353,2.074991,118.926796,35.798527,-0.044915,0.189746,0.528175,-0.826444,12.909344,105.076691,18.051519,0.073429,0.006287,0.495701,-0.865361,5.478230,122.950218,12.706131,0.059387,0.881936,0.139415,0.446347,-15.842756,88.293724,12.025933,0.053343,0.861244,-0.090461,0.497222,-15.108294,52.731792,0.883851,-0.034811,0.933931,0.073032,0.348177,-23.708946,6.477609,5.744642,-0.114179,0.902836,-0.027763,0.413617,-3.803317,87.993851,25.038845,0.014985,0.894086,-0.078741,0.440664,3.025355,51.749374,30.428013,-0.068825,0.792737,0.088501,0.599165,-1.524306,5.059666,36.462952,-0.034811,0.933931,0.073032,0.348177,-14.460537,2.926970,-4.833686,-0.068825,0.792737,0.088501,0.599165,12.186147,2.404748,32.587902
842,7.016667,-0.005265,0.914901,0.032363,0.402345,-9.793356,88.149055,18.534046,-0.056532,0.906547,0.114581,0.402303,-10.052703,95.402962,18.933729,-0.017796,0.911825,0.077750,0.402757,-12.516191,107.643127,20.986879,0.007585,0.913678,-0.096060,0.394852,-13.942001,122.447906,22.898134,0.056407,0.895595,-0.211125,0.387496,-11.432414,135.612076,19.380903,0.003503,0.856525,0.194147,0.478184,-16.637875,116.891647,20.318499,0.302041,-0.399741,0.203768,-0.841105,-26.089291,120.230080,6.075047,0.212936,0.365221,-0.497276,-0.757620,-11.164996,105.633415,-7.649644,0.345674,0.403712,-0.383950,-0.755055,-6.537815,123.257278,-1.026078,-0.117310,0.935893,0.149593,0.296587,-11.852044,116.677681,25.546179,0.373757,0.841343,0.098689,-0.377766,2.021401,118.956604,35.826462,-0.045373,0.190640,0.527877,-0.826404,12.894039,105.107033,18.102489,0.073455,0.006810,0.494224,-0.866199,5.464827,122.972786,12.737539,0.059475,0.881353,0.138901,0.447646,-15.787910,88.294510,12.004297,0.053822,0.861256,-0.090562,0.497131,-15.060324,52.722694,0.893359,-0.034341,0.933964,0.072626,0.348219,-23.703968,6.475082,5.740468,-0.113996,0.902244,-0.027905,0.414947,-3.798802,88.003593,25.063795,0.014835,0.893887,-0.078283,0.441156,3.005436,51.756596,30.466953,-0.067087,0.792786,0.089498,0.599150,-1.515827,5.059666,36.467216,-0.034341,0.933964,0.072626,0.348219,-14.459568,2.909054,-4.836183,-0.067087,0.792786,0.089498,0.599150,12.188414,2.397485,32.575218
843,7.025000,-0.005507,0.914173,0.032258,0.404001,-9.758565,88.154861,18.534986,-0.057582,0.905913,0.114570,0.403584,-10.021230,95.408836,18.931391,-0.018412,0.911284,0.077807,0.403942,-12.512281,107.649948,20.970549,0.006994,0.913213,-0.095456,0.396083,-13.958091,122.453781,22.873993,0.055585,0.895173,-0.211223,0.388537,-11.463191,135.624283,19.370014,0.002386,0.855668,0.194146,0.479723,-16.641432,116.894135,20.288601,0.301762,-0.398037,0.203449,-0.842090,-26.041729,120.209549,6.005997,0.213532,0.367245,-0.497507,-0.756322,-11.043014,105.647575,-7.674350,0.346575,0.405725,-0.383058,-0.754016,-6.481962,123.279205,-1.022866,-0.118287,0.935357,0.149408,0.297981,-11.869475,116.686371,25.529198,0.373031,0.842063,0.098782,-0.376856,1.967092,118.989586,35.853680,-0.045530,0.191421,0.527023,-0.826760,12.901139,105.154381,18.156271,0.073354,0.007606,0.493849,-0.866415,5.448695,122.999664,12.765126,0.059563,0.880776,0.138598,0.448862,-15.729391,88.296684,11.983454,0.054592,0.860992,-0.091146,0.497399,-15.002603,52.719372,0.890064,-0.033732,0.933683,0.071457,0.349273,-23.737398,6.489706,5.744921,-0.113797,0.901741,-0.028193,0.416075,-3.787738,88.013046,25.086519,0.014758,0.893616,-0.077770,0.441797,2.987516,51.763870,30.511442,-0.066189,0.792782,0.089596,0.599240,-1.510146,5.059159,36.468693,-0.033732,0.933683,0.071457,0.349273,-14.477698,2.886990,-4.805884,-0.066189,0.792782,0.089596,0.599240,12.190466,2.383699,32.573025
844,7.033333,-0.005703,0.913400,0.032071,0.405757,-9.721584,88.163994,18.536211,-0.058090,0.905178,0.114520,0.405170,-9.986526,95.418106,18.928473,-0.019481,0.910539,0.077811,0.405567,-12.491394,107.653931,20.956148,0.005898,0.912694,-0.094948,0.397417,-13.969837,122.456535,22.844067,0.055153,0.894809,-0.211042,0.389533,-11.500607,135.633423,19.345890,0.001231,0.854865,0.194447,0.481035,-16.633915,116.890503,20.252483,0.302342,-0.396425,0.202791,-0.842801,-25.990427,120.185379,5.936417,0.214313,0.368988,-0.497676,-0.755140,-10.914348,105.656693,-7.694197,0.346795,0.407477,-0.382871,-0.753064,-6.409816,123.295280,-1.025277,-0.119418,0.934843,0.149261,0.299213,-11.881198,116.694519,25.510984,0.372620,0.842603,0.098442,-0.376143,1.920372,119.027565,35.875530,-0.045906,0.192290,0.526570,-0.826826,12.896567,105.189720,18.206318,0.073278,0.008354,0.493099,-0.866841,5.438039,123.026527,12.792749,0.059536,0.880199,0.138027,0.450170,-15.667155,88.302361,11.961677,0.055208,0.861347,-0.091168,0.496711,-14.941645,52.713032,0.906831,-0.033285,0.933779,0.070662,0.349223,-23.723570,6.490135,5.741081,-0.113622,0.901321,-0.028452,0.417015,-3.776015,88.025627,25.110744,0.014769,0.893409,-0.077321,0.442294,2.973897,51.774586,30.554707,-0.065979,0.792774,0.088601,0.599422,-1.509302,5.063322,36.471367,-0.033285,0.933779,0.070662,0.349223,-14.470691,2.862031,-4.807006,-0.065979,0.792774,0.088601,0.599422,12.188648,2.361493,32.584560
845,7.041667,-0.005951,0.912653,0.031905,0.407445,-9.680012,88.172592,18.541258,-0.058235,0.904447,0.113624,0.407030,-9.947980,95.426819,18.929359,-0.020628,0.909616,0.078179,0.407507,-12.450333,107.662872,20.929428,0.005401,0.911899,-0.095606,0.399086,-13.968550,122.462379,22.810068,0.054028,0.894510,-0.210069,0.390901,-11.495905,135.634781,19.297457,-0.000930,0.853486,0.195936,0.482876,-16.609268,116.890610,20.206928,0.302020,-0.394605,0.202627,-0.843809,-25.903994,120.158684,5.844545,0.214228,0.371069,-0.498507,-0.753595,-10.752648,105.660545,-7.735044,0.346703,0.409349,-0.382981,-0.752034,-6.338546,123.315063,-1.030619,-0.120447,0.934185,0.148804,0.301078,-11.879568,116.704903,25.486513,0.372122,0.843156,0.098131,-0.375477,1.874414,119.063782,35.908318,-0.046596,0.193787,0.526199,-0.826674,12.894148,105.227470,18.265015,0.072902,0.009454,0.490970,-0.868070,5.443474,123.056137,12.817019,0.059879,0.879352,0.137610,0.451905,-15.601201,88.306778,11.944671,0.055597,0.861487,-0.091298,0.496400,-14.890612,52.711941,0.906605,-0.032715,0.933859,0.069704,0.349254,-23.708435,6.495378,5.736067,-0.113448,0.900816,-0.028794,0.418129,-3.758822,88.038406,25.137848,0.014817,0.893363,-0.076720,0.442490,2.962081,51.785862,30.607721,-0.065065,0.792689,0.088423,0.599660,-1.501358,5.065969,36.470989,-0.032715,0.933859,0.069704,0.349254,-14.462071,2.836373,-4.807057,-0.065065,0.792689,0.088423,0.599660,12.193330,2.344265,32.586536
846,7.050000,-0.006183,0.911923,0.031708,0.409088,-9.636662,88.182083,18.540787,-0.058220,0.903700,0.113466,0.408733,-9.907230,95.436455,18.924419,-0.022224,0.908727,0.078178,0.409401,-12.407090,107.652473,20.912971,0.003893,0.911401,-0.095006,0.400384,-13.972688,122.449936,22.770737,0.054062,0.894297,-0.209504,0.391686,-11.537072,135.630081,19.261339,-0.001489,0.853205,0.195854,0.483406,-16.587147,116.868401,20.162039,0.301787,-0.392709,0.201965,-0.844935,-25.863998,120.122101,5.784844,0.214424,0.372183,-0.499106,-0.752592,-10.624697,105.673691,-7.749240,0.346735,0.410970,-0.383363,-0.750941,-6.266714,123.335121,-1.036765,-0.122090,0.933498,0.148646,0.302622,-11.880358,116.700912,25.462664,0.371367,0.843883,0.097677,-0.374710,1.827265,119.104004,35.935314,-0.047130,0.194987,0.525385,-0.826879,12.903794,105.273781,18.322826,0.072689,0.010723,0.489846,-0.868707,5.437920,123.085190,12.843484,0.060190,0.878237,0.137025,0.454204,-15.534017,88.312111,11.922800,0.056025,0.861437,-0.091422,0.496416,-14.835029,52.708088,0.913655,-0.032244,0.933957,0.068412,0.349290,-23.693394,6.498191,5.732586,-0.113189,0.900127,-0.029118,0.419656,-3.739309,88.052063,25.158775,0.014738,0.893137,-0.076167,0.443044,2.944984,51.796551,30.653690,-0.064214,0.792600,0.087831,0.599956,-1.492283,5.068439,36.471088,-0.032244,0.933957,0.068412,0.349290,-14.453429,2.800526,-4.802655,-0.064214,0.792600,0.087831,0.599956,12.198606,2.318527,32.593121
847,7.058333,-0.006498,0.911174,0.031500,0.410765,-9.590507,88.185982,18.541292,-0.059558,0.902976,0.113718,0.410066,-9.864712,95.440483,18.919779,-0.022506,0.908166,0.078232,0.410620,-12.402819,107.662392,20.898012,0.003001,0.910924,-0.095405,0.401381,-13.979253,122.459221,22.751656,0.053317,0.894038,-0.208866,0.392719,-11.556174,135.637589,19.226866,-0.003001,0.852257,0.195705,0.485127,-16.584429,116.876686,20.135809,0.302647,-0.391199,0.200975,-0.845563,-25.802988,120.094803,5.713181,0.214963,0.373794,-0.499446,-0.751414,-10.484613,105.687820,-7.775733,0.346871,0.412357,-0.384568,-0.749500,-6.186435,123.357346,-1.046653,-0.123083,0.933054,0.148626,0.303597,-11.891994,116.710983,25.449203,0.370585,0.844669,0.097485,-0.373761,1.786564,119.139633,35.953922,-0.047683,0.195971,0.524444,-0.827212,12.927588,105.319633,18.374126,0.072397,0.011977,0.488444,-0.869504,5.436556,123.115242,12.868658,0.060474,0.877493,0.136582,0.455735,-15.463406,88.310417,11.901485,0.056412,0.861419,-0.091621,0.496367,-14.779086,52.699898,0.912429,-0.030771,0.934012,0.067155,0.349522,-23.677799,6.497559,5.729555,-0.113012,0.899519,-0.029391,0.420987,-3.717607,88.061554,25.181097,0.014703,0.892967,-0.075707,0.443466,2.938251,51.804249,30.698687,-0.063213,0.792680,0.086948,0.600085,-1.479587,5.069444,36.476929,-0.030771,0.934012,0.067155,0.349522,-14.448582,2.752248,-4.798274,-0.063213,0.792680,0.086948,0.600085,12.204059,2.282089,32.600143
848,7.066667,-0.006715,0.910429,0.031264,0.412428,-9.547026,88.188461,18.542318,-0.060287,0.902261,0.113865,0.411491,-9.823383,95.443138,18.915888,-0.023419,0.907497,0.078095,0.412070,-12.381725,107.657578,20.884972,0.001802,0.910457,-0.095406,0.402446,-13.984264,122.453781,22.721050,0.053194,0.893799,-0.208174,0.393646,-11.585254,135.634155,19.187332,-0.004339,0.851036,0.196116,0.487091,-16.573185,116.865578,20.101183,0.302731,-0.389508,0.200475,-0.846432,-25.724878,120.064522,5.631781,0.214972,0.375424,-0.500376,-0.749978,-10.330528,105.693886,-7.809335,0.346439,0.414315,-0.384773,-0.748514,-6.115404,123.377968,-1.060973,-0.124281,0.932507,0.148467,0.304864,-11.898261,116.710617,25.430315,0.369430,0.845612,0.097152,-0.372860,1.743117,119.170952,35.975925,-0.048189,0.196940,0.523273,-0.827695,12.960479,105.371681,18.428410,0.072331,0.013019,0.487421,-0.870069,5.435211,123.144867,12.895173,0.060749,0.876814,0.136070,0.457156,-15.395609,88.308685,11.881005,0.056725,0.861392,-0.091633,0.496377,-14.729157,52.690254,0.916532,-0.029175,0.934033,0.065289,0.349956,-23.653845,6.491456,5.719576,-0.112914,0.898904,-0.029668,0.422306,-3.698442,88.068237,25.203630,0.014687,0.892797,-0.075171,0.443900,2.934029,51.810490,30.746439,-0.062447,0.792596,0.085031,0.600552,-1.462843,5.067983,36.478252,-0.029175,0.934033,0.065289,0.349956,-14.433715,2.681364,-4.792961,-0.062447,0.792596,0.085031,0.600552,12.214386,2.223677,32.620232
849,7.075000,-0.006962,0.909731,0.031137,0.413970,-9.501448,88.190163,18.539150,-0.060871,0.901534,0.114130,0.412923,-9.780941,95.444901,18.909084,-0.024465,0.906781,0.078107,0.413580,-12.356455,107.647011,20.872398,0.001636,0.909931,-0.095437,0.403627,-13.990615,122.441673,22.693081,0.052343,0.893740,-0.207506,0.394246,-11.589227,135.622208,19.161587,-0.005610,0.849992,0.196273,0.488835,-16.560839,116.847336,20.067886,0.303630,-0.387934,0.199249,-0.847122,-25.652796,120.023384,5.555850,0.215324,0.377153,-0.501072,-0.748544,-10.172801,105.704117,-7.841640,0.346446,0.415706,-0.385328,-0.747453,-6.035070,123.400543,-1.076452,-0.125542,0.931968,0.148440,0.306006,-11.904306,116.703835,25.413412,0.368182,0.846605,0.097142,-0.371841,1.701800,119.197144,35.996769,-0.048585,0.197512,0.521896,-0.828404,13.003041,105.427208,18.480062,0.072017,0.014087,0.488379,-0.869541,5.428500,123.175095,12.927387,0.061113,0.875914,0.135370,0.459037,-15.327374,88.306404,11.857944,0.056981,0.861417,-0.091516,0.496326,-14.685541,52.677109,0.927363,-0.027211,0.934033,0.062848,0.350561,-23.625368,6.479058,5.709377,-0.112863,0.898181,-0.029895,0.423840,-3.675520,88.073921,25.220356,0.014542,0.891975,-0.074677,0.445637,2.936904,51.816338,30.788097,-0.060102,0.792545,0.083784,0.601033,-1.438141,5.066424,36.476021,-0.027211,0.934033,0.062848,0.350561,-14.415598,2.585605,-4.781675,-0.060102,0.792545,0.083784,0.601033,12.226094,2.153264,32.623337
850,7.083333,-0.007315,0.909030,0.030872,0.415522,-9.455560,88.191925,18.539953,-0.061504,0.900834,0.114231,0.414327,-9.738749,95.446831,18.903772,-0.025393,0.906089,0.078102,0.415040,-12.331065,107.638725,20.857355,0.001046,0.909401,-0.095568,0.404791,-13.993299,122.432014,22.663675,0.051819,0.893555,-0.206779,0.395116,-11.598963,135.612503,19.127195,-0.007083,0.848761,0.196831,0.490726,-16.546366,116.832314,20.033192,0.302996,-0.386061,0.198948,-0.848275,-25.573147,119.987503,5.475985,0.215028,0.378476,-0.502072,-0.747290,-10.014720,105.710175,-7.875341,0.346393,0.417292,-0.386150,-0.746169,-5.953972,123.421013,-1.091535,-0.126451,0.931449,0.148161,0.307345,-11.907644,116.698906,25.394445,0.366788,0.847624,0.096715,-0.371007,1.661883,119.215523,36.019173,-0.049437,0.198619,0.520695,-0.828844,13.045260,105.473900,18.533438,0.071929,0.015375,0.487151,-0.870215,5.437745,123.200775,12.955673,0.061317,0.875266,0.134775,0.460418,-15.258570,88.301468,11.838720,0.057213,0.861731,-0.091271,0.495798,-14.633520,52.662052,0.940203,-0.025476,0.934226,0.060314,0.350622,-23.577837,6.462255,5.696916,-0.112793,0.897502,-0.030220,0.425271,-3.652550,88.082382,25.241188,0.014444,0.891509,-0.074059,0.446675,2.935963,51.825069,30.838970,-0.057811,0.792502,0.081956,0.601566,-1.411373,5.066192,36.474232,-0.025476,0.934226,0.060314,0.350622,-14.388929,2.485380,-4.781131,-0.057811,0.792502,0.081956,0.601566,12.238212,2.072023,32.631729
851,7.091667,-0.007712,0.908400,0.030984,0.416882,-9.404791,88.183922,18.535664,-0.061920,0.900165,0.114298,0.415698,-9.694446,95.438644,18.898132,-0.026473,0.905372,0.078194,0.416516,-12.300430,107.631660,20.845257,0.000627,0.908770,-0.096258,0.406042,-13.996047,122.422836,22.637785,0.051057,0.893362,-0.205794,0.396164,-11.597956,135.598297,19.085173,-0.008742,0.847678,0.197150,0.492440,-16.529766,116.817024,20.001606,0.302932,-0.384240,0.198136,-0.849314,-25.496918,119.940712,5.400823,0.214843,0.379894,-0.503201,-0.745863,-9.852316,105.716301,-7.906196,0.346181,0.418961,-0.386800,-0.744994,-5.877317,123.441025,-1.108167,-0.127516,0.930985,0.148294,0.308246,-11.909251,116.695045,25.378830,0.365521,0.848604,0.096128,-0.370169,1.631529,119.238068,36.033897,-0.050259,0.199577,0.519564,-0.829275,13.092330,105.517288,18.582409,0.071888,0.016524,0.486290,-0.870678,5.451622,123.226799,12.983283,0.061605,0.874641,0.134141,0.461750,-15.187621,88.288727,11.816933,0.057605,0.861644,-0.091219,0.495913,-14.586989,52.639233,0.950047,-0.024164,0.934146,0.057240,0.351440,-23.561377,6.442800,5.682691,-0.112573,0.896861,-0.030644,0.426649,-3.621962,88.079117,25.254393,0.014155,0.890958,-0.073457,0.447882,2.929905,51.820038,30.883663,-0.055577,0.792578,0.079905,0.601952,-1.375256,5.051973,36.474884,-0.024164,0.934146,0.057240,0.351440,-14.374837,2.372807,-4.761619,-0.055577,0.792578,0.079905,0.601952,12.257371,1.972819,32.639359
852,7.100000,-0.008027,0.907785,0.031021,0.418210,-9.352148,88.171211,18.529116,-0.062673,0.899522,0.114489,0.416923,-9.646707,95.425819,18.889734,-0.027237,0.904769,0.078129,0.417789,-12.274673,107.616974,20.829765,-0.000260,0.908281,-0.096373,0.407110,-13.992704,122.407234,22.608511,0.050776,0.893059,-0.205210,0.397185,-11.609613,135.583160,19.047569,-0.010492,0.845793,0.198305,0.495176,-16.512177,116.796913,19.968254,0.303884,-0.382674,0.197334,-0.849867,-25.384033,119.908333,5.306759,0.215024,0.381997,-0.504262,-0.744018,-9.663556,105.718018,-7.947134,0.346057,0.420519,-0.387536,-0.743791,-5.791457,123.460785,-1.126739,-0.128808,0.930435,0.148593,0.309224,-11.907307,116.683495,25.359070,0.364159,0.849731,0.095828,-0.369003,1.600895,119.257675,36.047958,-0.051027,0.200608,0.518162,-0.829856,13.154404,105.563011,18.637129,0.071692,0.017903,0.485093,-0.871335,5.470921,123.248383,13.011432,0.061880,0.874261,0.133466,0.462629,-15.115227,88.272034,11.793376,0.057925,0.861922,-0.091040,0.495427,-14.545210,52.611614,0.960744,-0.024169,0.934292,0.054053,0.351558,-23.534641,6.415600,5.668916,-0.112570,0.896514,-0.030986,0.427353,-3.589068,88.070381,25.264856,0.014064,0.890510,-0.073005,0.448848,2.947172,51.812828,30.922020,-0.052946,0.792630,0.077653,0.602416,-1.337289,5.038264,36.474655,-0.024169,0.934292,0.054053,0.351558,-14.354515,2.262683,-4.748356,-0.052946,0.792630,0.077653,0.602416,12.275492,1.862905,32.647087
853,7.108333,-0.008431,0.907035,0.030904,0.419836,-9.297566,88.154945,18.524750,-0.062441,0.898908,0.114138,0.418375,-9.597390,95.409569,18.880825,-0.028799,0.904000,0.078311,0.419312,-12.216470,107.588852,20.808954,-0.000710,0.907649,-0.096121,0.408575,-13.982080,122.375633,22.569946,0.049948,0.892752,-0.204658,0.398263,-11.605183,135.554550,19.015968,-0.011370,0.845440,0.198282,0.495769,-16.476330,116.756294,19.924923,0.304569,-0.380965,0.195896,-0.850722,-25.327057,119.845703,5.246012,0.215190,0.382850,-0.504732,-0.743213,-9.513138,105.720985,-7.966727,0.344861,0.422176,-0.388908,-0.742690,-5.685986,123.465454,-1.143053,-0.130219,0.929719,0.148668,0.310746,-11.890779,116.659836,25.332508,0.362795,0.850764,0.095353,-0.368087,1.571835,119.267807,36.070602,-0.051973,0.201874,0.516987,-0.830223,13.208622,105.599197,18.694796,0.071375,0.019110,0.483746,-0.872084,5.496137,123.264603,13.040733,0.062127,0.874067,0.132737,0.463171,-15.036370,88.249397,11.768223,0.058285,0.862337,-0.090822,0.494702,-14.501333,52.576794,0.973988,-0.025630,0.934630,0.051237,0.350977,-23.505934,6.380981,5.655041,-0.112428,0.896080,-0.031277,0.428279,-3.558762,88.060501,25.281277,0.013872,0.890126,-0.072490,0.449699,2.952922,51.801907,30.960087,-0.049527,0.792623,0.075849,0.602946,-1.298820,5.019751,36.473724,-0.025630,0.934630,0.051237,0.350977,-14.333203,2.169223,-4.745105,-0.049527,0.792623,0.075849,0.602946,12.291156,1.745021,32.648846
854,7.116667,-0.008623,0.906360,0.030852,0.421290,-9.247292,88.132568,18.519613,-0.063383,0.898247,0.114218,0.419629,-9.549891,95.387199,18.873354,-0.029131,0.903427,0.078336,0.420516,-12.195807,107.572708,20.790985,-0.001436,0.907079,-0.096350,0.409783,-13.973054,122.358788,22.546101,0.049285,0.892261,-0.204362,0.399598,-11.605169,135.536972,18.983379,-0.012897,0.844161,0.198668,0.497753,-16.457520,116.738106,19.894749,0.303173,-0.378811,0.195945,-0.852170,-25.238306,119.803490,5.168871,0.214765,0.384171,-0.506228,-0.741635,-9.343555,105.721733,-7.992633,0.345706,0.423863,-0.388983,-0.741296,-5.613015,123.489441,-1.156070,-0.131641,0.929124,0.148871,0.311827,-11.886582,116.644165,25.314735,0.361765,0.851782,0.095181,-0.366789,1.539604,119.287682,36.089687,-0.052759,0.203237,0.515857,-0.830544,13.261361,105.635162,18.758402,0.070860,0.020443,0.481974,-0.873076,5.524466,123.278168,13.070422,0.062145,0.874120,0.132137,0.463241,-14.964342,88.224457,11.744635,0.058854,0.863210,-0.090619,0.493146,-14.450736,52.540176,0.988014,-0.027293,0.934997,0.048392,0.350276,-23.483786,6.347182,5.641992,-0.112424,0.895565,-0.031529,0.429338,-3.530241,88.040688,25.294590,0.013739,0.889826,-0.072056,0.450366,2.966330,51.783203,30.997765,-0.046033,0.792818,0.073610,0.603244,-1.259911,4.994762,36.477581,-0.027293,0.934997,0.048392,0.350276,-14.319116,2.077947,-4.741817,-0.046033,0.792818,0.073610,0.603244,12.302142,1.609851,32.649517
855,7.125000,-0.008895,0.905853,0.030876,0.422372,-9.190854,88.114151,18.510262,-0.064137,0.897615,0.114442,0.420806,-9.497606,95.368683,18.862278,-0.029842,0.902813,0.078267,0.421796,-12.164840,107.548119,20.772886,-0.002260,0.906573,-0.096129,0.410950,-13.962945,122.333267,22.514565,0.048868,0.891847,-0.204193,0.400657,-11.611687,135.514633,18.952583,-0.014618,0.842551,0.199785,0.499981,-16.433628,116.708481,19.859030,0.303945,-0.377147,0.195073,-0.852833,-25.135344,119.758965,5.083199,0.214971,0.386215,-0.507209,-0.739841,-9.160690,105.718529,-8.025628,0.345580,0.425525,-0.389284,-0.740244,-5.529553,123.500504,-1.168856,-0.132528,0.928525,0.148986,0.313179,-11.878566,116.622391,25.292498,0.360514,0.852771,0.095403,-0.365663,1.510023,119.283569,36.109810,-0.053720,0.204269,0.514669,-0.830966,13.318163,105.665161,18.810354,0.070079,0.021726,0.480912,-0.873694,5.548183,123.289093,13.101223,0.062248,0.874300,0.131570,0.463049,-14.891641,88.202515,11.721541,0.059445,0.864778,-0.090238,0.490390,-14.407128,52.508045,0.997455,-0.027866,0.935416,0.045844,0.349455,-23.455915,6.315145,5.621674,-0.112176,0.895112,-0.031944,0.430314,-3.490068,88.025787,25.298983,0.013419,0.889465,-0.071618,0.451156,2.970553,51.766121,31.029037,-0.040654,0.792958,0.072474,0.603583,-1.214971,4.970905,36.482208,-0.027866,0.935416,0.045844,0.349455,-14.311022,1.985382,-4.754512,-0.040654,0.792958,0.072474,0.603583,12.311560,1.469100,32.633636
856,7.133333,-0.009253,0.905370,0.030877,0.423398,-9.133497,88.094833,18.502573,-0.064701,0.896987,0.114423,0.422062,-9.445364,95.349274,18.852051,-0.030613,0.902126,0.078455,0.423173,-12.126263,107.520065,20.751303,-0.003133,0.905985,-0.096043,0.412260,-13.950237,122.302940,22.485441,0.048368,0.891339,-0.204048,0.401920,-11.614551,135.486389,18.920950,-0.016101,0.841352,0.200626,0.501614,-16.404728,116.674438,19.822763,0.303621,-0.375313,0.194432,-0.853903,-25.047865,119.708130,5.009146,0.214920,0.387667,-0.507943,-0.738592,-8.991792,105.718544,-8.054477,0.345278,0.427529,-0.389689,-0.739016,-5.432675,123.510895,-1.178933,-0.133649,0.927878,0.149035,0.314593,-11.866837,116.595268,25.270685,0.360312,0.853369,0.098453,-0.363652,1.480457,119.281807,36.132668,-0.053119,0.204014,0.513796,-0.831607,13.369113,105.707047,18.854061,0.069617,0.022904,0.481598,-0.873323,5.562477,123.301483,13.136567,0.062187,0.874702,0.131048,0.462446,-14.818782,88.178101,11.700801,0.060135,0.866262,-0.089887,0.487744,-14.356022,52.472843,1.011707,-0.030687,0.935921,0.042410,0.348297,-23.430941,6.281778,5.602870,-0.112023,0.894677,-0.032377,0.431226,-3.448212,88.011574,25.304344,0.013021,0.889157,-0.071285,0.451828,2.982463,51.751423,31.064913,-0.036613,0.793593,0.069561,0.603349,-1.159498,4.950702,36.504124,-0.030687,0.935921,0.042410,0.348297,-14.294613,1.890839,-4.755136,-0.036613,0.793593,0.069561,0.603349,12.325811,1.315174,32.634949
857,7.141667,-0.009837,0.904855,0.031155,0.424464,-9.059050,88.075089,18.486853,-0.065511,0.896277,0.114578,0.423400,-9.380733,95.329109,18.836020,-0.031636,0.901371,0.078514,0.424694,-12.084482,107.497200,20.726040,-0.003528,0.905359,-0.095521,0.413749,-13.939735,122.277878,22.445580,0.047794,0.890837,-0.204146,0.403050,-11.611824,135.466492,18.895117,-0.016721,0.840899,0.200599,0.502363,-16.375204,116.643776,19.777328,0.304945,-0.373590,0.193256,-0.854454,-24.991434,119.664314,4.945360,0.215923,0.389357,-0.508103,-0.737298,-8.848083,105.721024,-8.060080,0.345320,0.429127,-0.389921,-0.737947,-5.347789,123.513840,-1.179802,-0.134688,0.927124,0.149407,0.316193,-11.856500,116.575287,25.241318,0.359205,0.854269,0.098775,-0.362546,1.445924,119.279480,36.153847,-0.054016,0.204950,0.512847,-0.831905,13.414541,105.736183,18.905775,0.068974,0.024141,0.481554,-0.873365,5.584429,123.313881,13.171226,0.062833,0.875059,0.130317,0.461889,-14.728109,88.151749,11.671476,0.060433,0.867701,-0.089548,0.485205,-14.339728,52.438267,1.006918,-0.033286,0.936321,0.039035,0.347378,-23.410168,6.244844,5.583293,-0.111604,0.894260,-0.033003,0.432152,-3.389988,87.998428,25.302231,0.012654,0.888492,-0.070770,0.453227,2.986845,51.734341,31.097752,-0.031344,0.793421,0.067640,0.604090,-1.110769,4.925814,36.503246,-0.033286,0.936321,0.039035,0.347378,-14.278751,1.792328,-4.752734,-0.031344,0.793421,0.067640,0.604090,12.337729,1.158333,32.632195
858,7.150000,-0.010285,0.904284,0.031401,0.425651,-8.990370,88.061615,18.471231,-0.066241,0.895539,0.114960,0.424742,-9.319921,95.315277,18.820423,-0.032597,0.900620,0.078587,0.426200,-12.046963,107.478973,20.706944,-0.004178,0.904774,-0.094929,0.415158,-13.931952,122.257462,22.412960,0.047486,0.890258,-0.204645,0.404111,-11.619338,135.452103,18.874933,-0.017797,0.839831,0.201232,0.503858,-16.349020,116.618179,19.738882,0.305161,-0.371634,0.192794,-0.855333,-24.911572,119.629417,4.873975,0.216477,0.390925,-0.508628,-0.735944,-8.686505,105.723145,-8.069244,0.345273,0.431174,-0.389964,-0.736752,-5.254634,123.524269,-1.180553,-0.135532,0.926418,0.149552,0.317828,-11.849358,116.559532,25.218678,0.358153,0.855096,0.098921,-0.361596,1.409009,119.277534,36.181271,-0.054879,0.205989,0.512034,-0.832092,13.449701,105.762276,18.961399,0.068274,0.025114,0.481782,-0.873267,5.603941,123.324585,13.207047,0.063307,0.875529,0.129539,0.461151,-14.641376,88.133690,11.640829,0.060833,0.869623,-0.089015,0.481800,-14.320106,52.409588,1.009662,-0.036402,0.936745,0.035263,0.346323,-23.381258,6.211746,5.559740,-0.111276,0.893802,-0.033551,0.433140,-3.339363,87.989532,25.301632,0.012233,0.887944,-0.070268,0.454389,2.991668,51.722717,31.130222,-0.026418,0.793452,0.064185,0.604662,-1.056147,4.906502,36.506569,-0.036402,0.936745,0.035263,0.346323,-14.253521,1.692713,-4.750633,-0.026418,0.793452,0.064185,0.604662,12.347530,0.978889,32.639233
859,7.158333,-0.010723,0.903684,0.031711,0.426889,-8.916008,88.047752,18.451445,-0.066961,0.894832,0.115021,0.426102,-9.253715,95.300995,18.801535,-0.033357,0.899874,0.079159,0.427607,-11.997554,107.449249,20.675409,-0.004602,0.904180,-0.094109,0.416631,-13.912959,122.223518,22.383987,0.046763,0.889629,-0.205315,0.405240,-11.612365,135.425797,18.866661,-0.019433,0.838238,0.202784,0.505823,-16.311817,116.581787,19.698738,0.303514,-0.369400,0.193276,-0.856777,-24.803099,119.587364,4.791866,0.216062,0.392664,-0.509500,-0.734535,-8.504610,105.711029,-8.091098,0.345601,0.432899,-0.390197,-0.735463,-5.158755,123.524414,-1.170660,-0.136742,0.925622,0.149737,0.319538,-11.829912,116.527435,25.193110,0.357228,0.855823,0.099493,-0.360635,1.379006,119.269714,36.209213,-0.055845,0.207009,0.511370,-0.832183,13.487461,105.786598,19.011690,0.067456,0.026183,0.480871,-0.873800,5.631725,123.337936,13.241143,0.063867,0.875974,0.128466,0.460529,-14.548137,88.115952,11.605430,0.061168,0.871116,-0.088133,0.479217,-14.308387,52.376522,1.023734,-0.037797,0.937254,0.031629,0.345147,-23.343996,6.167760,5.513315,-0.111238,0.893357,-0.033939,0.434036,-3.283881,87.979546,25.297461,0.011514,0.887384,-0.069447,0.455625,3.026156,51.714050,31.156958,-0.021785,0.793349,0.060401,0.605371,-0.933529,4.885366,36.490189,-0.037797,0.937254,0.031629,0.345147,-14.238203,1.568694,-4.781057,-0.021785,0.793349,0.060401,0.605371,12.425290,0.795642,32.635700
860,7.166667,-0.011053,0.903219,0.031938,0.427846,-8.836696,88.031509,18.429058,-0.067970,0.894132,0.115453,0.427292,-9.180512,95.284439,18.779720,-0.033932,0.899195,0.079679,0.428892,-11.954379,107.428482,20.648689,-0.004928,0.903656,-0.092988,0.418013,-13.894356,122.199120,22.361002,0.046083,0.888972,-0.206382,0.406217,-11.607359,135.411346,18.872284,-0.020123,0.837836,0.202512,0.506572,-16.277819,116.555931,19.665100,0.304079,-0.367734,0.192530,-0.857462,-24.741774,119.542137,4.738800,0.216911,0.394175,-0.509373,-0.733563,-8.367520,105.706047,-8.091283,0.345613,0.434699,-0.390302,-0.734339,-5.063717,123.517075,-1.160388,-0.138096,0.924779,0.150078,0.321231,-11.812070,116.503990,25.172636,0.356779,0.856363,0.100039,-0.359644,1.346092,119.273247,36.242611,-0.056507,0.208080,0.511036,-0.832077,13.506230,105.804573,19.070242,0.067005,0.027196,0.479148,-0.874750,5.656250,123.346832,13.278857,0.064193,0.876567,0.127512,0.459619,-14.454198,88.096786,11.571006,0.061724,0.872562,-0.087517,0.476619,-14.279933,52.342258,1.039153,-0.041128,0.937646,0.026620,0.344122,-23.320398,6.129730,5.479901,-0.110793,0.893111,-0.034884,0.434580,-3.219194,87.966225,25.287113,0.011224,0.886874,-0.069065,0.456683,3.027218,51.698227,31.199038,-0.023188,0.794221,0.054710,0.604716,-0.897985,4.863912,36.508282,-0.041128,0.937646,0.026620,0.344122,-14.217949,1.435209,-4.774264,-0.023188,0.794221,0.054710,0.604716,12.435246,0.670736,32.676403
861,7.175000,-0.011484,0.902560,0.032342,0.429194,-8.747519,88.018021,18.400692,-0.068964,0.893316,0.116094,0.428663,-9.100030,95.270439,18.753443,-0.034657,0.898431,0.080278,0.430320,-11.905317,107.405342,20.621080,-0.005859,0.903237,-0.091125,0.419314,-13.875196,122.171616,22.336912,0.045760,0.888300,-0.207994,0.406901,-11.625570,135.400513,18.887264,-0.020868,0.837091,0.202488,0.507781,-16.240484,116.526352,19.629374,0.303611,-0.365769,0.192484,-0.858477,-24.660641,119.499466,4.675716,0.217520,0.395700,-0.509607,-0.732398,-8.213483,105.693962,-8.093922,0.346237,0.436558,-0.389766,-0.733225,-4.965593,123.511192,-1.151375,-0.138676,0.924034,0.150331,0.323003,-11.792833,116.478012,25.151571,0.355986,0.856905,0.101135,-0.358832,1.319978,119.250237,36.274494,-0.057283,0.208666,0.510555,-0.832172,13.537484,105.821465,19.111599,0.066285,0.028017,0.478513,-0.875127,5.678159,123.356125,13.315090,0.064617,0.877041,0.126941,0.458815,-14.344370,88.080376,11.525748,0.062014,0.873814,-0.086932,0.474391,-14.227269,52.319099,1.016074,-0.041337,0.938129,0.022781,0.343055,-23.254288,6.100312,5.418867,-0.109921,0.892606,-0.036018,0.435747,-3.150666,87.955673,25.275635,0.011204,0.885880,-0.068782,0.458650,2.993639,51.679302,31.242960,-0.023298,0.794754,0.053569,0.604114,-0.929484,4.841262,36.520786,-0.041337,0.938129,0.022781,0.343055,-14.182985,1.309097,-4.818164,-0.023298,0.794754,0.053569,0.604114,12.392948,0.624760,32.676960
862,7.183333,-0.011925,0.902020,0.032752,0.430284,-8.657753,88.002762,18.368011,-0.069324,0.892479,0.116619,0.430203,-9.019036,95.254639,18.722933,-0.036005,0.897452,0.080903,0.432132,-11.838571,107.374016,20.591616,-0.005952,0.902464,-0.090207,0.421172,-13.856189,122.134415,22.302536,0.044852,0.887575,-0.209016,0.408058,-11.609926,135.371216,18.881166,-0.021324,0.836510,0.203061,0.508491,-16.194422,116.483368,19.583570,0.304111,-0.364006,0.191952,-0.859168,-24.588779,119.458755,4.615873,0.218572,0.397474,-0.509358,-0.731297,-8.067137,105.687096,-8.094020,0.346626,0.438339,-0.389209,-0.732275,-4.864375,123.504326,-1.137611,-0.139991,0.923043,0.150930,0.324984,-11.770288,116.445831,25.124704,0.355418,0.857355,0.101946,-0.358087,1.285037,119.238388,36.309975,-0.058223,0.209684,0.510312,-0.832000,13.549397,105.836655,19.159369,0.065011,0.028811,0.478484,-0.875212,5.696783,123.370888,13.348645,0.065256,0.877533,0.125191,0.458263,-14.237809,88.061913,11.479404,0.062395,0.874816,-0.086402,0.472587,-14.229922,52.273922,1.060371,-0.038945,0.937942,0.021986,0.343895,-23.255808,6.050930,5.421082,-0.109374,0.892029,-0.037012,0.436981,-3.077697,87.943611,25.256618,0.011115,0.885110,-0.068339,0.460203,2.989825,51.663715,31.280794,-0.024867,0.795199,0.051213,0.603670,-0.915804,4.819745,36.518723,-0.038945,0.937942,0.021986,0.343895,-14.191847,1.216191,-4.801976,-0.024867,0.795199,0.051213,0.603670,12.401546,0.577000,32.686192
863,7.191667,-0.012500,0.901414,0.032891,0.431527,-8.572151,87.986504,18.340885,-0.070564,0.891680,0.117066,0.431535,-8.942326,95.238045,18.693520,-0.036512,0.896713,0.081603,0.433490,-11.798408,107.356140,20.554989,-0.006254,0.901852,-0.089688,0.422588,-13.841253,122.112022,22.274897,0.044271,0.886834,-0.210115,0.409166,-11.601182,135.353638,18.868092,-0.021981,0.835550,0.203561,0.509840,-16.163395,116.460670,19.542830,0.303215,-0.361905,0.192600,-0.860227,-24.508923,119.436089,4.547851,0.219126,0.398804,-0.509362,-0.730404,-7.923506,105.674553,-8.089730,0.346760,0.440077,-0.388804,-0.731383,-4.761484,123.496941,-1.119275,-0.140697,0.922183,0.151372,0.326908,-11.756457,116.423325,25.097652,0.354403,0.858020,0.103098,-0.357171,1.248281,119.219231,36.340874,-0.058921,0.210069,0.509604,-0.832288,13.581388,105.865097,19.202435,0.064265,0.029245,0.478228,-0.875393,5.707786,123.384987,13.390167,0.065805,0.877767,0.124098,0.458034,-14.132963,88.038376,11.436675,0.062677,0.875739,-0.086053,0.470901,-14.201586,52.235443,1.069351,-0.037068,0.938002,0.021278,0.343985,-23.227009,6.010100,5.406116,-0.108652,0.891385,-0.037914,0.438395,-3.011338,87.934631,25.245098,0.010923,0.884365,-0.067852,0.461710,2.969613,51.648045,31.315399,-0.026659,0.795437,0.048577,0.603498,-0.907638,4.797393,36.514568,-0.037068,0.938002,0.021278,0.343985,-14.181514,1.138651,-4.815867,-0.026659,0.795437,0.048577,0.603498,12.407380,0.525889,32.705952
864,7.200000,-0.013034,0.900791,0.033290,0.432778,-8.475480,87.973129,18.300703,-0.071455,0.890777,0.118084,0.432975,-8.855651,95.224091,18.654676,-0.037296,0.895846,0.082236,0.435093,-11.746101,107.335747,20.524481,-0.006999,0.901235,-0.088543,0.424130,-13.821229,122.086784,22.247284,0.043785,0.886034,-0.211535,0.410218,-11.604845,135.338745,18.865313,-0.022503,0.834645,0.204480,0.510929,-16.123295,116.433319,19.502609,0.302783,-0.359924,0.193111,-0.861095,-24.429268,119.418358,4.487594,0.220018,0.400296,-0.509272,-0.729382,-7.782267,105.664253,-8.076900,0.347535,0.441510,-0.388154,-0.730496,-4.663018,123.490013,-1.097072,-0.141425,0.921293,0.152035,0.328791,-11.736922,116.399727,25.073709,0.353545,0.858486,0.103878,-0.356675,1.217657,119.197098,36.374325,-0.060175,0.210639,0.509221,-0.832288,13.598804,105.882858,19.239487,0.063132,0.029954,0.477235,-0.875993,5.719557,123.401108,13.433188,0.066389,0.877703,0.122686,0.458452,-14.016877,88.020393,11.380865,0.063034,0.876422,-0.085859,0.469617,-14.167811,52.197243,1.084490,-0.035004,0.937909,0.022149,0.344400,-23.207825,5.972993,5.402467,-0.107831,0.890631,-0.039043,0.440027,-2.934083,87.925865,25.220541,0.010736,0.883943,-0.067384,0.462589,2.944567,51.632500,31.349962,-0.027966,0.795657,0.046980,0.603275,-0.901798,4.775486,36.514603,-0.035004,0.937909,0.022149,0.344400,-14.171275,1.103459,-4.828338,-0.027966,0.795657,0.046980,0.603275,12.412358,0.490342,32.718311
865,7.208333,-0.013539,0.900053,0.033713,0.434263,-8.382353,87.962418,18.256771,-0.072245,0.889838,0.119040,0.434510,-8.772380,95.212769,18.612450,-0.037944,0.894957,0.083047,0.436710,-11.694435,107.318176,20.489836,-0.007510,0.900600,-0.087411,0.425703,-13.800594,122.063736,22.221903,0.043019,0.885257,-0.212994,0.411221,-11.601945,135.325577,18.867235,-0.022945,0.834003,0.205110,0.511706,-16.082996,116.409622,19.462181,0.303535,-0.358163,0.192948,-0.861601,-24.360600,119.399055,4.432386,0.221530,0.402081,-0.508608,-0.728405,-7.647268,105.660294,-8.060626,0.347828,0.443387,-0.387107,-0.729775,-4.558229,123.481728,-1.071712,-0.142242,0.920338,0.152899,0.330706,-11.717300,116.376892,25.049505,0.352734,0.858897,0.104888,-0.356191,1.185204,119.175682,36.409187,-0.061516,0.211140,0.508935,-0.832238,13.612185,105.904457,19.274174,0.061672,0.030557,0.476843,-0.876290,5.729931,123.424194,13.478407,0.066639,0.877755,0.121579,0.458612,-13.900690,88.005928,11.318507,0.063664,0.876928,-0.085576,0.468637,-14.104576,52.165104,1.084748,-0.035775,0.937908,0.021775,0.344348,-23.179296,5.943799,5.361266,-0.107042,0.890028,-0.040304,0.441325,-2.864015,87.918907,25.195036,0.010610,0.883891,-0.066911,0.462761,2.912172,51.620369,31.390867,-0.029670,0.795832,0.045118,0.603105,-0.903980,4.757089,36.520981,-0.035775,0.937908,0.021775,0.344348,-14.137321,1.072390,-4.863853,-0.029670,0.795832,0.045118,0.603105,12.411376,0.459124,32.743443
866,7.216667,-0.014500,0.899323,0.034422,0.435686,-8.274754,87.945496,18.209515,-0.073325,0.888734,0.120971,0.436052,-8.682396,95.194756,18.567743,-0.038435,0.894018,0.083662,0.438469,-11.655265,107.296013,20.472181,-0.008570,0.899963,-0.086847,0.427142,-13.785993,122.037361,22.209961,0.042655,0.884484,-0.214375,0.412204,-11.612659,135.305099,18.862034,-0.023282,0.833121,0.205459,0.512985,-16.050560,116.383209,19.435692,0.303144,-0.356462,0.193160,-0.862397,-24.281982,119.378960,4.381805,0.222391,0.403705,-0.508118,-0.727585,-7.511981,105.656174,-8.052702,0.348449,0.444858,-0.386152,-0.729089,-4.454273,123.475937,-1.043153,-0.142830,0.919625,0.153216,0.332286,-11.707231,116.350281,25.040421,0.351741,0.859367,0.105850,-0.355758,1.152954,119.152275,36.447212,-0.062548,0.211442,0.508502,-0.832350,13.630350,105.930237,19.310791,0.060854,0.030918,0.476116,-0.876729,5.736098,123.445961,13.524447,0.067170,0.878020,0.119866,0.458478,-13.770665,87.980194,11.253420,0.064113,0.877429,-0.085432,0.467665,-14.070420,52.113819,1.111921,-0.035402,0.937868,0.022923,0.344419,-23.171251,5.895624,5.366526,-0.105863,0.889565,-0.041827,0.442400,-2.778842,87.910805,25.165609,0.010357,0.883446,-0.066170,0.463721,2.862003,51.602875,31.430738,-0.031276,0.795683,0.043744,0.603321,-0.906084,4.729757,36.506184,-0.035402,0.937868,0.022923,0.344419,-14.128193,1.049748,-4.869769,-0.031276,0.795683,0.043744,0.603321,12.415920,0.428190,32.756279
867,7.225000,-0.014877,0.898531,0.034987,0.437260,-8.175537,87.936623,18.155851,-0.074194,0.887791,0.122118,0.437505,-8.592310,95.185150,18.518337,-0.038898,0.893190,0.084610,0.439931,-11.600097,107.276726,20.433384,-0.009648,0.899512,-0.085577,0.428324,-13.758426,122.012222,22.186668,0.042177,0.883867,-0.215789,0.412838,-11.620387,135.291290,18.861067,-0.023625,0.832529,0.206038,0.513698,-16.005335,116.359016,19.396152,0.302711,-0.354677,0.193472,-0.863214,-24.210686,119.360771,4.329236,0.223390,0.405200,-0.507320,-0.727006,-7.383318,105.651306,-8.042286,0.349005,0.446232,-0.385471,-0.728344,-4.341188,123.464859,-1.012760,-0.143708,0.918632,0.153913,0.334326,-11.680731,116.323853,25.015327,0.351001,0.859699,0.106969,-0.355351,1.123307,119.129982,36.484093,-0.063858,0.211737,0.508250,-0.832329,13.641128,105.951630,19.343521,0.059841,0.031904,0.474743,-0.877508,5.741607,123.470512,13.573532,0.067576,0.878087,0.117890,0.458801,-13.646883,87.970863,11.180421,0.064673,0.878306,-0.085060,0.466006,-14.038216,52.073551,1.152170,-0.035533,0.937884,0.023530,0.344321,-23.161030,5.856165,5.368328,-0.104678,0.889055,-0.043254,0.443568,-2.704191,87.902382,25.131283,0.009647,0.882933,-0.065727,0.464776,2.803225,51.584900,31.459417,-0.031813,0.796060,0.043153,0.602838,-0.892259,4.704926,36.524883,-0.035533,0.937884,0.023530,0.344321,-14.117130,1.026975,-4.875095,-0.031813,0.796060,0.043153,0.602838,12.426149,0.399306,32.766884
868,7.233333,-0.015288,0.897732,0.035518,0.438841,-8.075483,87.928734,18.101368,-0.075129,0.886786,0.123431,0.439011,-8.501639,95.176537,18.467415,-0.039303,0.892326,0.085423,0.441490,-11.547908,107.257568,20.395718,-0.009864,0.899113,-0.083253,0.429613,-13.730801,121.987961,22.161404,0.041203,0.883377,-0.217727,0.412967,-11.618908,135.285599,18.893810,-0.024498,0.831314,0.207269,0.515127,-15.960747,116.335800,19.355228,0.301384,-0.352585,0.194192,-0.864374,-24.113400,119.345581,4.261334,0.223824,0.406956,-0.507039,-0.726086,-7.226017,105.648872,-8.042372,0.349363,0.447716,-0.384016,-0.728030,-4.227685,123.461464,-0.982801,-0.144996,0.917497,0.155083,0.336340,-11.656073,116.298317,24.989670,0.350329,0.860072,0.108012,-0.354794,1.087973,119.115425,36.522381,-0.064756,0.212198,0.508071,-0.832251,13.649127,105.974915,19.384449,0.059103,0.032400,0.474152,-0.877860,5.749936,123.495529,13.617425,0.067931,0.878152,0.116079,0.459086,-13.522055,87.961754,11.106568,0.065311,0.879249,-0.084825,0.464177,-13.996415,52.036442,1.182706,-0.035382,0.937877,0.024307,0.344302,-23.153009,5.823123,5.370078,-0.103393,0.888484,-0.044685,0.444870,-2.628912,87.895714,25.096169,0.009058,0.881571,-0.064997,0.467467,2.737307,51.567684,31.484777,-0.033084,0.795733,0.042336,0.603260,-0.892221,4.677620,36.504421,-0.035382,0.937877,0.024307,0.344302,-14.108828,1.012219,-4.881702,-0.033084,0.795733,0.042336,0.603260,12.435191,0.375228,32.774746
869,7.241667,-0.015031,0.896922,0.035614,0.440497,-7.998199,87.930153,18.052853,-0.075852,0.885843,0.124503,0.440485,-8.422302,95.177971,18.421009,-0.039682,0.891502,0.086369,0.442933,-11.496460,107.237915,20.357647,-0.009827,0.898576,-0.082979,0.430788,-13.704765,121.962532,22.139771,0.040068,0.883046,-0.218431,0.413415,-11.589481,135.262451,18.883696,-0.025357,0.829859,0.208802,0.516810,-15.917933,116.311943,19.317196,0.300823,-0.350887,0.194665,-0.865153,-24.008612,119.337914,4.193220,0.224565,0.409265,-0.506312,-0.725066,-7.070747,105.648590,-8.049129,0.349989,0.449209,-0.383043,-0.727322,-4.116462,123.455322,-0.947813,-0.145748,0.916530,0.155460,0.338472,-11.631786,116.271103,24.965721,0.349299,0.860548,0.109245,-0.354277,1.054525,119.091370,36.561142,-0.065732,0.212603,0.507694,-0.832302,13.669976,106.005844,19.421028,0.057811,0.032052,0.473825,-0.878134,5.761728,123.525551,13.658553,0.068179,0.877832,0.114269,0.460115,-13.419095,87.969269,11.038165,0.065983,0.880352,-0.084427,0.462060,-13.961246,52.015388,1.221815,-0.035537,0.937929,0.024586,0.344126,-23.146275,5.804053,5.368654,-0.102321,0.887654,-0.045615,0.446676,-2.577304,87.891045,25.067537,0.008197,0.880037,-0.064506,0.470432,2.674578,51.552834,31.493155,-0.031963,0.795445,0.044004,0.603580,-0.878290,4.655355,36.498302,-0.035537,0.937929,0.024586,0.344126,-14.103640,1.001681,-4.888488,-0.031963,0.795445,0.044004,0.603580,12.452502,0.371024,32.759930
870,7.250000,-0.015788,0.896031,0.036282,0.442225,-7.887771,87.916313,17.997875,-0.076749,0.884754,0.126296,0.442007,-8.326730,95.163094,18.369030,-0.040173,0.890594,0.087335,0.444524,-11.445030,107.214119,20.330259,-0.010039,0.898123,-0.082147,0.431887,-13.682374,121.932533,22.127409,0.039190,0.882803,-0.219351,0.413531,-11.576720,135.239273,18.892979,-0.025755,0.829179,0.209183,0.517728,-15.876575,116.283012,19.287914,0.299987,-0.349269,0.194381,-0.866161,-23.933474,119.311630,4.146446,0.225179,0.411241,-0.505293,-0.724468,-6.933477,105.663704,-8.055968,0.350613,0.450818,-0.381855,-0.726650,-4.002249,123.456238,-0.912122,-0.146565,0.915695,0.155974,0.340138,-11.611002,116.239838,24.951975,0.348169,0.861092,0.110345,-0.353726,1.027615,119.066826,36.597736,-0.066484,0.212754,0.506996,-0.832629,13.701921,106.036842,19.458719,0.057437,0.032484,0.472214,-0.879011,5.769789,123.542419,13.703283,0.068887,0.877919,0.111790,0.460452,-13.281207,87.949966,10.962029,0.066663,0.881678,-0.084356,0.459440,-13.952398,51.961540,1.281155,-0.036334,0.937881,0.025657,0.344095,-23.178381,5.757597,5.419372,-0.100759,0.886692,-0.046696,0.448826,-2.494335,87.882660,25.033724,0.007256,0.878156,-0.064237,0.473986,2.603542,51.528252,31.491667,-0.034132,0.795511,0.042871,0.603456,-0.879404,4.626128,36.502430,-0.036334,0.937881,0.025657,0.344095,-14.125660,0.990442,-4.845298,-0.034132,0.795511,0.042871,0.603456,12.460278,0.353137,32.782837
871,7.258333,-0.015985,0.895196,0.036677,0.443874,-7.795975,87.910164,17.943689,-0.077315,0.883740,0.127769,0.443510,-8.240718,95.156433,18.317894,-0.040710,0.889698,0.088159,0.446104,-11.390163,107.192863,20.299002,-0.010341,0.897692,-0.081170,0.432958,-13.655930,121.905640,22.106678,0.038296,0.882611,-0.220120,0.413616,-11.564012,135.220322,18.896151,-0.026096,0.828346,0.210188,0.518636,-15.831377,116.256500,19.252048,0.299977,-0.347712,0.194177,-0.866836,-23.854872,119.300804,4.095997,0.226209,0.412956,-0.504326,-0.723846,-6.796710,105.678650,-8.053918,0.350598,0.452660,-0.380509,-0.726219,-3.883063,123.459602,-0.885032,-0.147316,0.914708,0.156506,0.342217,-11.586376,116.212418,24.931536,0.347114,0.861560,0.111083,-0.353394,0.995124,119.040642,36.638676,-0.067812,0.213266,0.506653,-0.832599,13.717824,106.059143,19.498726,0.056466,0.032833,0.470993,-0.879716,5.780800,123.564735,13.752738,0.069131,0.878000,0.109692,0.460766,-13.163383,87.945099,10.887972,0.067553,0.883303,-0.083684,0.456300,-13.920368,51.924538,1.333766,-0.036860,0.937863,0.026423,0.344029,-23.176937,5.721223,5.410261,-0.099481,0.885364,-0.047640,0.451625,-2.428566,87.875229,24.999407,0.006295,0.876246,-0.063788,0.477581,2.533464,51.508377,31.493013,-0.034382,0.795266,0.043392,0.603727,-0.870075,4.599586,36.495949,-0.036860,0.937863,0.026423,0.344029,-14.118436,0.978824,-4.860776,-0.034382,0.795266,0.043392,0.603727,12.476603,0.342301,32.783447
872,7.266667,-0.016182,0.894373,0.037049,0.445492,-7.705463,87.903099,17.890423,-0.077930,0.882753,0.129177,0.444957,-8.155852,95.148880,18.267380,-0.041245,0.888830,0.089089,0.447598,-11.337094,107.172226,20.266659,-0.010699,0.897253,-0.080278,0.434027,-13.632493,121.878746,22.087820,0.037394,0.882373,-0.220833,0.413827,-11.554732,135.200729,18.898457,-0.026712,0.827224,0.211375,0.519912,-15.789084,116.230324,19.217508,0.298242,-0.345863,0.194576,-0.868085,-23.765299,119.288696,4.039346,0.226449,0.414517,-0.503666,-0.723337,-6.650795,105.694832,-8.062919,0.350743,0.454498,-0.379149,-0.725711,-3.761017,123.467506,-0.856232,-0.148082,0.913812,0.157382,0.343876,-11.563645,116.184708,24.911554,0.345682,0.862234,0.112040,-0.352850,0.970332,119.013176,36.669510,-0.069310,0.213435,0.505677,-0.833026,13.761791,106.095528,19.532495,0.055146,0.033711,0.469858,-0.880373,5.789474,123.587227,13.806011,0.069216,0.878223,0.107744,0.460787,-13.047251,87.939140,10.815291,0.068480,0.885065,-0.082985,0.452862,-13.877728,51.887894,1.383702,-0.037542,0.937871,0.027083,0.343881,-23.166046,5.685493,5.397855,-0.097937,0.883603,-0.048470,0.455307,-2.363675,87.867065,24.965555,0.004930,0.873862,-0.063224,0.482020,2.442347,51.483440,31.482489,-0.033677,0.794940,0.045251,0.604060,-0.847996,4.566422,36.483990,-0.037542,0.937871,0.027083,0.343881,-14.102352,0.966654,-4.879450,-0.033677,0.794940,0.045251,0.604060,12.506160,0.338402,32.764923
873,7.275000,-0.016462,0.893436,0.037564,0.447314,-7.614470,87.887955,17.834562,-0.078808,0.881769,0.130595,0.446338,-8.072606,95.133041,18.215443,-0.041380,0.888081,0.089988,0.448890,-11.293345,107.149216,20.231359,-0.010748,0.896874,-0.079591,0.434934,-13.606964,121.850571,22.071070,0.036235,0.882258,-0.221292,0.413930,-11.534214,135.177963,18.901043,-0.027235,0.826140,0.212309,0.521226,-15.750213,116.205215,19.184782,0.297392,-0.344293,0.194494,-0.869018,-23.677774,119.276192,3.983694,0.226938,0.416045,-0.502823,-0.722893,-6.507553,105.714821,-8.076035,0.350604,0.456142,-0.377765,-0.725469,-3.634199,123.475853,-0.836033,-0.148940,0.912945,0.158267,0.345398,-11.541359,116.153503,24.891045,0.344400,0.862841,0.112178,-0.352576,0.947186,118.985817,36.696316,-0.071030,0.213782,0.505124,-0.833128,13.792515,106.113876,19.565218,0.054138,0.034153,0.468881,-0.880939,5.802357,123.607788,13.858634,0.069574,0.878233,0.105558,0.461220,-12.927248,87.925102,10.737629,0.069288,0.886126,-0.082361,0.450773,-13.852904,51.842808,1.434536,-0.037964,0.937728,0.028084,0.344147,-23.172812,5.641177,5.383780,-0.096735,0.882056,-0.049267,0.458468,-2.301693,87.850807,24.931496,0.004013,0.872269,-0.062949,0.484941,2.375298,51.455532,31.477207,-0.034900,0.795062,0.044651,0.603875,-0.843435,4.534447,36.487167,-0.037964,0.937728,0.028084,0.344147,-14.096576,0.952325,-4.896179,-0.034900,0.795062,0.044651,0.603875,12.514819,0.313693,32.774590
874,7.283333,-0.016480,0.892538,0.037887,0.449077,-7.533088,87.871841,17.780499,-0.079342,0.880783,0.131904,0.447803,-7.994308,95.116562,18.164545,-0.041762,0.887248,0.090664,0.450363,-11.244861,107.123199,20.197556,-0.010875,0.896497,-0.078727,0.435864,-13.580717,121.819939,22.046001,0.035186,0.882255,-0.221568,0.413879,-11.516947,135.154099,18.898668,-0.027589,0.825144,0.212974,0.522512,-15.708047,116.175522,19.146133,0.296858,-0.342675,0.194084,-0.869931,-23.588175,119.258896,3.922904,0.227411,0.417811,-0.502099,-0.722229,-6.354462,105.739632,-8.093461,0.350675,0.457588,-0.376662,-0.725097,-3.510376,123.488319,-0.818486,-0.149763,0.911977,0.159667,0.346952,-11.518431,116.121933,24.866518,0.342655,0.863643,0.112130,-0.352329,0.924074,118.949890,36.721348,-0.072754,0.214342,0.504223,-0.833381,13.838044,106.137230,19.597403,0.053142,0.034576,0.468229,-0.881330,5.818910,123.627213,13.900718,0.070353,0.877822,0.103472,0.462356,-12.817843,87.912712,10.662692,0.069593,0.886979,-0.081835,0.449142,-13.855238,51.806034,1.466632,-0.038358,0.937660,0.028941,0.344217,-23.171249,5.600235,5.376069,-0.095797,0.880804,-0.050015,0.460983,-2.248333,87.830963,24.898302,0.003307,0.871098,-0.062647,0.487085,2.323123,51.427769,31.474463,-0.035638,0.795013,0.044915,0.603877,-0.835934,4.502625,36.484306,-0.038358,0.937660,0.028941,0.344217,-14.087396,0.937295,-4.908949,-0.035638,0.795013,0.044915,0.603877,12.529031,0.300129,32.775162
875,7.291667,-0.016684,0.891659,0.038146,0.450790,-7.451921,87.853134,17.729298,-0.079983,0.879861,0.133023,0.449169,-7.918225,95.097473,18.114475,-0.041874,0.886501,0.091441,0.451665,-11.199202,107.097092,20.159771,-0.010590,0.896141,-0.078170,0.436702,-13.551161,121.789314,22.023705,0.033860,0.882366,-0.221487,0.413796,-11.483125,135.127502,18.896311,-0.028278,0.823834,0.214138,0.524064,-15.665862,116.147766,19.109013,0.295148,-0.340924,0.194259,-0.871161,-23.488087,119.245384,3.858833,0.227310,0.419181,-0.501807,-0.721670,-6.197924,105.761719,-8.116367,0.350233,0.459435,-0.375195,-0.724903,-3.386758,123.502686,-0.807207,-0.150657,0.911111,0.160632,0.348391,-11.493025,116.088501,24.841597,0.341403,0.864355,0.113042,-0.351505,0.905273,118.920563,36.741680,-0.074302,0.214634,0.503524,-0.833592,13.891021,106.161201,19.632227,0.052185,0.035293,0.466713,-0.882162,5.847573,123.648598,13.952410,0.071328,0.877418,0.101607,0.463385,-12.709230,87.894264,10.591194,0.069737,0.887402,-0.081591,0.448327,-13.864815,51.769363,1.481137,-0.038623,0.937542,0.029719,0.344441,-23.179016,5.561683,5.372716,-0.094990,0.879905,-0.050730,0.462786,-2.194614,87.812004,24.867401,0.002686,0.870741,-0.062655,0.487726,2.286054,51.402699,31.472149,-0.036050,0.795429,0.045158,0.603286,-0.825857,4.477281,36.508980,-0.038623,0.937542,0.029719,0.344441,-14.085698,0.921456,-4.914214,-0.036050,0.795429,0.045158,0.603286,12.537897,0.287065,32.781612
876,7.300000,-0.016976,0.890807,0.038396,0.452438,-7.370930,87.836281,17.682774,-0.080142,0.879105,0.132350,0.450816,-7.843366,95.080200,18.068394,-0.042399,0.885585,0.092728,0.453147,-11.125919,107.089905,20.092157,-0.010667,0.895763,-0.076654,0.437742,-13.512241,121.773682,21.978762,0.032619,0.882393,-0.221541,0.413810,-11.459279,135.123352,18.890665,-0.028474,0.823077,0.215382,0.524733,-15.606153,116.134285,19.044983,0.295515,-0.339337,0.194046,-0.871704,-23.403530,119.254753,3.786749,0.228539,0.420661,-0.500822,-0.721104,-6.055309,105.792274,-8.128147,0.349683,0.461724,-0.374136,-0.724262,-3.255463,123.519325,-0.805458,-0.151105,0.910041,0.161096,0.350771,-11.452971,116.070877,24.791775,0.339851,0.865232,0.113602,-0.350670,0.882653,118.892578,36.759251,-0.076128,0.215272,0.502635,-0.833799,13.950482,106.190407,19.669750,0.051007,0.036110,0.465181,-0.883007,5.881914,123.670372,14.000869,0.072460,0.876785,0.099906,0.464775,-12.601656,87.876167,10.525166,0.069729,0.887720,-0.081459,0.447722,-13.876242,51.737846,1.484517,-0.038948,0.937494,0.030459,0.344471,-23.181618,5.528030,5.371761,-0.094350,0.879009,-0.051459,0.464535,-2.140205,87.796387,24.840380,0.002493,0.869845,-0.062283,0.489371,2.260351,51.383610,31.479725,-0.036421,0.795103,0.045536,0.603665,-0.827938,4.453698,36.489136,-0.038948,0.937494,0.030459,0.344471,-14.082578,0.910036,-4.920109,-0.036421,0.795103,0.045536,0.603665,12.543872,0.278102,32.774300
877,7.308333,-0.017057,0.889991,0.038566,0.454023,-7.310009,87.822639,17.636356,-0.080598,0.878137,0.133271,0.452347,-7.785306,95.066330,18.022795,-0.042312,0.884737,0.093220,0.454709,-11.091368,107.067017,20.055267,-0.010372,0.895340,-0.076258,0.438684,-13.485355,121.748268,21.951767,0.031324,0.882571,-0.221052,0.413791,-11.425572,135.100708,18.880299,-0.029092,0.821790,0.216274,0.526346,-15.568626,116.112366,19.003736,0.294771,-0.337683,0.193702,-0.872674,-23.305712,119.244888,3.717300,0.228878,0.422139,-0.500322,-0.720480,-5.894866,105.824982,-8.154212,0.349446,0.463524,-0.373154,-0.723733,-3.123702,123.545517,-0.802174,-0.151737,0.909257,0.161724,0.352240,-11.435442,116.042122,24.764851,0.338079,0.866324,0.115092,-0.349198,0.857541,118.863724,36.776154,-0.077537,0.215850,0.501134,-0.834423,14.036885,106.237373,19.716129,0.049572,0.037244,0.463550,-0.883899,5.919888,123.689224,14.047644,0.073443,0.875862,0.098438,0.466670,-12.515209,87.863937,10.460172,0.069674,0.887728,-0.081536,0.447701,-13.885999,51.714622,1.477757,-0.039247,0.937401,0.030911,0.344650,-23.189909,5.505267,5.373942,-0.094156,0.878221,-0.052074,0.465994,-2.104808,87.781342,24.812540,0.002463,0.869555,-0.062045,0.489916,2.250529,51.370575,31.492626,-0.036577,0.795011,0.045834,0.603754,-0.827402,4.437849,36.482029,-0.039247,0.937401,0.030911,0.344650,-14.082919,0.901971,-4.917478,-0.036577,0.795011,0.045834,0.603754,12.547851,0.271477,32.769215
878,7.316667,-0.017143,0.889124,0.038668,0.455708,-7.245998,87.805542,17.590939,-0.080466,0.877212,0.133967,0.453957,-7.723811,95.049072,17.977221,-0.042834,0.883790,0.093671,0.456407,-11.037573,107.042519,20.019684,-0.010145,0.894907,-0.075458,0.439710,-13.455118,121.719910,21.916201,0.030130,0.882810,-0.220503,0.413663,-11.394658,135.078156,18.870533,-0.029575,0.820586,0.216913,0.527933,-15.520609,116.083633,18.956396,0.293402,-0.335876,0.193344,-0.873911,-23.198431,119.227257,3.642382,0.228688,0.423637,-0.500152,-0.719779,-5.719855,105.860580,-8.189608,0.349014,0.465168,-0.372043,-0.723458,-2.991000,123.574402,-0.801423,-0.152413,0.908371,0.162446,0.353898,-11.409990,116.014206,24.733643,0.336925,0.866994,0.115686,-0.348453,0.835063,118.834305,36.794159,-0.079669,0.216701,0.500825,-0.834187,14.079309,106.252670,19.751366,0.048304,0.038394,0.462271,-0.884589,5.963169,123.713829,14.097285,0.074158,0.875217,0.097103,0.468046,-12.423972,87.847725,10.395086,0.069843,0.888103,-0.081610,0.446917,-13.874349,51.686806,1.472049,-0.039713,0.937323,0.031333,0.344771,-23.192015,5.480820,5.375369,-0.094052,0.877688,-0.052698,0.466949,-2.068024,87.763367,24.786791,0.002564,0.869518,-0.061882,0.490003,2.251321,51.356010,31.508709,-0.037029,0.794976,0.045959,0.603764,-0.827913,4.421437,36.479767,-0.039713,0.937323,0.031333,0.344771,-14.076823,0.893111,-4.915757,-0.037029,0.794976,0.045959,0.603764,12.551305,0.265452,32.769592
879,7.325000,-0.017286,0.888415,0.038710,0.457079,-7.191981,87.792809,17.548183,-0.080805,0.876312,0.134831,0.455376,-7.672506,95.036224,17.933325,-0.042765,0.882976,0.094031,0.457912,-11.007400,107.025078,19.985527,-0.009657,0.894420,-0.075503,0.440703,-13.431226,121.700623,21.888308,0.028732,0.883003,-0.219537,0.413865,-11.353781,135.058212,18.851301,-0.030072,0.819230,0.217164,0.529904,-15.486787,116.067268,18.916052,0.293262,-0.334348,0.192704,-0.874685,-23.090944,119.217644,3.566717,0.229137,0.425369,-0.499620,-0.718983,-5.548854,105.896210,-8.222205,0.348870,0.466606,-0.371028,-0.723123,-2.856252,123.603439,-0.802413,-0.153121,0.907549,0.163721,0.355111,-11.395607,115.992142,24.707008,0.335202,0.868037,0.115461,-0.347593,0.811938,118.807617,36.806564,-0.081745,0.217922,0.499795,-0.834286,14.143965,106.274307,19.796629,0.046969,0.039589,0.461477,-0.885023,6.007504,123.725510,14.139000,0.074678,0.874581,0.095979,0.469381,-12.347679,87.834244,10.336351,0.070075,0.888663,-0.081651,0.445759,-13.858068,51.662910,1.465637,-0.040037,0.937296,0.031782,0.344765,-23.191769,5.460641,5.374662,-0.094092,0.877493,-0.053291,0.467240,-2.036283,87.751373,24.760014,0.002778,0.869560,-0.061816,0.489935,2.262515,51.349270,31.523422,-0.036742,0.794945,0.046664,0.603767,-0.830862,4.414034,36.479424,-0.040037,0.937296,0.031782,0.344765,-14.072471,0.887698,-4.919393,-0.036742,0.794945,0.046664,0.603767,12.549870,0.268830,32.762665
880,7.333333,-0.017254,0.887682,0.038829,0.458492,-7.142757,87.782417,17.502541,-0.080855,0.875421,0.135501,0.456882,-7.624272,95.025711,17.888662,-0.042832,0.882108,0.094261,0.459529,-10.970393,107.006645,19.948427,-0.009217,0.893953,-0.075343,0.441687,-13.402605,121.680725,21.851847,0.027479,0.883295,-0.218385,0.413937,-11.311860,135.039185,18.827824,-0.030480,0.817831,0.218047,0.531675,-15.446761,116.049088,18.868484,0.291868,-0.332563,0.192813,-0.875807,-22.984570,119.219063,3.490487,0.229447,0.426437,-0.499260,-0.718502,-5.385090,105.931389,-8.250899,0.348921,0.468523,-0.369963,-0.722405,-2.713604,123.635399,-0.811448,-0.153583,0.906813,0.164360,0.356494,-11.376696,115.970612,24.674255,0.334296,0.868806,0.116511,-0.346191,0.791618,118.780945,36.814449,-0.083150,0.218855,0.499273,-0.834215,14.202539,106.284126,19.839731,0.045849,0.040774,0.460844,-0.885358,6.060359,123.734375,14.177123,0.075020,0.873978,0.094830,0.470681,-12.275539,87.826523,10.274398,0.070380,0.889153,-0.081640,0.444735,-13.835926,51.642654,1.463639,-0.039910,0.937291,0.032213,0.344753,-23.190090,5.444259,5.369504,-0.094252,0.877315,-0.053769,0.467488,-2.009976,87.738319,24.730682,0.003060,0.869876,-0.061811,0.489373,2.280390,51.342285,31.531971,-0.036890,0.794895,0.046572,0.603831,-0.832761,4.407138,36.476456,-0.039910,0.937291,0.032213,0.344753,-14.071157,0.881068,-4.929200,-0.036890,0.794895,0.046572,0.603831,12.549159,0.262398,32.763462
881,7.341667,-0.017158,0.887072,0.038707,0.459686,-7.105060,87.771347,17.461748,-0.080859,0.874672,0.135841,0.458212,-7.585045,95.014832,17.846289,-0.042515,0.881380,0.094474,0.460908,-10.937989,106.992699,19.908108,-0.008937,0.893559,-0.075044,0.442540,-13.367741,121.666382,21.817694,0.026240,0.883527,-0.217293,0.414096,-11.269888,135.026855,18.807510,-0.031188,0.816387,0.218837,0.533527,-15.406017,116.038643,18.822973,0.291830,-0.331181,0.192282,-0.876460,-22.873598,119.218758,3.412834,0.230286,0.428100,-0.498379,-0.717856,-5.218060,105.968834,-8.286979,0.349198,0.470344,-0.369007,-0.721576,-2.567574,123.664650,-0.820229,-0.154074,0.906034,0.164835,0.358040,-11.353567,115.952538,24.640947,0.333543,0.869419,0.117329,-0.345100,0.771021,118.759407,36.825619,-0.084637,0.219753,0.499011,-0.833986,14.244739,106.292831,19.878410,0.044660,0.041937,0.461072,-0.885245,6.107153,123.747421,14.216145,0.075089,0.873768,0.093958,0.471236,-12.218464,87.816963,10.219893,0.070734,0.889808,-0.081649,0.443365,-13.808876,51.621605,1.461877,-0.040375,0.937244,0.032322,0.344816,-23.187033,5.428067,5.367734,-0.094547,0.877178,-0.054100,0.467647,-1.991656,87.725739,24.703604,0.003364,0.870147,-0.061900,0.488878,2.304889,51.336514,31.537395,-0.037050,0.794940,0.046535,0.603765,-0.834604,4.402599,36.476944,-0.040375,0.937244,0.032322,0.344816,-14.061996,0.872413,-4.928903,-0.037050,0.794940,0.046535,0.603765,12.547666,0.259720,32.763126
882,7.350000,-0.016834,0.886481,0.038536,0.460851,-7.078317,87.768448,17.421377,-0.080386,0.873865,0.136067,0.459765,-7.553488,95.012276,17.805262,-0.042429,0.880464,0.094671,0.462623,-10.898871,106.978134,19.869488,-0.008827,0.893017,-0.074272,0.443764,-13.332772,121.650909,21.780714,0.024999,0.883573,-0.216346,0.414570,-11.235991,135.017059,18.795099,-0.031024,0.815729,0.219051,0.534454,-15.360758,116.025864,18.773993,0.290344,-0.329480,0.192304,-0.877589,-22.794203,119.222412,3.350757,0.230878,0.428506,-0.497593,-0.717969,-5.082954,106.009933,-8.307127,0.349621,0.471869,-0.367840,-0.720970,-2.416866,123.690926,-0.835238,-0.154401,0.905271,0.165140,0.359685,-11.330669,115.934525,24.607397,0.332649,0.870180,0.118479,-0.343649,0.749277,118.734360,36.837936,-0.085664,0.220652,0.498372,-0.834027,14.302722,106.305191,19.926855,0.043488,0.043095,0.462069,-0.884728,6.157581,123.746704,14.254026,0.074978,0.873644,0.093123,0.471648,-12.172903,87.818741,10.166302,0.071109,0.890529,-0.081511,0.441881,-13.781879,51.610493,1.465135,-0.039512,0.937257,0.033036,0.344815,-23.179213,5.419862,5.359198,-0.094921,0.877015,-0.054311,0.467851,-1.983731,87.718155,24.676451,0.003593,0.870099,-0.061981,0.488951,2.327930,51.335918,31.537842,-0.037147,0.794924,0.046312,0.603797,-0.834556,4.403105,36.473179,-0.039512,0.937257,0.033036,0.344815,-14.060598,0.873831,-4.947377,-0.037147,0.794924,0.046312,0.603797,12.547578,0.256927,32.762562
883,7.358333,-0.017171,0.886109,0.038837,0.461528,-7.034483,87.764236,17.383646,-0.080440,0.873214,0.136080,0.460987,-7.516305,95.007561,17.768774,-0.042438,0.879708,0.094794,0.464033,-10.865386,106.971359,19.827639,-0.007669,0.892407,-0.074807,0.444920,-13.304283,121.643425,21.738031,0.023393,0.883770,-0.214658,0.415120,-11.167653,135.004593,18.758343,-0.032217,0.813470,0.220664,0.537155,-15.323120,116.019928,18.722242,0.289783,-0.327991,0.192469,-0.878296,-22.653093,119.235909,3.253585,0.231647,0.429954,-0.496888,-0.717343,-4.896080,106.040207,-8.353580,0.350018,0.473464,-0.366585,-0.720371,-2.250019,123.721901,-0.857529,-0.154668,0.904482,0.165382,0.361439,-11.311575,115.925560,24.568367,0.332203,0.870701,0.119173,-0.342518,0.721437,118.716431,36.847130,-0.087357,0.221978,0.498376,-0.833496,14.328453,106.303215,19.967398,0.042267,0.045086,0.461941,-0.884755,6.206577,123.754967,14.288444,0.075091,0.873658,0.092438,0.471739,-12.117789,87.812271,10.120646,0.071415,0.890764,-0.081614,0.441338,-13.757610,51.595814,1.459505,-0.039892,0.937195,0.033136,0.344928,-23.182425,5.410898,5.354986,-0.094914,0.876864,-0.054636,0.468098,-1.951176,87.716202,24.646645,0.003752,0.870242,-0.062142,0.488676,2.346616,51.336502,31.530167,-0.037134,0.794926,0.046269,0.603798,-0.834868,4.405684,36.472256,-0.039892,0.937195,0.033136,0.344928,-14.057451,0.871348,-4.948820,-0.037134,0.794926,0.046269,0.603798,12.546973,0.258332,32.761887
884,7.366667,-0.017113,0.885639,0.038907,0.462425,-7.004932,87.759903,17.343374,-0.079948,0.872513,0.136362,0.462316,-7.486874,95.003174,17.729301,-0.042655,0.878871,0.094738,0.465609,-10.833942,106.975555,19.796457,-0.006331,0.891735,-0.074835,0.446282,-13.281186,121.647385,21.697947,0.021744,0.883858,-0.213403,0.415670,-11.105587,135.006958,18.739397,-0.032012,0.812765,0.220406,0.538339,-15.288596,116.023659,18.674967,0.288282,-0.326516,0.192725,-0.879283,-22.574673,119.250488,3.187843,0.232468,0.430255,-0.495609,-0.717782,-4.774360,106.079903,-8.381454,0.351051,0.474378,-0.365419,-0.719860,-2.090119,123.744392,-0.876760,-0.154583,0.903890,0.165696,0.362811,-11.298082,115.929749,24.535475,0.331875,0.871233,0.120587,-0.340984,0.701243,118.702850,36.851166,-0.088734,0.222943,0.498206,-0.833195,14.371532,106.310036,20.007614,0.040778,0.046673,0.461534,-0.884955,6.260401,123.765053,14.326230,0.075203,0.873654,0.091795,0.471854,-12.073576,87.810173,10.070151,0.071467,0.890394,-0.081898,0.442022,-13.742497,51.586140,1.446317,-0.039771,0.937168,0.033320,0.344998,-23.186319,5.406317,5.356101,-0.095172,0.876793,-0.054806,0.468159,-1.936289,87.709633,24.616600,0.003987,0.870473,-0.062369,0.488232,2.371682,51.334976,31.520397,-0.037041,0.794934,0.046328,0.603790,-0.837089,4.407003,36.471897,-0.039771,0.937168,0.033320,0.344998,-14.060524,0.870322,-4.948539,-0.037041,0.794934,0.046328,0.603790,12.544300,0.259379,32.760204
885,7.375000,-0.016799,0.885310,0.038707,0.463082,-6.989241,87.752258,17.302860,-0.079413,0.871930,0.136103,0.463581,-7.466071,94.995918,17.687981,-0.042621,0.878083,0.094996,0.467043,-10.800059,106.966911,19.750252,-0.005539,0.891081,-0.074817,0.447601,-13.253100,121.637360,21.654930,0.020467,0.883781,-0.212079,0.416576,-11.052564,134.996262,18.711836,-0.032916,0.810628,0.221886,0.540892,-15.250869,116.015984,18.621237,0.288191,-0.325586,0.192577,-0.879690,-22.438917,119.267181,3.093454,0.233506,0.431806,-0.494232,-0.717463,-4.605445,106.114044,-8.444596,0.351927,0.475433,-0.363738,-0.719587,-1.919937,123.767212,-0.908828,-0.154706,0.903195,0.165790,0.364443,-11.279291,115.917526,24.494518,0.331495,0.871781,0.121787,-0.339524,0.677362,118.680153,36.853992,-0.089855,0.224139,0.498140,-0.832793,14.409908,106.306351,20.047132,0.039427,0.047701,0.462031,-0.884702,6.318969,123.762604,14.352448,0.075121,0.873585,0.091520,0.472048,-12.047296,87.806381,10.022298,0.071530,0.889793,-0.082443,0.443119,-13.718862,51.577663,1.418646,-0.039334,0.937128,0.033433,0.345147,-23.195293,5.407164,5.359501,-0.095394,0.876572,-0.054860,0.468520,-1.931186,87.698135,24.583424,0.004043,0.870473,-0.062611,0.488202,2.386364,51.327087,31.500193,-0.037217,0.794902,0.046318,0.603821,-0.838007,4.402015,36.468990,-0.039334,0.937128,0.033433,0.345147,-14.070114,0.869768,-4.945069,-0.037217,0.794902,0.046318,0.603821,12.544886,0.257152,32.759632
886,7.383333,-0.016965,0.885081,0.038820,0.463506,-6.963181,87.756767,17.265944,-0.079486,0.871444,0.135612,0.464626,-7.443097,95.000214,17.651163,-0.042107,0.877473,0.095484,0.468136,-10.771595,106.960045,19.695585,-0.005220,0.890710,-0.074310,0.448427,-13.220294,121.629013,21.617195,0.019645,0.883794,-0.211230,0.417018,-11.014544,134.991302,18.693438,-0.033130,0.809392,0.222173,0.542610,-15.214303,116.013542,18.570120,0.285854,-0.324061,0.193306,-0.880854,-22.337017,119.278809,3.015213,0.233896,0.431666,-0.493337,-0.718036,-4.468113,106.142166,-8.486743,0.352510,0.476327,-0.361989,-0.719592,-1.743385,123.788345,-0.943876,-0.154482,0.902574,0.165329,0.366281,-11.256601,115.903603,24.452559,0.331081,0.872174,0.122719,-0.338583,0.655674,118.651108,36.858170,-0.091327,0.225059,0.498177,-0.832363,14.433816,106.298912,20.072750,0.038278,0.049594,0.463163,-0.884056,6.359781,123.766945,14.379960,0.074981,0.873583,0.091453,0.472087,-12.014176,87.809563,9.980472,0.071704,0.889235,-0.083176,0.444075,-13.678694,51.578373,1.385891,-0.039629,0.937069,0.032761,0.345338,-23.204201,5.421719,5.370373,-0.095275,0.876482,-0.054910,0.468708,-1.912187,87.703964,24.551416,0.003941,0.870298,-0.062896,0.488477,2.394400,51.331623,31.468224,-0.037524,0.794890,0.045661,0.603869,-0.836292,4.409859,36.464104,-0.039629,0.937069,0.032761,0.345338,-14.073792,0.870207,-4.923330,-0.037524,0.794890,0.045661,0.603869,12.545938,0.255636,32.762848
887,7.391667,-0.016498,0.884835,0.038674,0.464004,-6.954601,87.751427,17.224165,-0.078456,0.870883,0.135357,0.465924,-7.427745,94.995262,17.610397,-0.042171,0.876607,0.095728,0.469699,-10.733657,106.959740,19.656597,-0.004632,0.889989,-0.074619,0.449811,-13.190863,121.627136,21.579269,0.018632,0.883623,-0.209991,0.418051,-10.960908,134.986633,18.661074,-0.032830,0.808933,0.221813,0.543459,-15.173403,116.013466,18.521410,0.285721,-0.323185,0.192913,-0.881306,-22.264692,119.287476,2.953984,0.235237,0.431508,-0.491612,-0.718876,-4.359873,106.178452,-8.523618,0.353132,0.476918,-0.360519,-0.719635,-1.565031,123.807106,-0.983787,-0.154448,0.901998,0.165375,0.367690,-11.236566,115.900078,24.417768,0.331679,0.872203,0.124855,-0.337137,0.640047,118.634705,36.860363,-0.091664,0.225744,0.498914,-0.831699,14.447180,106.283035,20.098396,0.037381,0.050122,0.463574,-0.883849,6.417377,123.762810,14.399859,0.074765,0.873454,0.091509,0.472351,-11.997674,87.810768,9.933258,0.071691,0.888778,-0.083799,0.444873,-13.643651,51.577915,1.342121,-0.039102,0.937121,0.032640,0.345267,-23.197481,5.430925,5.370467,-0.095498,0.876451,-0.054879,0.468724,-1.911527,87.692085,24.515074,0.003951,0.870282,-0.063238,0.488462,2.410476,51.322662,31.437672,-0.037578,0.794863,0.045712,0.603896,-0.836762,4.404986,36.461117,-0.039102,0.937121,0.032640,0.345267,-14.073955,0.870942,-4.925591,-0.037578,0.794863,0.045712,0.603896,12.546367,0.252814,32.760803
888,7.400000,-0.016367,0.884715,0.038769,0.464228,-6.935194,87.749947,17.187208,-0.078437,0.870349,0.135040,0.467016,-7.407387,94.993744,17.575424,-0.041918,0.875906,0.095835,0.471007,-10.712317,106.962189,19.611242,-0.004317,0.889403,-0.074027,0.451070,-13.167243,121.629623,21.536636,0.018047,0.883300,-0.209301,0.419105,-10.931305,134.993134,18.641575,-0.033153,0.807475,0.222644,0.545265,-15.143922,116.019058,18.469288,0.284229,-0.321816,0.193833,-0.882087,-22.165972,119.315384,2.875206,0.236273,0.431094,-0.490411,-0.719604,-4.234825,106.201790,-8.555980,0.354272,0.477174,-0.359123,-0.719602,-1.380601,123.823502,-1.024640,-0.154080,0.901412,0.165262,0.369329,-11.224228,115.899612,24.376934,0.331951,0.872327,0.125890,-0.336164,0.614264,118.611565,36.860752,-0.092695,0.226800,0.499571,-0.830902,14.445150,106.257339,20.120260,0.036296,0.051114,0.464197,-0.883511,6.459688,123.758957,14.415966,0.074476,0.873354,0.091896,0.472505,-11.974658,87.812317,9.893829,0.071841,0.888295,-0.084644,0.445653,-13.586585,51.581554,1.287425,-0.039108,0.937182,0.032018,0.345161,-23.191517,5.450058,5.371340,-0.095415,0.876384,-0.054842,0.468870,-1.895730,87.687576,24.480587,0.003854,0.870046,-0.063594,0.488836,2.421088,51.316666,31.398582,-0.037619,0.794810,0.045675,0.603967,-0.836780,4.403192,36.454315,-0.039108,0.937182,0.032018,0.345161,-14.071857,0.874113,-4.921062,-0.037619,0.794810,0.045675,0.603967,12.547096,0.250870,32.756882
889,7.408333,-0.016305,0.884634,0.038872,0.464377,-6.920408,87.750092,17.150229,-0.078284,0.869919,0.134495,0.468000,-7.392572,94.993797,17.540104,-0.041484,0.875298,0.095887,0.472164,-10.689618,106.964287,19.562008,-0.003166,0.888633,-0.075003,0.452433,-13.136458,121.632507,21.491722,0.017064,0.882971,-0.207762,0.420602,-10.854642,134.987564,18.593416,-0.033133,0.806391,0.222931,0.546752,-15.110363,116.025879,18.415403,0.282943,-0.320953,0.194317,-0.882708,-22.075891,119.341003,2.799973,0.237112,0.430622,-0.488669,-0.720795,-4.126395,106.232956,-8.608745,0.355009,0.476881,-0.357555,-0.720213,-1.190815,123.835312,-1.071923,-0.153809,0.900824,0.165205,0.370899,-11.205634,115.898750,24.332792,0.332298,0.872397,0.126898,-0.335260,0.595280,118.590752,36.856441,-0.093654,0.227666,0.500287,-0.830127,14.444956,106.231415,20.135269,0.035336,0.051817,0.464449,-0.883376,6.503113,123.755219,14.430487,0.074285,0.873165,0.092334,0.472800,-11.957466,87.814400,9.855206,0.071891,0.887806,-0.085516,0.446452,-13.538443,51.587521,1.226713,-0.038766,0.937212,0.031441,0.345171,-23.187510,5.470747,5.372370,-0.095435,0.876340,-0.054727,0.468961,-1.883350,87.685783,24.445253,0.003821,0.869957,-0.064023,0.488939,2.438090,51.314217,31.356890,-0.037848,0.794755,0.045336,0.604050,-0.837455,4.405892,36.448826,-0.038766,0.937212,0.031441,0.345171,-14.072418,0.876583,-4.915961,-0.037848,0.794755,0.045336,0.604050,12.547120,0.249957,32.757984
890,7.416667,-0.016266,0.884444,0.038880,0.464739,-6.921229,87.754837,17.123985,-0.077801,0.869526,0.133477,0.469101,-7.393100,94.998558,17.514029,-0.041249,0.874638,0.096054,0.473372,-10.668535,106.970612,19.514660,-0.002717,0.887966,-0.075179,0.453716,-13.114216,121.638443,21.448685,0.016663,0.882568,-0.206750,0.421961,-10.813692,134.991760,18.557156,-0.033215,0.805312,0.223203,0.548224,-15.082290,116.034950,18.362936,0.282093,-0.320309,0.194551,-0.883162,-21.991507,119.365631,2.725813,0.238239,0.430296,-0.486571,-0.722036,-4.025940,106.265549,-8.666747,0.356157,0.476566,-0.356106,-0.720573,-1.000416,123.847473,-1.120794,-0.153447,0.900355,0.165202,0.372187,-11.193476,115.901756,24.290665,0.332491,0.872525,0.127723,-0.334421,0.577988,118.572510,36.846542,-0.094722,0.228439,0.500859,-0.829448,14.449328,106.211128,20.144861,0.034489,0.052683,0.464668,-0.883244,6.544848,123.752472,14.444340,0.073796,0.873264,0.092882,0.472585,-11.952348,87.820129,9.824872,0.072087,0.887590,-0.086183,0.446722,-13.484190,51.595432,1.178429,-0.038394,0.937266,0.030892,0.345114,-23.178596,5.492157,5.368215,-0.095499,0.876284,-0.054325,0.469101,-1.890110,87.689552,24.423100,0.003716,0.869571,-0.064428,0.489572,2.448569,51.315617,31.311470,-0.036865,0.794616,0.045610,0.604273,-0.840851,4.412145,36.439049,-0.038394,0.937266,0.030892,0.345114,-14.069736,0.880169,-4.917660,-0.036865,0.794616,0.045610,0.604273,12.540086,0.245702,32.746849
891,7.425000,-0.016272,0.884354,0.038918,0.464908,-6.912401,87.760010,17.093750,-0.077506,0.869190,0.132631,0.470011,-7.384674,95.003685,17.484154,-0.040869,0.874083,0.096291,0.474380,-10.644795,106.977951,19.466110,-0.001647,0.887112,-0.076475,0.455172,-13.086123,121.645355,21.408894,0.015868,0.881995,-0.205281,0.423902,-10.737309,134.987839,18.506208,-0.033402,0.804154,0.223677,0.549717,-15.050700,116.045990,18.313435,0.280457,-0.319725,0.195132,-0.883766,-21.902374,119.393471,2.654594,0.238961,0.429763,-0.484543,-0.723478,-3.929435,106.296219,-8.729600,0.357267,0.476019,-0.354550,-0.721153,-0.809901,123.855148,-1.169558,-0.153016,0.899870,0.165090,0.373585,-11.174991,115.904808,24.249556,0.332703,0.872561,0.128781,-0.333710,0.564749,118.552841,36.839901,-0.095363,0.228923,0.501376,-0.828929,14.452783,106.194725,20.149677,0.033665,0.053224,0.466012,-0.882534,6.577884,123.750809,14.452572,0.073602,0.872990,0.093542,0.472992,-11.940723,87.825676,9.792714,0.072029,0.887098,-0.087156,0.447518,-13.432358,51.608013,1.109846,-0.037581,0.937427,0.030298,0.344818,-23.166191,5.519903,5.374336,-0.095429,0.876251,-0.054038,0.469209,-1.884079,87.694351,24.394785,0.003569,0.869282,-0.064859,0.490030,2.459375,51.317120,31.262642,-0.036810,0.794489,0.045500,0.604452,-0.840592,4.418814,36.430531,-0.037581,0.937427,0.030298,0.344818,-14.073136,0.884361,-4.914938,-0.036810,0.794489,0.045500,0.604452,12.541023,0.249027,32.744564
892,7.433333,-0.016272,0.884208,0.038837,0.465191,-6.904859,87.763412,17.064970,-0.077052,0.868825,0.131919,0.470960,-7.376719,95.007172,17.454193,-0.040718,0.873485,0.096443,0.475463,-10.619277,106.981705,19.421894,-0.001553,0.886718,-0.075338,0.456129,-13.061215,121.648598,21.367765,0.016081,0.881667,-0.205282,0.424574,-10.719996,134.999374,18.497225,-0.033511,0.803237,0.224310,0.550792,-15.019854,116.051689,18.264128,0.279361,-0.319351,0.195326,-0.884206,-21.830072,119.417725,2.591193,0.240129,0.428931,-0.482073,-0.725232,-3.848974,106.330345,-8.791458,0.358462,0.475500,-0.352581,-0.721867,-0.609897,123.861183,-1.225980,-0.152752,0.899459,0.164947,0.374745,-11.158560,115.905785,24.209518,0.333122,0.872492,0.129379,-0.333240,0.553763,118.538559,36.828560,-0.095946,0.229352,0.502093,-0.828308,14.443524,106.170235,20.147326,0.033208,0.053649,0.466977,-0.882016,6.605348,123.744820,14.456120,0.073091,0.873140,0.094129,0.472677,-11.928515,87.828644,9.760722,0.072364,0.887002,-0.087874,0.447515,-13.369222,51.613617,1.058288,-0.037209,0.937445,0.029776,0.344857,-23.160921,5.541971,5.368078,-0.095415,0.876234,-0.053771,0.469274,-1.881201,87.698181,24.369219,0.003443,0.869024,-0.065244,0.490438,2.470362,51.318604,31.219513,-0.037653,0.794488,0.044461,0.604479,-0.839572,4.424959,36.423191,-0.037209,0.937445,0.029776,0.344857,-14.072007,0.889362,-4.917146,-0.037653,0.794488,0.044461,0.604479,12.543112,0.246452,32.751026
893,7.441667,-0.016101,0.884052,0.038918,0.465488,-6.904458,87.763863,17.034369,-0.076488,0.868495,0.131265,0.471842,-7.374798,95.007614,17.425629,-0.040541,0.872946,0.096437,0.476468,-10.599414,106.988098,19.382858,-0.001057,0.886151,-0.075311,0.457234,-13.038876,121.655449,21.328331,0.016153,0.881216,-0.204822,0.425728,-10.681165,135.005814,18.469378,-0.033528,0.802383,0.224648,0.551897,-14.993173,116.060516,18.218390,0.278636,-0.319198,0.195472,-0.884458,-21.760893,119.442192,2.530420,0.241469,0.428012,-0.479509,-0.727028,-3.777753,106.359612,-8.854522,0.359554,0.474979,-0.350318,-0.722768,-0.413220,123.862801,-1.287243,-0.152195,0.899086,0.164872,0.375896,-11.145249,115.910767,24.172346,0.333829,0.872253,0.131207,-0.332442,0.542889,118.518494,36.818977,-0.095929,0.229437,0.502911,-0.827790,14.435631,106.148552,20.141441,0.032749,0.053759,0.467565,-0.881714,6.632914,123.738075,14.455644,0.072541,0.873032,0.094717,0.472843,-11.923308,87.832687,9.726850,0.072579,0.886351,-0.088756,0.448594,-13.305736,51.619946,1.005451,-0.036682,0.937490,0.029213,0.344838,-23.157410,5.565989,5.367285,-0.095499,0.876202,-0.053471,0.469351,-1.885607,87.695038,24.341887,0.003307,0.868712,-0.065628,0.490939,2.481359,51.314247,31.175930,-0.037839,0.794344,0.044813,0.604630,-0.838207,4.425272,36.415401,-0.036682,0.937490,0.029213,0.344838,-14.075518,0.893678,-4.915210,-0.037839,0.794344,0.044813,0.604630,12.548950,0.257678,32.747139
894,7.450000,-0.015957,0.883886,0.038968,0.465802,-6.900677,87.762344,17.004316,-0.075656,0.868235,0.130322,0.472715,-7.369645,95.006111,17.397026,-0.040727,0.872374,0.096746,0.477436,-10.568429,107.000122,19.341707,-0.000279,0.885523,-0.075571,0.458408,-13.019292,121.665237,21.289761,0.016141,0.880738,-0.204356,0.426941,-10.634478,135.012634,18.439480,-0.033671,0.801408,0.225284,0.553045,-14.963916,116.071083,18.172361,0.276772,-0.319010,0.196181,-0.884954,-21.687122,119.471153,2.469230,0.242355,0.426813,-0.477146,-0.728990,-3.711879,106.384697,-8.923733,0.360737,0.474402,-0.347804,-0.723771,-0.220573,123.858810,-1.353042,-0.151858,0.898671,0.164919,0.377004,-11.129299,115.919899,24.134865,0.334193,0.872188,0.131754,-0.332030,0.533342,118.507912,36.809063,-0.096305,0.230120,0.503464,-0.827221,14.427609,106.129539,20.139038,0.032006,0.054031,0.468252,-0.881360,6.660241,123.730995,14.445824,0.072077,0.872724,0.095333,0.473360,-11.914421,87.834099,9.693317,0.072785,0.885707,-0.089718,0.449639,-13.239635,51.625107,0.947527,-0.036363,0.937534,0.028547,0.344807,-23.153870,5.590233,5.368620,-0.095611,0.876197,-0.053192,0.469371,-1.886933,87.690582,24.315315,0.003292,0.868678,-0.066067,0.490940,2.497049,51.309181,31.135187,-0.037056,0.794288,0.045035,0.604736,-0.841662,4.425654,36.411213,-0.036363,0.937534,0.028547,0.344807,-14.077516,0.897692,-4.909557,-0.037056,0.794288,0.045035,0.604736,12.541954,0.249743,32.739475
895,7.458333,-0.015738,0.883700,0.038824,0.466174,-6.903269,87.762917,16.977215,-0.075358,0.867898,0.129619,0.473574,-7.368608,95.006943,17.369362,-0.040454,0.871878,0.096767,0.478360,-10.554801,107.007149,19.299593,0.000840,0.884763,-0.076728,0.459681,-13.000878,121.672806,21.249548,0.016136,0.880141,-0.203460,0.428597,-10.569124,135.010101,18.391611,-0.033727,0.800489,0.225678,0.554210,-14.942503,116.081276,18.125584,0.273996,-0.318623,0.197103,-0.885752,-21.620653,119.497612,2.406763,0.242913,0.425553,-0.474758,-0.731097,-3.651188,106.412064,-8.996367,0.362299,0.473681,-0.345560,-0.724538,-0.030107,123.855530,-1.414095,-0.151355,0.898360,0.165015,0.377903,-11.120090,115.925011,24.095785,0.334337,0.872184,0.132441,-0.331622,0.524230,118.489182,36.791656,-0.096700,0.230450,0.503852,-0.826846,14.427224,106.113312,20.127056,0.031605,0.054252,0.468424,-0.881270,6.681383,123.725594,14.435654,0.071598,0.872390,0.096055,0.473902,-11.910988,87.837227,9.662114,0.072957,0.885116,-0.090665,0.450585,-13.173855,51.633389,0.885805,-0.035835,0.937579,0.027827,0.344799,-23.146721,5.617017,5.367290,-0.095832,0.876284,-0.052896,0.469196,-1.895551,87.688606,24.292316,0.003276,0.868693,-0.066421,0.490867,2.514489,51.308014,31.099707,-0.038032,0.794264,0.044410,0.604753,-0.838920,4.428914,36.405659,-0.035835,0.937579,0.027827,0.344799,-14.077613,0.900818,-4.906453,-0.038032,0.794264,0.044410,0.604753,12.548717,0.255699,32.745537
896,7.466667,-0.015706,0.883538,0.038876,0.466479,-6.900619,87.764389,16.951332,-0.075151,0.867709,0.129006,0.474122,-7.366044,95.008369,17.344206,-0.040076,0.871600,0.096867,0.478877,-10.539896,107.006012,19.260706,0.000006,0.884689,-0.075516,0.460024,-12.978702,121.672012,21.217268,0.017763,0.879755,-0.203983,0.429076,-10.580647,135.019577,18.378891,-0.033745,0.799662,0.226190,0.555194,-14.920506,116.083694,18.087664,0.272447,-0.318677,0.197311,-0.886164,-21.560591,119.518127,2.356668,0.243556,0.424429,-0.472407,-0.733057,-3.596935,106.443260,-9.067847,0.363428,0.472565,-0.343243,-0.725801,0.146726,123.853004,-1.476180,-0.151164,0.897988,0.164797,0.378958,-11.104690,115.921211,24.061916,0.334423,0.872140,0.133123,-0.331379,0.513834,118.474281,36.783630,-0.096945,0.230812,0.504227,-0.826488,14.421986,106.105087,20.118370,0.031258,0.054480,0.469016,-0.880953,6.698696,123.724602,14.425200,0.071180,0.872023,0.096693,0.474510,-11.903316,87.839882,9.632810,0.073091,0.884584,-0.091561,0.451425,-13.110166,51.640762,0.829204,-0.035400,0.937682,0.027223,0.344614,-23.136143,5.641711,5.369620,-0.096116,0.876421,-0.052603,0.468914,-1.897922,87.688896,24.269857,0.003409,0.868818,-0.066858,0.490585,2.543002,51.310051,31.066519,-0.037816,0.794242,0.044327,0.604801,-0.839804,4.436546,36.403122,-0.035400,0.937682,0.027223,0.344614,-14.076954,0.905598,-4.903712,-0.037816,0.794242,0.044327,0.604801,12.546295,0.257850,32.743629
897,7.475000,-0.015960,0.883227,0.039184,0.467034,-6.888162,87.762543,16.921717,-0.074352,0.867443,0.128741,0.474806,-7.359180,95.006058,17.316525,-0.040289,0.871174,0.096802,0.479647,-10.512729,107.002846,19.233730,0.000007,0.884360,-0.074593,0.460807,-12.957898,121.668694,21.183357,0.018761,0.879308,-0.204335,0.429782,-10.567956,135.023041,18.370174,-0.033486,0.799001,0.226454,0.556052,-14.892989,116.079460,18.051239,0.270706,-0.318946,0.197551,-0.886547,-21.500454,119.533768,2.310863,0.243708,0.423254,-0.470324,-0.735023,-3.550100,106.468582,-9.145594,0.364059,0.471118,-0.340930,-0.727514,0.307116,123.841705,-1.540237,-0.151144,0.897722,0.164771,0.379607,-11.087881,115.918755,24.032368,0.334612,0.872065,0.133797,-0.331112,0.513685,118.466393,36.770638,-0.097042,0.230828,0.504475,-0.826321,14.424333,106.099571,20.105703,0.030930,0.054533,0.469293,-0.880814,6.711841,123.723877,14.416795,0.071107,0.871541,0.097157,0.475312,-11.881532,87.837082,9.596817,0.073138,0.883873,-0.092561,0.452607,-13.058867,51.643890,0.764870,-0.035231,0.937692,0.026664,0.344647,-23.136890,5.662906,5.372562,-0.096349,0.876355,-0.052436,0.469009,-1.894793,87.687996,24.246616,0.003522,0.868881,-0.067205,0.490425,2.566360,51.311207,31.040997,-0.037931,0.794195,0.044212,0.604864,-0.840865,4.442170,36.401257,-0.035231,0.937692,0.026664,0.344647,-14.080170,0.910866,-4.895591,-0.037931,0.794195,0.044212,0.604864,12.546051,0.262887,32.745426
898,7.483333,-0.015849,0.883055,0.039100,0.467369,-6.891645,87.762268,16.897457,-0.074097,0.867157,0.128058,0.475552,-7.360817,95.005928,17.291754,-0.039859,0.870763,0.096858,0.480417,-10.502940,107.009674,19.195084,0.000819,0.883895,-0.075144,0.461609,-12.939411,121.676239,21.150251,0.019394,0.878923,-0.204037,0.430681,-10.519592,135.025375,18.337862,-0.033637,0.798015,0.226954,0.557255,-14.873876,116.090622,18.011301,0.269323,-0.319173,0.198034,-0.886779,-21.434343,119.561050,2.254817,0.243951,0.422412,-0.468376,-0.736668,-3.500782,106.491150,-9.222535,0.364518,0.470005,-0.339225,-0.728799,0.454648,123.834358,-1.600443,-0.150972,0.897509,0.164932,0.380109,-11.078762,115.922928,23.998585,0.334600,0.872090,0.133947,-0.330999,0.511337,118.459068,36.749588,-0.097409,0.231016,0.504623,-0.826135,14.426142,106.094070,20.086769,0.030506,0.054674,0.469948,-0.880471,6.722995,123.723862,14.401284,0.070670,0.871134,0.097801,0.475990,-11.879536,87.838120,9.568836,0.073282,0.882935,-0.093551,0.454207,-12.998528,51.649673,0.709907,-0.034517,0.937705,0.026169,0.344722,-23.138584,5.688101,5.374796,-0.096788,0.876324,-0.052226,0.469000,-1.903754,87.686417,24.226078,0.003737,0.869085,-0.067485,0.490023,2.593203,51.314293,31.021858,-0.037594,0.794102,0.044365,0.604996,-0.842196,4.448977,36.396626,-0.034517,0.937705,0.026169,0.344722,-14.088553,0.916374,-4.890130,-0.037594,0.794102,0.044365,0.604996,12.544271,0.267408,32.741756
899,7.491667,-0.015834,0.882724,0.039052,0.467998,-6.887905,87.763382,16.871681,-0.073959,0.866788,0.127792,0.476317,-7.356848,95.007103,17.265139,-0.039489,0.870364,0.096795,0.481183,-10.495001,107.014725,19.161978,0.001370,0.883596,-0.074786,0.462237,-12.922658,121.682533,21.118774,0.020400,0.878614,-0.204349,0.431118,-10.491366,135.033401,18.324583,-0.033707,0.797002,0.227401,0.558517,-14.856521,116.099716,17.974483,0.268450,-0.319552,0.198322,-0.886843,-21.367762,119.588066,2.201554,0.244258,0.421818,-0.466557,-0.738060,-3.452002,106.513618,-9.298376,0.364949,0.468983,-0.337713,-0.729944,0.588406,123.828125,-1.659454,-0.150742,0.897321,0.165116,0.380564,-11.071437,115.926613,23.967958,0.334663,0.872109,0.134232,-0.330770,0.509020,118.449493,36.730335,-0.097374,0.231089,0.504793,-0.826015,14.429283,106.084656,20.071970,0.030910,0.054566,0.468750,-0.881102,6.734977,123.716293,14.385559,0.070459,0.870631,0.098300,0.476837,-11.865365,87.839600,9.535977,0.073382,0.882550,-0.094387,0.454766,-12.944129,51.656235,0.651353,-0.034092,0.937774,0.025653,0.344617,-23.130781,5.710912,5.374468,-0.097197,0.876209,-0.051981,0.469156,-1.910446,87.687157,24.207384,0.003936,0.869280,-0.067785,0.489634,2.620381,51.319050,31.002136,-0.038021,0.794085,0.043793,0.605034,-0.842844,4.457721,36.393814,-0.034092,0.937774,0.025653,0.344617,-14.088646,0.921719,-4.889274,-0.038021,0.794085,0.043793,0.605034,12.544137,0.270729,32.747059
900,7.500000,-0.015705,0.882380,0.038968,0.468658,-6.885653,87.762451,16.847410,-0.073769,0.866438,0.127362,0.477097,-7.352654,95.006332,17.240324,-0.039301,0.869959,0.096605,0.481969,-10.483156,107.016495,19.127367,0.001611,0.883256,-0.074459,0.462938,-12.904963,121.685852,21.079803,0.021530,0.878226,-0.204483,0.431790,-10.468992,135.038757,18.299446,-0.033407,0.796263,0.227423,0.559579,-14.836882,116.104210,17.932215,0.267453,-0.319933,0.198635,-0.886936,-21.307489,119.610619,2.146566,0.244187,0.421232,-0.465150,-0.739305,-3.410107,106.532204,-9.377447,0.364466,0.468353,-0.335939,-0.731407,0.699218,123.818230,-1.722156,-0.150507,0.897110,0.165348,0.381053,-11.062317,115.928780,23.932253,0.334656,0.872125,0.134451,-0.330646,0.507646,118.437347,36.706970,-0.097364,0.230780,0.504821,-0.826085,14.432272,106.075325,20.050156,0.030956,0.054414,0.469755,-0.880574,6.732887,123.709091,14.372889,0.070047,0.870113,0.098911,0.477716,-11.852224,87.840561,9.504350,0.073623,0.881810,-0.095394,0.455950,-12.873318,51.661861,0.593915,-0.033442,0.937800,0.024991,0.344656,-23.128986,5.737981,5.375785,-0.097692,0.875971,-0.051675,0.469532,-1.919083,87.684341,24.190472,0.004157,0.869370,-0.068079,0.489432,2.651616,51.321064,30.984364,-0.037999,0.794060,0.043615,0.605080,-0.842172,4.463678,36.390541,-0.033442,0.937800,0.024991,0.344656,-14.094221,0.925494,-4.883554,-0.037999,0.794060,0.043615,0.605080,12.544176,0.272400,32.746376
901,7.508333,-0.015607,0.881992,0.038952,0.469393,-6.884860,87.761131,16.822035,-0.073383,0.866078,0.126893,0.477935,-7.350824,95.005074,17.215012,-0.039093,0.869527,0.096342,0.482818,-10.468548,107.016716,19.093327,0.003387,0.882561,-0.076150,0.463977,-12.883080,121.688095,21.039663,0.021633,0.877885,-0.203419,0.432978,-10.378740,135.025711,18.246727,-0.033237,0.795646,0.227483,0.560441,-14.813251,116.107544,17.889050,0.270451,-0.321280,0.196875,-0.885932,-21.250607,119.627365,2.092797,0.245776,0.422491,-0.462313,-0.739839,-3.361628,106.570686,-9.468843,0.364606,0.468062,-0.334492,-0.732186,0.806153,123.813698,-1.774570,-0.150519,0.896832,0.165538,0.381619,-11.050076,115.929962,23.896173,0.334583,0.872247,0.134445,-0.330401,0.504710,118.431664,36.685963,-0.097737,0.231337,0.504841,-0.825873,14.439877,106.069038,20.038408,0.030756,0.054700,0.468192,-0.881396,6.751867,123.704399,14.352422,0.069527,0.869776,0.099269,0.478332,-11.839263,87.841240,9.470783,0.073903,0.881662,-0.095989,0.456066,-12.807602,51.662422,0.554982,-0.033224,0.937894,0.024519,0.344455,-23.112263,5.753210,5.372242,-0.098250,0.875743,-0.051426,0.469868,-1.930458,87.681023,24.173288,0.004432,0.869492,-0.068315,0.489180,2.682412,51.323975,30.972034,-0.037796,0.793981,0.043486,0.605206,-0.843343,4.469862,36.385826,-0.033224,0.937894,0.024519,0.344455,-14.085346,0.926390,-4.887267,-0.037796,0.793981,0.043486,0.605206,12.542017,0.272314,32.745274
902,7.516667,-0.015571,0.881579,0.038944,0.470170,-6.880523,87.763367,16.797886,-0.073415,0.865619,0.126616,0.478834,-7.346320,95.007339,17.190599,-0.038637,0.869076,0.096098,0.483715,-10.464051,107.022949,19.059763,0.003795,0.882170,-0.076055,0.464734,-12.865221,121.696793,21.004004,0.022622,0.877505,-0.203458,0.433679,-10.349033,135.034454,18.221910,-0.033203,0.794942,0.227460,0.561451,-14.795828,116.119049,17.848705,0.265113,-0.320575,0.198924,-0.887342,-21.193787,119.648170,2.038529,0.244146,0.421215,-0.461985,-0.741310,-3.322689,106.581818,-9.539837,0.364967,0.467940,-0.333335,-0.732611,0.900911,123.813156,-1.821373,-0.150215,0.896646,0.165671,0.382118,-11.044438,115.936043,23.863033,0.334482,0.872342,0.134342,-0.330293,0.500265,118.422630,36.664867,-0.097998,0.231546,0.504902,-0.825747,14.442368,106.060387,20.022842,0.030776,0.054745,0.468012,-0.881488,6.760441,123.698975,14.336440,0.069373,0.868945,0.099816,0.479749,-11.821992,87.844627,9.437943,0.073960,0.880777,-0.097047,0.457542,-12.745997,51.672340,0.490995,-0.032536,0.937942,0.023848,0.344439,-23.108414,5.783248,5.375570,-0.098739,0.875528,-0.051180,0.470194,-1.939055,87.682114,24.157827,0.004678,0.869636,-0.068553,0.488889,2.711574,51.330368,30.959261,-0.037479,0.793933,0.043462,0.605291,-0.843545,4.479542,36.382317,-0.032536,0.937942,0.023848,0.344439,-14.090517,0.932513,-4.880596,-0.037479,0.793933,0.043462,0.605291,12.540176,0.276124,32.742493
903,7.525000,-0.015447,0.881202,0.038975,0.470877,-6.878513,87.765572,16.775551,-0.073437,0.865210,0.126320,0.479648,-7.343242,95.009552,17.169138,-0.038315,0.868659,0.095941,0.484518,-10.459837,107.027496,19.028891,0.004054,0.881880,-0.076284,0.465245,-12.852168,121.702980,20.971592,0.023912,0.877284,-0.203311,0.434125,-10.324706,135.038559,18.189726,-0.033224,0.794119,0.227550,0.562576,-14.781898,116.127419,17.811909,0.264327,-0.320787,0.199221,-0.887433,-21.135744,119.667603,1.986428,0.244166,0.421178,-0.460902,-0.741999,-3.277373,106.596931,-9.606680,0.364671,0.468173,-0.332206,-0.733122,0.986015,123.809029,-1.868336,-0.149910,0.896502,0.165700,0.382563,-11.041194,115.940186,23.832756,0.334530,0.872386,0.134108,-0.330224,0.494847,118.413528,36.644955,-0.098426,0.231876,0.505167,-0.825441,14.437583,106.044136,20.008787,0.030834,0.054818,0.467126,-0.881951,6.771753,123.692383,14.323455,0.068927,0.868382,0.100200,0.480751,-11.808258,87.849617,9.407785,0.074266,0.880033,-0.097891,0.458741,-12.679276,51.678448,0.450970,-0.031958,0.937964,0.023331,0.344468,-23.109604,5.809203,5.377334,-0.099293,0.875216,-0.050919,0.470686,-1.948768,87.681519,24.143318,0.004953,0.869694,-0.068770,0.488753,2.742971,51.335979,30.949604,-0.037442,0.793885,0.043267,0.605370,-0.843974,4.488227,36.378212,-0.031958,0.937964,0.023331,0.344468,-14.098247,0.939605,-4.875636,-0.037442,0.793885,0.043267,0.605370,12.539205,0.279889,32.742100
904,7.533333,-0.015351,0.880749,0.038928,0.471730,-6.874454,87.767624,16.753090,-0.073230,0.864784,0.125999,0.480532,-7.338017,95.011703,17.146286,-0.038091,0.868193,0.095933,0.485372,-10.447664,107.030083,18.998199,0.003515,0.881883,-0.074214,0.465577,-12.835968,121.706131,20.941629,0.025487,0.877129,-0.204397,0.433839,-10.346132,135.057739,18.203072,-0.033175,0.793462,0.227545,0.563508,-14.762642,116.132713,17.776302,0.263798,-0.320980,0.199309,-0.887501,-21.080053,119.682297,1.938337,0.244132,0.421366,-0.460042,-0.742436,-3.229611,106.612991,-9.668533,0.364467,0.468303,-0.331286,-0.733557,1.058113,123.808762,-1.909225,-0.149744,0.896302,0.165744,0.383077,-11.033436,115.941368,23.804153,0.334533,0.872451,0.134006,-0.330091,0.490634,118.404938,36.629017,-0.098734,0.232162,0.505317,-0.825231,14.437701,106.031754,19.999281,0.030845,0.054939,0.466580,-0.882232,6.782712,123.686127,14.312792,0.068644,0.867681,0.100486,0.481996,-11.789992,87.853493,9.375854,0.074494,0.879497,-0.098606,0.459579,-12.619469,51.683701,0.409555,-0.031763,0.937984,0.022720,0.344473,-23.103880,5.830970,5.374671,-0.099850,0.875009,-0.050713,0.470975,-1.958916,87.681755,24.130323,0.005250,0.869847,-0.068959,0.488450,2.773766,51.342918,30.944038,-0.037357,0.793829,0.043093,0.605461,-0.844474,4.497910,36.375622,-0.031763,0.937984,0.022720,0.344473,-14.096108,0.943888,-4.873134,-0.037357,0.793829,0.043093,0.605461,12.538028,0.284307,32.743095
905,7.541667,-0.015234,0.880302,0.038786,0.472580,-6.871565,87.767288,16.731251,-0.073151,0.864394,0.125602,0.481348,-7.333033,95.011589,17.122999,-0.037795,0.867804,0.095707,0.486137,-10.437808,107.031883,18.964405,0.004888,0.881186,-0.076507,0.466513,-12.816872,121.709892,20.904264,0.025644,0.876780,-0.202907,0.435233,-10.261173,135.042419,18.133600,-0.033125,0.792948,0.227397,0.564293,-14.743003,116.138206,17.735573,0.263843,-0.321258,0.199088,-0.887437,-21.029686,119.693085,1.886573,0.244340,0.421815,-0.458922,-0.742806,-3.183740,106.629875,-9.734049,0.364155,0.468620,-0.330423,-0.733898,1.128891,123.806610,-1.949409,-0.149500,0.895993,0.165598,0.383958,-11.024014,115.943527,23.769625,0.334338,0.872592,0.134214,-0.329829,0.479040,118.394707,36.615700,-0.098445,0.231627,0.505113,-0.825541,14.441234,106.029335,19.992857,0.031271,0.054790,0.468914,-0.880988,6.767561,123.679436,14.314204,0.068240,0.866996,0.100716,0.483237,-11.772946,87.854515,9.344619,0.074802,0.879167,-0.099239,0.460024,-12.555225,51.684052,0.376794,-0.031490,0.938048,0.022302,0.344350,-23.094589,5.847505,5.374861,-0.100406,0.874903,-0.050501,0.471076,-1.970183,87.680069,24.117882,0.005559,0.870071,-0.069166,0.488018,2.805034,51.347935,30.937693,-0.037218,0.793817,0.042911,0.605499,-0.845494,4.505953,36.373699,-0.031490,0.938048,0.022302,0.344350,-14.093418,0.947007,-4.872337,-0.037218,0.793817,0.042911,0.605499,12.535418,0.286009,32.742683
906,7.550000,-0.015187,0.879872,0.038547,0.473402,-6.861987,87.766251,16.712666,-0.073280,0.863966,0.125301,0.482175,-7.321578,95.010841,17.101255,-0.037516,0.867389,0.095542,0.486930,-10.427098,107.031700,18.931562,0.005425,0.880841,-0.076849,0.467101,-12.798294,121.711304,20.869114,0.026413,0.876620,-0.202380,0.435754,-10.222900,135.040359,18.100014,-0.032741,0.792541,0.226827,0.565116,-14.723179,116.141487,17.696384,0.262465,-0.320916,0.199812,-0.887806,-20.978392,119.702721,1.836364,0.244065,0.421503,-0.458744,-0.743183,-3.135934,106.630302,-9.779258,0.363822,0.469005,-0.329627,-0.734176,1.193951,123.804214,-1.989526,-0.149276,0.895697,0.165425,0.384809,-11.014836,115.943207,23.736868,0.334360,0.872696,0.134399,-0.329457,0.467773,118.383278,36.603336,-0.098650,0.232094,0.505205,-0.825329,14.441490,106.015778,19.991768,0.031126,0.055092,0.468548,-0.881169,6.780195,123.668518,14.304125,0.067971,0.866259,0.101022,0.484531,-11.749597,87.852890,9.316909,0.075118,0.878786,-0.099945,0.460548,-12.490021,51.684303,0.337966,-0.031080,0.938082,0.021855,0.344323,-23.088661,5.865550,5.373720,-0.100763,0.874632,-0.050234,0.471531,-1.974377,87.679619,24.108421,0.005775,0.870229,-0.069379,0.487703,2.829742,51.350830,30.925762,-0.037066,0.793792,0.042883,0.605542,-0.846358,4.511860,36.370533,-0.031080,0.938082,0.021855,0.344323,-14.093435,0.949626,-4.871310,-0.037066,0.793792,0.042883,0.605542,12.533696,0.288717,32.740067
907,7.558333,-0.015121,0.879322,0.038142,0.474457,-6.856681,87.763123,16.689440,-0.073102,0.863510,0.125203,0.483043,-7.313103,95.008186,17.072769,-0.037253,0.866961,0.095360,0.487747,-10.415171,107.029152,18.899895,0.006024,0.880588,-0.076670,0.467601,-12.778741,121.710373,20.834429,0.027133,0.876580,-0.202136,0.435905,-10.189144,135.039627,18.079515,-0.032645,0.791975,0.226770,0.565938,-14.702129,116.142273,17.657764,0.261578,-0.320948,0.200096,-0.887992,-20.925150,119.712189,1.787035,0.243914,0.421685,-0.458097,-0.743529,-3.089394,106.639099,-9.838125,0.363597,0.469421,-0.328738,-0.734420,1.258107,123.802055,-2.027677,-0.149106,0.895402,0.165253,0.385634,-11.004809,115.940689,23.704893,0.334413,0.872810,0.134675,-0.328989,0.457418,118.371490,36.591278,-0.098714,0.232587,0.505236,-0.825164,14.444769,106.001152,19.993296,0.030835,0.055411,0.468856,-0.880995,6.793945,123.654053,14.292320,0.067633,0.865574,0.101142,0.485776,-11.726596,87.848251,9.282001,0.075477,0.878502,-0.100553,0.460898,-12.428017,51.678051,0.306440,-0.030758,0.938103,0.021642,0.344310,-23.084249,5.875933,5.371902,-0.101249,0.874509,-0.049971,0.471683,-1.986766,87.677994,24.096880,0.005998,0.870436,-0.069602,0.487300,2.856760,51.354557,30.914835,-0.037229,0.793778,0.042476,0.605579,-0.845513,4.518783,36.369289,-0.030758,0.938103,0.021642,0.344310,-14.093122,0.951420,-4.872601,-0.037229,0.793778,0.042476,0.605579,12.533983,0.289445,32.743988
908,7.566667,-0.015070,0.878866,0.038078,0.475309,-6.845941,87.759750,16.665161,-0.073055,0.863059,0.125133,0.483873,-7.301646,95.004913,17.047575,-0.037191,0.866508,0.095218,0.488583,-10.403672,107.026657,18.870846,0.005835,0.880483,-0.075687,0.467960,-12.765418,121.708847,20.800362,0.028353,0.876550,-0.202282,0.435818,-10.191279,135.045685,18.067749,-0.032554,0.791278,0.226878,0.566874,-14.684876,116.141342,17.620279,0.261255,-0.321280,0.200050,-0.887978,-20.871189,119.724068,1.738091,0.243837,0.422155,-0.457159,-0.743864,-3.045152,106.654022,-9.905397,0.363075,0.469981,-0.328038,-0.734633,1.319981,123.798195,-2.066159,-0.148990,0.895125,0.165138,0.386371,-10.999064,115.938606,23.674389,0.334432,0.872969,0.134801,-0.328495,0.444556,118.361649,36.578758,-0.098965,0.233124,0.505309,-0.824937,14.447507,105.986580,19.997459,0.030740,0.055958,0.468952,-0.880913,6.809785,123.641586,14.286235,0.067219,0.864999,0.101168,0.486851,-11.701543,87.845818,9.248343,0.075909,0.878351,-0.101018,0.461013,-12.364330,51.671837,0.285066,-0.030408,0.938124,0.021478,0.344292,-23.076712,5.884764,5.368031,-0.101660,0.874430,-0.049894,0.471749,-1.990338,87.673683,24.081978,0.006264,0.870686,-0.069774,0.486825,2.881918,51.355900,30.909561,-0.037014,0.793770,0.042489,0.605602,-0.847170,4.522696,36.367874,-0.030408,0.938124,0.021478,0.344292,-14.089933,0.952616,-4.876618,-0.037014,0.793770,0.042489,0.605602,12.531036,0.289997,32.741730
909,7.575000,-0.015062,0.878431,0.038015,0.476116,-6.832021,87.756897,16.643938,-0.072809,0.862611,0.124703,0.484819,-7.287534,95.002129,17.025194,-0.037255,0.865963,0.095121,0.489563,-10.379907,107.022652,18.838280,0.006496,0.879925,-0.076562,0.468859,-12.744080,121.705246,20.761703,0.028719,0.876296,-0.201250,0.436782,-10.139237,135.034500,18.021206,-0.032513,0.790739,0.227099,0.567539,-14.657101,116.137825,17.577602,0.261075,-0.321313,0.200036,-0.888022,-20.817207,119.731903,1.687792,0.243863,0.422606,-0.456597,-0.743945,-2.991973,106.664467,-9.959846,0.362785,0.470448,-0.327529,-0.734704,1.378693,123.800018,-2.100794,-0.148964,0.894745,0.164938,0.387345,-10.984950,115.934929,23.640003,0.334726,0.873015,0.135865,-0.327634,0.432677,118.352295,36.568443,-0.098920,0.233557,0.505517,-0.824693,14.454031,105.975250,20.004181,0.030570,0.056598,0.468755,-0.880983,6.833809,123.631264,14.281561,0.067005,0.864272,0.101399,0.488121,-11.674011,87.843231,9.218230,0.076304,0.878069,-0.101709,0.461333,-12.301365,51.670593,0.246975,-0.030104,0.938104,0.021041,0.344400,-23.077742,5.902452,5.365104,-0.101972,0.874228,-0.049794,0.472067,-1.990030,87.670563,24.069647,0.006455,0.870897,-0.069950,0.486420,2.903338,51.356770,30.903357,-0.037006,0.793801,0.042383,0.605570,-0.847013,4.526120,36.368999,-0.030104,0.938104,0.021041,0.344400,-14.092915,0.956264,-4.874484,-0.037006,0.793801,0.042383,0.605570,12.530298,0.290942,32.742455
910,7.583333,-0.015191,0.877993,0.038025,0.476920,-6.813435,87.756439,16.622261,-0.073340,0.862131,0.124772,0.485575,-7.271009,95.001610,17.002327,-0.036843,0.865591,0.095004,0.490274,-10.379297,107.027885,18.808784,0.006609,0.879814,-0.075973,0.469161,-12.732678,121.712067,20.733353,0.029650,0.876290,-0.201240,0.436736,-10.131354,135.045425,18.009533,-0.033403,0.789165,0.227813,0.569390,-14.646043,116.147461,17.544535,0.260603,-0.321406,0.200413,-0.888042,-20.730824,119.747665,1.627116,0.243620,0.423422,-0.456252,-0.743772,-2.916093,106.669685,-10.024767,0.362398,0.470942,-0.326945,-0.734839,1.441244,123.800789,-2.135317,-0.148646,0.894448,0.164604,0.388294,-10.983335,115.939178,23.612463,0.334696,0.873246,0.136062,-0.326967,0.411963,118.344162,36.562889,-0.099257,0.234447,0.505702,-0.824287,14.456129,105.963242,20.020872,0.030494,0.057184,0.468869,-0.880887,6.860533,123.622856,14.280534,0.066948,0.863781,0.101377,0.489002,-11.641777,87.841507,9.187655,0.076486,0.877829,-0.102216,0.461647,-12.257147,51.667976,0.219195,-0.029971,0.938146,0.020784,0.344315,-23.072096,5.912253,5.366915,-0.102293,0.874263,-0.049933,0.471919,-1.985094,87.671371,24.056864,0.006748,0.871099,-0.069991,0.486048,2.925119,51.363491,30.909887,-0.036902,0.793778,0.042262,0.605614,-0.849009,4.533759,36.367004,-0.029971,0.938146,0.020784,0.344315,-14.091210,0.958177,-4.872317,-0.036902,0.793778,0.042262,0.605614,12.527336,0.294184,32.742031
911,7.591667,-0.015254,0.877614,0.038054,0.477612,-6.796153,87.755142,16.600334,-0.073610,0.861793,0.124335,0.486247,-7.255033,95.000252,16.979969,-0.036834,0.865246,0.095026,0.490879,-10.365422,107.028755,18.771452,0.007595,0.879287,-0.077178,0.469935,-12.720235,121.712830,20.695078,0.029809,0.876015,-0.200055,0.437820,-10.076732,135.035446,17.959347,-0.033151,0.788844,0.227539,0.569958,-14.629655,116.148888,17.502743,0.259492,-0.320704,0.201124,-0.888461,-20.692474,119.755470,1.578392,0.243637,0.423120,-0.456200,-0.743971,-2.869485,106.668686,-10.050940,0.362525,0.471096,-0.326414,-0.734914,1.500005,123.800743,-2.166051,-0.148535,0.894093,0.164467,0.389212,-10.975352,115.939346,23.575693,0.334843,0.873442,0.136931,-0.325928,0.396227,118.335640,36.548553,-0.099254,0.234913,0.505841,-0.824068,14.469343,105.952110,20.033117,0.030514,0.057635,0.469085,-0.880742,6.888295,123.613548,14.279957,0.066870,0.863426,0.101249,0.489666,-11.612747,87.840042,9.158115,0.076649,0.877636,-0.102464,0.461931,-12.220950,51.663792,0.200093,-0.029893,0.938194,0.020660,0.344198,-23.061674,5.915246,5.357361,-0.102495,0.873981,-0.049898,0.472400,-1.979558,87.670250,24.042555,0.006869,0.871101,-0.070132,0.486022,2.941090,51.365192,30.903063,-0.036846,0.793755,0.042283,0.605647,-0.849214,4.537475,36.366272,-0.029893,0.938194,0.020660,0.344198,-14.084464,0.957182,-4.883159,-0.036846,0.793755,0.042283,0.605647,12.527121,0.297406,32.741852
912,7.600000,-0.015290,0.877195,0.038065,0.478379,-6.779031,87.753784,16.577616,-0.073316,0.861299,0.123867,0.487284,-7.238787,94.998863,16.956739,-0.037090,0.864599,0.095053,0.491994,-10.339088,107.030060,18.738028,0.007870,0.878830,-0.077117,0.470796,-12.703400,121.713402,20.655485,0.030264,0.875825,-0.199518,0.438414,-10.050471,135.035995,17.928782,-0.032593,0.789129,0.226887,0.569856,-14.602773,116.148888,17.458176,0.259391,-0.320373,0.201012,-0.888635,-20.670908,119.756737,1.536132,0.243982,0.423096,-0.455555,-0.744266,-2.835084,106.679070,-10.083783,0.362601,0.471193,-0.325955,-0.735017,1.557126,123.799942,-2.196226,-0.148437,0.893696,0.164276,0.390240,-10.964291,115.940453,23.540655,0.334981,0.873617,0.137194,-0.325207,0.380374,118.328346,36.538609,-0.099783,0.235836,0.506069,-0.823601,14.472358,105.935219,20.046471,0.029975,0.058546,0.469567,-0.880444,6.918048,123.603180,14.278925,0.066770,0.863105,0.101030,0.490291,-11.582602,87.838837,9.126983,0.076880,0.877552,-0.102763,0.461987,-12.186087,51.658302,0.186023,-0.029466,0.938198,0.020623,0.344225,-23.058966,5.918914,5.356784,-0.102721,0.873717,-0.049867,0.472843,-1.975461,87.668732,24.028250,0.006983,0.871100,-0.070251,0.486005,2.957309,51.366901,30.897131,-0.036818,0.793719,0.042301,0.605695,-0.847765,4.540917,36.364914,-0.029466,0.938198,0.020623,0.344225,-14.085533,0.955721,-4.884564,-0.036818,0.793719,0.042301,0.605695,12.528891,0.300779,32.741753
913,7.608333,-0.015203,0.876780,0.037996,0.479147,-6.763397,87.751259,16.556971,-0.073445,0.860788,0.123698,0.488210,-7.221888,94.996445,16.935419,-0.037241,0.864041,0.094974,0.492978,-10.325918,107.032394,18.708815,0.008481,0.878308,-0.077245,0.471737,-12.695148,121.715858,20.619320,0.030567,0.875516,-0.199005,0.439243,-10.022039,135.036331,17.901970,-0.032728,0.788452,0.226914,0.570773,-14.587006,116.150925,17.418266,0.259092,-0.319947,0.201346,-0.888800,-20.618393,119.763626,1.483364,0.244109,0.423159,-0.455392,-0.744288,-2.775636,106.679794,-10.118950,0.362381,0.471452,-0.325613,-0.735112,1.619927,123.797813,-2.230476,-0.148313,0.893373,0.164235,0.391042,-10.962418,115.943275,23.509064,0.335149,0.873824,0.137665,-0.324276,0.361704,118.321625,36.526669,-0.100171,0.236620,0.506224,-0.823234,14.478291,105.918930,20.062771,0.029510,0.059454,0.470300,-0.880007,6.943981,123.594055,14.280417,0.066801,0.862738,0.100894,0.490959,-11.553981,87.837715,9.097997,0.077012,0.877701,-0.103014,0.461626,-12.157600,51.655422,0.164122,-0.028870,0.938231,0.020600,0.344188,-23.049932,5.922824,5.354053,-0.102880,0.873415,-0.049782,0.473375,-1.972813,87.664803,24.015945,0.007026,0.871009,-0.070366,0.486151,2.969047,51.364780,30.887848,-0.036647,0.793722,0.042421,0.605692,-0.845753,4.540375,36.362377,-0.028870,0.938231,0.020600,0.344188,-14.083324,0.953189,-4.890152,-0.036647,0.793722,0.042421,0.605692,12.530258,0.300001,32.737099
914,7.616667,-0.015708,0.876319,0.038179,0.479959,-6.727135,87.741020,16.533503,-0.073828,0.860348,0.123700,0.488927,-7.193681,94.985786,16.910322,-0.037388,0.863632,0.094997,0.493677,-10.309530,107.028450,18.677561,0.008965,0.877913,-0.077493,0.472423,-12.684452,121.711441,20.584528,0.030732,0.875323,-0.198348,0.439913,-9.993755,135.029144,17.870918,-0.033441,0.786993,0.227828,0.572380,-14.570093,116.146263,17.380249,0.262128,-0.320329,0.200343,-0.887999,-20.535845,119.772003,1.423618,0.245328,0.424723,-0.454651,-0.743450,-2.685173,106.687202,-10.165416,0.362227,0.471775,-0.325681,-0.734950,1.684942,123.802887,-2.260609,-0.148163,0.893013,0.164034,0.392006,-10.955448,115.939102,23.476971,0.335125,0.874064,0.138026,-0.323501,0.343945,118.308136,36.517738,-0.100799,0.237461,0.506372,-0.822824,14.486405,105.903008,20.077911,0.029025,0.060301,0.470551,-0.879831,6.973702,123.585060,14.284742,0.066962,0.862621,0.100600,0.491204,-11.503622,87.821869,9.065432,0.077224,0.877682,-0.103348,0.461552,-12.125967,51.636780,0.144197,-0.029689,0.938242,0.020473,0.344096,-23.049589,5.913794,5.352933,-0.102855,0.873207,-0.049917,0.473749,-1.950648,87.660179,24.001575,0.007116,0.871067,-0.070489,0.486027,2.981796,51.360775,30.883471,-0.037006,0.793746,0.042157,0.605657,-0.845307,4.538136,36.364483,-0.029689,0.938242,0.020473,0.344096,-14.077191,0.948922,-4.888510,-0.037006,0.793746,0.042157,0.605657,12.531646,0.298017,32.742390
915,7.625000,-0.015731,0.875915,0.038035,0.480708,-6.708545,87.735138,16.511227,-0.073986,0.859849,0.123552,0.489817,-7.174709,94.980042,16.885653,-0.037215,0.863121,0.094969,0.494589,-10.294689,107.025696,18.644955,0.008726,0.877491,-0.077338,0.473235,-12.666734,121.709236,20.551310,0.031245,0.874926,-0.198009,0.440818,-9.980290,135.028687,17.842060,-0.033616,0.786467,0.227908,0.573060,-14.548373,116.145859,17.341560,0.261992,-0.319922,0.200540,-0.888141,-20.486588,119.774399,1.375295,0.245438,0.424827,-0.454618,-0.743374,-2.626835,106.686951,-10.196736,0.362046,0.471979,-0.325474,-0.735000,1.740978,123.803078,-2.291780,-0.148380,0.892585,0.163931,0.392941,-10.946327,115.935257,23.445614,0.335239,0.874287,0.138314,-0.322655,0.325266,118.304886,36.510311,-0.101295,0.238325,0.506521,-0.822421,14.491224,105.889824,20.098242,0.028538,0.061170,0.470974,-0.879561,7.000997,123.577072,14.290998,0.066883,0.862565,0.100360,0.491362,-11.472272,87.815002,9.034997,0.077440,0.878006,-0.103526,0.460858,-12.096828,51.625526,0.131736,-0.029793,0.938309,0.020542,0.343899,-23.041765,5.909199,5.354131,-0.102966,0.872865,-0.049905,0.474357,-1.944817,87.655273,23.987453,0.007146,0.870988,-0.070600,0.486152,2.990441,51.357483,30.875874,-0.036801,0.793769,0.042253,0.605633,-0.845082,4.536376,36.364086,-0.029793,0.938309,0.020542,0.343899,-14.072400,0.946971,-4.891250,-0.036801,0.793769,0.042253,0.605633,12.530655,0.294896,32.739094
916,7.633333,-0.015843,0.875472,0.037984,0.481513,-6.686414,87.731499,16.485470,-0.073849,0.859456,0.123367,0.490574,-7.153986,94.976410,16.858044,-0.037313,0.862688,0.094956,0.495338,-10.269305,107.019661,18.611790,0.008667,0.877034,-0.077261,0.474097,-12.645342,121.703064,20.514263,0.031459,0.874501,-0.197456,0.441894,-9.957686,135.023300,17.810125,-0.033566,0.786174,0.227760,0.573524,-14.521135,116.139648,17.301147,0.258656,-0.318784,0.201781,-0.889246,-20.440922,119.770638,1.328596,0.244316,0.424165,-0.455145,-0.743799,-2.569816,106.684982,-10.227932,0.362137,0.472202,-0.325353,-0.734866,1.802643,123.804703,-2.317681,-0.148472,0.892063,0.163716,0.394179,-10.929708,115.929115,23.411459,0.335146,0.874543,0.138763,-0.321864,0.306991,118.294785,36.506893,-0.101856,0.239080,0.506534,-0.822125,14.501524,105.881287,20.118355,0.027971,0.062107,0.471595,-0.879181,7.026210,123.571541,14.300415,0.066854,0.862626,0.099891,0.491354,-11.436345,87.809868,9.000454,0.077713,0.878182,-0.103652,0.460449,-12.076543,51.613098,0.127990,-0.029769,0.938279,0.020730,0.343973,-23.046970,5.903238,5.353586,-0.103081,0.872582,-0.050010,0.474841,-1.936483,87.653130,23.970488,0.007225,0.871017,-0.070671,0.486089,2.998549,51.357887,30.872482,-0.036669,0.793756,0.042461,0.605644,-0.846346,4.537830,36.363129,-0.029769,0.938279,0.020730,0.343973,-14.075679,0.945609,-4.892333,-0.036669,0.793756,0.042461,0.605644,12.529591,0.298692,32.736134
917,7.641667,-0.015917,0.875151,0.038013,0.482091,-6.663726,87.730171,16.463793,-0.073967,0.859068,0.123049,0.491315,-7.132699,94.975021,16.835903,-0.037312,0.862247,0.095067,0.496085,-10.247168,107.015816,18.578196,0.008493,0.876656,-0.076976,0.474845,-12.626476,121.698586,20.481472,0.031691,0.874161,-0.197034,0.442738,-9.943477,135.021362,17.785269,-0.033980,0.785538,0.227884,0.574322,-14.496747,116.136230,17.263288,0.258407,-0.318279,0.201757,-0.889504,-20.383686,119.765427,1.278198,0.244404,0.424567,-0.455042,-0.743604,-2.496028,106.688705,-10.262822,0.362536,0.472222,-0.325332,-0.734665,1.867478,123.809608,-2.343653,-0.148686,0.891558,0.163525,0.395319,-10.915817,115.923668,23.379686,0.335046,0.874817,0.139291,-0.320993,0.287303,118.289505,36.503834,-0.102294,0.239853,0.506538,-0.821843,14.513150,105.878174,20.140823,0.027653,0.062997,0.471672,-0.879086,7.053039,123.569748,14.309168,0.066718,0.862655,0.099627,0.491375,-11.403732,87.808113,8.972483,0.078020,0.878352,-0.103810,0.460037,-12.044874,51.606071,0.121645,-0.029543,0.938250,0.020842,0.344065,-23.044926,5.903849,5.351752,-0.103128,0.872385,-0.050173,0.475175,-1.923720,87.652222,23.955103,0.007270,0.870925,-0.070722,0.486245,3.005846,51.358925,30.871204,-0.036699,0.793760,0.042329,0.605646,-0.846047,4.539603,36.363220,-0.029543,0.938250,0.020842,0.344065,-14.073557,0.946889,-4.894423,-0.036699,0.793760,0.042329,0.605646,12.529450,0.298069,32.737419
918,7.650000,-0.016029,0.874701,0.037920,0.482911,-6.640615,87.727097,16.437153,-0.073761,0.858649,0.122869,0.492123,-7.110707,94.972000,16.806856,-0.037454,0.861765,0.095144,0.496896,-10.218701,107.008705,18.544146,0.008404,0.876189,-0.076377,0.475803,-12.604589,121.690712,20.445021,0.031636,0.873706,-0.196732,0.443772,-9.927405,135.018173,17.766191,-0.034208,0.784971,0.228054,0.575015,-14.467626,116.128456,17.222494,0.257847,-0.317721,0.201952,-0.889822,-20.326267,119.761017,1.227771,0.244302,0.424701,-0.455121,-0.743512,-2.424808,106.688515,-10.296620,0.362269,0.472585,-0.324977,-0.734721,1.931642,123.810173,-2.373822,-0.149006,0.891008,0.163424,0.396477,-10.898262,115.915726,23.345644,0.334889,0.875118,0.139633,-0.320188,0.269608,118.283463,36.499458,-0.102843,0.240647,0.506457,-0.821592,14.526521,105.873833,20.162205,0.027177,0.063822,0.471452,-0.879160,7.078569,123.565826,14.317753,0.066707,0.862593,0.099166,0.491580,-11.366526,87.803192,8.936922,0.078227,0.878637,-0.103884,0.459441,-12.022023,51.594208,0.115541,-0.029556,0.938301,0.020957,0.343916,-23.038727,5.896502,5.350034,-0.103228,0.872187,-0.050301,0.475503,-1.914706,87.651009,23.937382,0.007334,0.870803,-0.070781,0.486455,3.014075,51.360214,30.867144,-0.036601,0.793748,0.042268,0.605672,-0.847128,4.541767,36.360092,-0.029556,0.938301,0.020957,0.343916,-14.070111,0.942511,-4.899988,-0.036601,0.793748,0.042268,0.605672,12.527582,0.297241,32.734879
919,7.658333,-0.015976,0.874355,0.037963,0.483536,-6.620737,87.723068,16.414721,-0.073941,0.858236,0.122589,0.492886,-7.090714,94.967941,16.785000,-0.037575,0.861304,0.095231,0.497669,-10.200341,107.004356,18.511143,0.008761,0.875815,-0.076447,0.476473,-12.592344,121.685600,20.410286,0.031534,0.873564,-0.196235,0.444278,-9.902993,135.011871,17.737705,-0.034469,0.784186,0.228282,0.575979,-14.448537,116.123566,17.183420,0.257840,-0.317251,0.202144,-0.889948,-20.267895,119.762146,1.175734,0.244425,0.425054,-0.455098,-0.743284,-2.355407,106.686020,-10.327393,0.361926,0.472978,-0.324821,-0.734705,1.990003,123.807274,-2.400623,-0.149179,0.890543,0.163483,0.397432,-10.890206,115.910408,23.312971,0.334644,0.875471,0.139970,-0.319331,0.249454,118.274857,36.491268,-0.103501,0.241385,0.506342,-0.821364,14.541930,105.869438,20.181919,0.026761,0.064610,0.471103,-0.879302,7.103275,123.563171,14.327969,0.066603,0.862545,0.098836,0.491744,-11.335964,87.800858,8.907788,0.078469,0.878722,-0.104046,0.459200,-11.995422,51.585972,0.111002,-0.029699,0.938330,0.020941,0.343826,-23.037514,5.895024,5.351033,-0.103275,0.872085,-0.050486,0.475661,-1.905509,87.645271,23.921650,0.007382,0.870926,-0.070797,0.486231,3.018353,51.356571,30.865892,-0.037396,0.793791,0.041467,0.605623,-0.846151,4.538417,36.358997,-0.029699,0.938330,0.020941,0.343826,-14.069470,0.941973,-4.899941,-0.037396,0.793791,0.041467,0.605623,12.529778,0.289682,32.743244
920,7.666667,-0.015943,0.873908,0.037783,0.484359,-6.599384,87.718056,16.386227,-0.073929,0.857723,0.122813,0.493723,-7.068024,94.963142,16.754017,-0.037586,0.860791,0.095276,0.498547,-10.182672,107.001564,18.482483,0.008797,0.875409,-0.076214,0.477256,-12.577570,121.682526,20.380138,0.031362,0.873312,-0.195940,0.444916,-9.887135,135.010498,17.717182,-0.034709,0.783613,0.228278,0.576746,-14.427588,116.121353,17.148254,0.257684,-0.316832,0.202168,-0.890138,-20.215586,119.760094,1.129238,0.244472,0.425275,-0.454993,-0.743207,-2.290294,106.688866,-10.359500,0.361798,0.473129,-0.324694,-0.734728,2.050991,123.806427,-2.428493,-0.149372,0.890065,0.163401,0.398463,-10.881676,115.906570,23.284943,0.334432,0.875793,0.140402,-0.318480,0.227393,118.269753,36.489265,-0.103987,0.242205,0.506202,-0.821147,14.554079,105.869141,20.206284,0.026178,0.065388,0.471266,-0.879174,7.125160,123.563194,14.336339,0.066646,0.862222,0.098477,0.492376,-11.300521,87.795502,8.870457,0.078632,0.878823,-0.104288,0.458924,-11.969698,51.575756,0.094434,-0.029648,0.938339,0.020999,0.343803,-23.033890,5.892012,5.350577,-0.103347,0.871958,-0.050608,0.475865,-1.898249,87.640610,23.901995,0.007413,0.871053,-0.070902,0.485988,3.024273,51.353962,30.857866,-0.037462,0.793813,0.041402,0.605593,-0.846022,4.537249,36.359177,-0.029648,0.938339,0.020999,0.343803,-14.066693,0.939941,-4.901612,-0.037462,0.793813,0.041402,0.605593,12.529795,0.288193,32.743370
921,7.675000,-0.016036,0.873540,0.037837,0.485015,-6.574771,87.715874,16.359728,-0.073550,0.856911,0.123521,0.495012,-7.045248,94.960861,16.727200,-0.038322,0.859797,0.094928,0.500269,-10.166314,107.009033,18.472549,0.009141,0.874634,-0.076285,0.478657,-12.578762,121.690300,20.345423,0.031067,0.872970,-0.195681,0.445721,-9.873422,135.017151,17.692053,-0.034991,0.782856,0.228370,0.577720,-14.411751,116.124619,17.111586,0.257841,-0.316331,0.202293,-0.890242,-20.159901,119.766190,1.078865,0.244918,0.425467,-0.454741,-0.743104,-2.221280,106.692314,-10.386041,0.361897,0.473367,-0.324403,-0.734654,2.122037,123.807976,-2.457584,-0.149236,0.889839,0.163682,0.398903,-10.891020,115.918419,23.263050,0.334229,0.876162,0.140364,-0.317695,0.207236,118.269791,36.478580,-0.104805,0.243027,0.506066,-0.820885,14.565685,105.865822,20.226170,0.025594,0.066278,0.471108,-0.879209,7.146554,123.563042,14.347201,0.066702,0.862156,0.098025,0.492573,-11.264576,87.792892,8.836878,0.078791,0.879029,-0.104361,0.458485,-11.952120,51.567089,0.087313,-0.029523,0.938347,0.021160,0.343782,-23.029917,5.887148,5.347903,-0.103349,0.871902,-0.050818,0.475946,-1.884966,87.638863,23.882580,0.007430,0.870993,-0.070991,0.486082,3.029475,51.353813,30.852514,-0.037403,0.793854,0.041376,0.605546,-0.846954,4.538324,36.359917,-0.029523,0.938347,0.021160,0.343782,-14.063933,0.937912,-4.906720,-0.037403,0.793854,0.041376,0.605546,12.527882,0.287702,32.742306
922,7.683333,-0.016249,0.873084,0.037805,0.485830,-6.545896,87.712601,16.332745,-0.073760,0.856521,0.123340,0.495700,-7.019200,94.957527,16.697861,-0.038475,0.859405,0.095174,0.500885,-10.144168,107.006874,18.434351,0.009335,0.874239,-0.075866,0.479440,-12.565544,121.686386,20.309443,0.030703,0.872647,-0.195380,0.446510,-9.857793,135.015945,17.672140,-0.034474,0.782969,0.227662,0.577876,-14.391455,116.121208,17.070749,0.257953,-0.315664,0.202110,-0.890488,-20.134548,119.763718,1.036437,0.245397,0.425329,-0.454321,-0.743282,-2.171192,106.702332,-10.403931,0.362001,0.473504,-0.324375,-0.734527,2.190728,123.812820,-2.482235,-0.149596,0.889234,0.163888,0.400031,-10.879636,115.914085,23.227272,0.333772,0.876618,0.140781,-0.316729,0.183465,118.264175,36.472466,-0.105369,0.243716,0.505678,-0.820847,14.587748,105.872391,20.251343,0.025164,0.067095,0.470894,-0.879275,7.166512,123.564102,14.359966,0.066811,0.862085,0.097522,0.492784,-11.221552,87.786713,8.801065,0.079028,0.879312,-0.104471,0.457876,-11.932688,51.554668,0.079304,-0.029802,0.938332,0.021259,0.343793,-23.031046,5.880439,5.346110,-0.103309,0.871756,-0.051044,0.476196,-1.870240,87.638489,23.864422,0.007442,0.871043,-0.071048,0.485985,3.031519,51.354553,30.849024,-0.037172,0.793830,0.041382,0.605591,-0.847894,4.539845,36.360973,-0.029802,0.938332,0.021259,0.343793,-14.061774,0.936464,-4.908168,-0.037172,0.793830,0.041382,0.605591,12.525685,0.285431,32.743191
923,7.691667,-0.016305,0.872671,0.037776,0.486572,-6.519274,87.713127,16.304560,-0.073654,0.855786,0.124177,0.496774,-6.993392,94.958054,16.668510,-0.038233,0.858657,0.095370,0.502146,-10.126485,106.994881,18.418941,0.008917,0.873716,-0.076177,0.480351,-12.547337,121.673836,20.299135,0.030201,0.872372,-0.195013,0.447242,-9.841733,135.002167,17.653442,-0.034881,0.782247,0.227683,0.578821,-14.366216,116.112045,17.050684,0.257235,-0.315321,0.202015,-0.890838,-20.070240,119.752266,1.001911,0.244950,0.425545,-0.454552,-0.743164,-2.094148,106.707291,-10.437177,0.361700,0.473887,-0.324267,-0.734476,2.252717,123.817947,-2.505147,-0.150199,0.888834,0.163539,0.400837,-10.872077,115.898453,23.217041,0.333778,0.876785,0.142126,-0.315660,0.162256,118.265388,36.483212,-0.105255,0.244259,0.505585,-0.820758,14.600140,105.884293,20.283825,0.024784,0.067736,0.470553,-0.879419,7.187582,123.567841,14.374195,0.066981,0.861860,0.096947,0.493267,-11.182101,87.786743,8.764925,0.079196,0.879410,-0.104587,0.457633,-11.920691,51.548038,0.073092,-0.029897,0.938313,0.021283,0.343834,-23.036327,5.878610,5.345082,-0.103363,0.871634,-0.051318,0.476379,-1.856448,87.639519,23.844194,0.007507,0.871058,-0.071114,0.485948,3.037469,51.358498,30.849442,-0.036891,0.793880,0.041773,0.605515,-0.850092,4.544768,36.363937,-0.029897,0.938313,0.021283,0.343834,-14.065139,0.936199,-4.908277,-0.036891,0.793880,0.041773,0.605515,12.522777,0.294229,32.738991
924,7.700000,-0.016383,0.872256,0.037719,0.487317,-6.493443,87.712120,16.278139,-0.073675,0.855208,0.124228,0.497755,-6.968457,94.957077,16.640406,-0.038363,0.858006,0.095539,0.503216,-10.104940,106.994713,18.388210,0.008768,0.873214,-0.076070,0.481283,-12.534003,121.672394,20.267708,0.029798,0.872079,-0.194597,0.448019,-9.829495,135.001953,17.627018,-0.035671,0.780912,0.228372,0.580303,-14.343413,116.111359,17.012680,0.256834,-0.314833,0.202366,-0.891047,-19.985691,119.757393,0.943413,0.244905,0.426098,-0.454625,-0.742818,-2.001311,106.707253,-10.476749,0.361710,0.474121,-0.323981,-0.734447,2.326206,123.824097,-2.531793,-0.150381,0.888345,0.163657,0.401803,-10.864670,115.896355,23.187683,0.333369,0.877185,0.142428,-0.314842,0.140744,118.259201,36.478584,-0.105968,0.244934,0.505341,-0.820615,14.618015,105.888283,20.306599,0.024408,0.068514,0.470002,-0.879664,7.208901,123.570587,14.389588,0.067066,0.861700,0.096405,0.493641,-11.143351,87.784653,8.730520,0.079403,0.879588,-0.104653,0.457239,-11.903845,51.539005,0.069626,-0.029727,0.938294,0.021491,0.343887,-23.037071,5.874005,5.342859,-0.103382,0.871426,-0.051533,0.476731,-1.843536,87.639587,23.825758,0.007512,0.870843,-0.071127,0.486330,3.041045,51.360512,30.847582,-0.036627,0.793823,0.041952,0.605594,-0.849948,4.546964,36.361206,-0.029727,0.938294,0.021491,0.343887,-14.065804,0.935255,-4.912189,-0.036627,0.793823,0.041952,0.605594,12.522629,0.295899,32.735783
925,7.708333,-0.016471,0.871808,0.037626,0.488123,-6.468150,87.708427,16.251696,-0.073738,0.854777,0.124003,0.498540,-6.943952,94.953445,16.611725,-0.038231,0.857563,0.095741,0.503943,-10.078783,106.985184,18.350096,0.008675,0.872737,-0.075908,0.482175,-12.509063,121.662018,20.234665,0.029113,0.871687,-0.193974,0.449096,-9.805198,134.993057,17.600805,-0.035823,0.780340,0.228700,0.580933,-14.313807,116.103233,16.973209,0.256593,-0.314316,0.202551,-0.891257,-19.930204,119.757484,0.896746,0.245019,0.426048,-0.454316,-0.742997,-1.933321,106.707428,-10.503791,0.361402,0.474226,-0.324065,-0.734493,2.406771,123.820221,-2.556241,-0.150779,0.887721,0.163607,0.403050,-10.845301,115.883949,23.153818,0.333005,0.877519,0.142718,-0.314166,0.120980,118.249443,36.476555,-0.106614,0.245563,0.505148,-0.820462,14.631655,105.888664,20.326761,0.023888,0.069229,0.470211,-0.879510,7.226491,123.571899,14.402363,0.067290,0.861448,0.095870,0.494154,-11.104065,87.779465,8.695459,0.079505,0.879676,-0.104750,0.457030,-11.893731,51.528381,0.059968,-0.030005,0.938296,0.021569,0.343852,-23.038200,5.866819,5.339243,-0.103392,0.871233,-0.051760,0.477057,-1.832235,87.637383,23.807930,0.007514,0.870759,-0.071124,0.486481,3.042148,51.360214,30.846643,-0.036613,0.793814,0.041892,0.605610,-0.849821,4.546637,36.359310,-0.030005,0.938296,0.021569,0.343852,-14.064698,0.932764,-4.916112,-0.036613,0.793814,0.041892,0.605610,12.522489,0.294025,32.734718
926,7.716667,-0.016890,0.871476,0.037898,0.488680,-6.426439,87.714668,16.223639,-0.074232,0.854187,0.124348,0.499391,-6.909708,94.959175,16.583820,-0.038301,0.856970,0.095878,0.504919,-10.059789,106.982216,18.319298,0.008868,0.872359,-0.075304,0.482949,-12.496075,121.658096,20.203505,0.028542,0.871569,-0.193883,0.449403,-9.792371,134.993164,17.589973,-0.035817,0.779896,0.228003,0.581802,-14.292744,116.100250,16.935993,0.256423,-0.313695,0.202380,-0.891563,-19.873962,119.748009,0.845802,0.245179,0.426621,-0.454291,-0.742631,-1.854119,106.713089,-10.535792,0.361829,0.474453,-0.323707,-0.734294,2.468469,123.828781,-2.579450,-0.150907,0.887227,0.163546,0.404114,-10.838274,115.879204,23.124399,0.332689,0.877877,0.143032,-0.313356,0.096747,118.240829,36.473499,-0.107253,0.246343,0.504997,-0.820238,14.643343,105.887115,20.350636,0.023473,0.069917,0.469648,-0.879768,7.247560,123.570229,14.415184,0.067586,0.861246,0.095203,0.494594,-11.052470,87.782059,8.661313,0.079624,0.879700,-0.104824,0.456947,-11.881510,51.524448,0.056961,-0.029850,0.938278,0.021511,0.343919,-23.038397,5.866143,5.338167,-0.103136,0.871129,-0.052179,0.477257,-1.800409,87.647278,23.785967,0.007493,0.870644,-0.071082,0.486692,3.040892,51.369411,30.843920,-0.037049,0.793792,0.040929,0.605678,-0.848765,4.555243,36.353195,-0.029850,0.938278,0.021511,0.343919,-14.065165,0.929123,-4.916003,-0.037049,0.793792,0.040929,0.605678,12.522386,0.288809,32.740585
927,7.725000,-0.016857,0.870994,0.037811,0.489546,-6.401835,87.710442,16.194603,-0.073980,0.853615,0.124228,0.500435,-6.884426,94.955063,16.553432,-0.038614,0.856262,0.096352,0.506004,-10.030603,106.982864,18.286222,0.008765,0.871979,-0.075128,0.483664,-12.484433,121.655289,20.174589,0.028156,0.871530,-0.193528,0.449656,-9.782531,134.991913,17.567226,-0.036031,0.779096,0.228688,0.582592,-14.267811,116.098236,16.898445,0.255806,-0.313178,0.202899,-0.891804,-19.816465,119.761368,0.800490,0.245265,0.426653,-0.454014,-0.742754,-1.790933,106.717155,-10.561419,0.361916,0.474618,-0.323859,-0.734078,2.540147,123.827950,-2.601379,-0.151045,0.886728,0.163552,0.405154,-10.829243,115.875717,23.095646,0.332309,0.878273,0.143364,-0.312496,0.075008,118.232979,36.470657,-0.107764,0.247006,0.504700,-0.820154,14.661068,105.888367,20.376514,0.023071,0.070609,0.469593,-0.879753,7.265797,123.569427,14.428634,0.067752,0.861002,0.094560,0.495120,-11.012866,87.778297,8.623126,0.079724,0.879866,-0.104864,0.456599,-11.871376,51.513271,0.053004,-0.029859,0.938290,0.021777,0.343870,-23.036190,5.857289,5.337523,-0.103152,0.870725,-0.052398,0.477966,-1.790805,87.642578,23.766079,0.007449,0.870426,-0.071056,0.487088,3.037856,51.366661,30.842686,-0.037174,0.793756,0.040884,0.605721,-0.849434,4.552073,36.350079,-0.029859,0.938290,0.021777,0.343870,-14.063147,0.927089,-4.920090,-0.037174,0.793756,0.040884,0.605721,12.522784,0.286780,32.740082
928,7.733333,-0.017009,0.870424,0.037707,0.490562,-6.368893,87.709038,16.166353,-0.073926,0.853031,0.124438,0.501387,-6.853083,94.953705,16.522221,-0.038726,0.855666,0.096519,0.506972,-10.002295,106.979134,18.256420,0.008690,0.871478,-0.075071,0.484577,-12.463631,121.650337,20.144516,0.027418,0.871263,-0.192931,0.450474,-9.760543,134.987656,17.541864,-0.036297,0.778516,0.228859,0.583283,-14.238347,116.094086,16.862326,0.255506,-0.312773,0.202832,-0.892048,-19.758245,119.759727,0.755054,0.245348,0.427008,-0.453662,-0.742738,-1.718713,106.725883,-10.596520,0.362341,0.474402,-0.323636,-0.734106,2.612850,123.830414,-2.624948,-0.151365,0.886138,0.163578,0.406312,-10.813804,115.870071,23.067234,0.331819,0.878675,0.143690,-0.311736,0.054336,118.227180,36.471634,-0.108119,0.247552,0.504234,-0.820230,14.680409,105.897057,20.402708,0.022715,0.071283,0.469633,-0.879686,7.278070,123.567841,14.442088,0.067922,0.860779,0.093935,0.495603,-10.962174,87.774506,8.584075,0.079957,0.879825,-0.105037,0.456598,-11.850155,51.502407,0.046916,-0.029991,0.938238,0.021908,0.343991,-23.041470,5.853361,5.335347,-0.103062,0.870440,-0.052644,0.478477,-1.775611,87.643578,23.748632,0.007416,0.870215,-0.071065,0.487464,3.034235,51.368206,30.840841,-0.036534,0.793763,0.041551,0.605705,-0.853138,4.553697,36.348808,-0.029991,0.938238,0.021908,0.343991,-14.064097,0.927881,-4.920748,-0.036534,0.793763,0.041551,0.605705,12.517701,0.292260,32.729160
929,7.741667,-0.017090,0.869938,0.037602,0.491429,-6.339759,87.706268,16.139185,-0.073801,0.852418,0.124522,0.502426,-6.824579,94.951004,16.492672,-0.039075,0.854953,0.096701,0.508111,-9.973149,106.972084,18.225780,0.008973,0.870994,-0.074644,0.485508,-12.448687,121.641418,20.109844,0.026681,0.871142,-0.192597,0.450894,-9.740747,134.981293,17.525383,-0.036362,0.778034,0.229071,0.583839,-14.211017,116.084686,16.821812,0.254901,-0.312124,0.202884,-0.892436,-19.708174,119.757904,0.708491,0.245365,0.426929,-0.453434,-0.742917,-1.649445,106.735504,-10.625698,0.362172,0.474801,-0.323622,-0.733937,2.693183,123.837830,-2.650768,-0.151553,0.885498,0.163233,0.407774,-10.803261,115.861641,23.035992,0.331380,0.879083,0.144061,-0.310882,0.021464,118.217720,36.475658,-0.108556,0.248469,0.504006,-0.820034,14.688635,105.899727,20.434900,0.022473,0.071945,0.469240,-0.879848,7.295686,123.566628,14.454145,0.068206,0.860454,0.093237,0.496259,-10.917893,87.770302,8.547737,0.079844,0.880198,-0.104898,0.455930,-11.843654,51.491348,0.043795,-0.030190,0.938414,0.022292,0.343470,-23.015699,5.837822,5.334262,-0.103004,0.870000,-0.052790,0.479273,-1.761624,87.642235,23.730633,0.007354,0.869945,-0.071005,0.487955,3.032707,51.367115,30.834627,-0.036138,0.793542,0.042178,0.605976,-0.849904,4.551706,36.338333,-0.030190,0.938414,0.022292,0.343470,-14.046555,0.923761,-4.934503,-0.036138,0.793542,0.042178,0.605976,12.523706,0.297394,32.720531
930,7.750000,-0.016767,0.869365,0.037368,0.492469,-6.330121,87.696648,16.113291,-0.073773,0.851945,0.124335,0.503278,-6.809606,94.941803,16.465559,-0.038971,0.854496,0.096874,0.508854,-9.959187,106.972481,18.193165,0.008897,0.870679,-0.074511,0.486093,-12.436327,121.641052,20.081039,0.026182,0.871036,-0.192155,0.451318,-9.729568,134.982117,17.501507,-0.036712,0.777216,0.229228,0.584844,-14.193666,116.086304,16.786974,0.254245,-0.311577,0.203195,-0.892744,-19.649002,119.762299,0.660078,0.245273,0.427211,-0.453279,-0.742880,-1.579505,106.740128,-10.657209,0.362081,0.475014,-0.323455,-0.733918,2.759289,123.838654,-2.671645,-0.151720,0.884913,0.163025,0.409063,-10.796514,115.859482,23.006821,0.331049,0.879468,0.144139,-0.310107,-0.010231,118.213257,36.477764,-0.109044,0.249431,0.503794,-0.819808,14.691928,105.899086,20.466143,0.022062,0.072698,0.469343,-0.879742,7.309636,123.563423,14.464931,0.068261,0.859998,0.092780,0.497128,-10.890301,87.764481,8.511079,0.080119,0.879551,-0.105409,0.457012,-11.828156,51.479763,0.033128,-0.030351,0.938202,0.022162,0.344042,-23.051071,5.840576,5.339618,-0.103301,0.869546,-0.052765,0.480036,-1.769940,87.628815,23.715506,0.007375,0.869735,-0.071086,0.488317,3.038073,51.358063,30.832541,-0.036477,0.793580,0.042161,0.605906,-0.852273,4.543772,36.340298,-0.030351,0.938202,0.022162,0.344042,-14.068265,0.925116,-4.916527,-0.036477,0.793580,0.042161,0.605906,12.523085,0.294811,32.722679
931,7.758333,-0.017267,0.868841,0.037597,0.493360,-6.287611,87.685707,16.082939,-0.074160,0.851293,0.124743,0.504222,-6.775415,94.930359,16.434019,-0.039091,0.853876,0.096935,0.509874,-9.942823,106.967079,18.163095,0.009231,0.870210,-0.074298,0.486960,-12.426181,121.635017,20.047703,0.025351,0.870904,-0.191720,0.451803,-9.710834,134.976959,17.481773,-0.036206,0.777382,0.228527,0.584929,-14.174984,116.080666,16.748430,0.256133,-0.311517,0.202305,-0.892427,-19.628138,119.756531,0.620770,0.246542,0.427816,-0.452005,-0.742887,-1.538740,106.748642,-10.681122,0.362246,0.475148,-0.322877,-0.734004,2.821836,123.826302,-2.693348,-0.152114,0.884415,0.163172,0.409935,-10.792703,115.853119,22.976347,0.330675,0.879925,0.144550,-0.309017,-0.035497,118.209366,36.470081,-0.109195,0.249961,0.503345,-0.819902,14.712757,105.902542,20.495241,0.021985,0.073279,0.469440,-0.879644,7.322998,123.557755,14.476763,0.068660,0.859738,0.091951,0.497676,-10.831915,87.748596,8.471186,0.080250,0.879468,-0.105551,0.457115,-11.820986,51.456528,0.030558,-0.031016,0.938117,0.022629,0.344183,-23.061329,5.822161,5.341602,-0.103122,0.869102,-0.053022,0.480849,-1.743308,87.622818,23.694695,0.007331,0.869434,-0.071074,0.488855,3.037275,51.351334,30.826473,-0.037269,0.793452,0.041451,0.606075,-0.852341,4.536825,36.332912,-0.031016,0.938117,0.022629,0.344183,-14.067510,0.925227,-4.913749,-0.037269,0.793452,0.041451,0.606075,12.526637,0.285669,32.731316
932,7.766667,-0.017020,0.868464,0.037574,0.494033,-6.267559,87.687775,16.055002,-0.074451,0.850758,0.125010,0.505015,-6.752345,94.932571,16.407188,-0.039184,0.853356,0.096943,0.510734,-9.930004,106.963417,18.134691,0.009343,0.869892,-0.074074,0.487558,-12.417778,121.631088,20.015570,0.024876,0.870896,-0.191306,0.452022,-9.700352,134.974442,17.459238,-0.036358,0.776779,0.228514,0.585725,-14.159693,116.076958,16.712296,0.256312,-0.311080,0.202267,-0.892537,-19.580021,119.755577,0.574203,0.246910,0.428045,-0.451491,-0.742946,-1.476269,106.751083,-10.708599,0.362207,0.475305,-0.322866,-0.733927,2.894072,123.820808,-2.715939,-0.151972,0.883979,0.163037,0.410980,-10.789960,115.848991,22.946995,0.330301,0.880295,0.144807,-0.308241,-0.061106,118.194542,36.465145,-0.109783,0.250671,0.503068,-0.819777,14.723429,105.896423,20.517168,0.021512,0.074128,0.469512,-0.879546,7.336897,123.548569,14.487414,0.068653,0.859386,0.091232,0.498417,-10.800241,87.754829,8.436357,0.080479,0.880091,-0.105324,0.455927,-11.808691,51.452862,0.040711,-0.030048,0.938103,0.023068,0.344278,-23.051182,5.817446,5.338204,-0.103059,0.868557,-0.053150,0.481833,-1.734877,87.620720,23.673647,0.007158,0.869012,-0.071120,0.489601,3.028993,51.349293,30.816864,-0.036581,0.793445,0.042249,0.606071,-0.853265,4.535174,36.331749,-0.030048,0.938103,0.023068,0.344278,-14.063585,0.922204,-4.923410,-0.036581,0.793445,0.042249,0.606071,12.524776,0.289933,32.719700
933,7.775000,-0.017077,0.867916,0.037507,0.494998,-6.238091,87.683571,16.028208,-0.074602,0.850160,0.125215,0.505949,-6.723518,94.928421,16.378597,-0.039404,0.852755,0.097069,0.511697,-9.908541,106.956268,18.104759,0.009830,0.869464,-0.074049,0.488317,-12.405966,121.622696,19.982582,0.024003,0.870903,-0.190594,0.452357,-9.674322,134.965210,17.437088,-0.036821,0.775900,0.228939,0.586694,-14.138283,116.068520,16.674320,0.255907,-0.310631,0.202538,-0.892748,-19.517820,119.752106,0.523713,0.247021,0.428537,-0.451102,-0.742862,-1.405603,106.745399,-10.742938,0.362195,0.475551,-0.322292,-0.734026,2.961941,123.808838,-2.735815,-0.152385,0.883452,0.163121,0.411926,-10.782760,115.840660,22.916687,0.330107,0.880641,0.144975,-0.307380,-0.085397,118.189552,36.459194,-0.110076,0.251342,0.502863,-0.819658,14.732038,105.890594,20.542416,0.021297,0.074648,0.469447,-0.879542,7.350458,123.540161,14.496567,0.068928,0.859151,0.090490,0.498918,-10.753812,87.749954,8.399490,0.080542,0.879939,-0.105412,0.456189,-11.802837,51.440765,0.040155,-0.030572,0.938073,0.023220,0.344303,-23.055826,5.808062,5.338765,-0.102954,0.868042,-0.053268,0.482769,-1.722370,87.617180,23.656925,0.007026,0.868586,-0.071100,0.490361,3.022789,51.345085,30.809174,-0.036874,0.793307,0.042082,0.606245,-0.852513,4.530513,36.325150,-0.030572,0.938073,0.023220,0.344303,-14.062071,0.921876,-4.921769,-0.036874,0.793307,0.042082,0.606245,12.528357,0.286566,32.722057
934,7.783333,-0.017082,0.867370,0.037387,0.495964,-6.212382,87.679604,16.000736,-0.074823,0.849580,0.125453,0.506831,-6.697398,94.924576,16.349039,-0.039624,0.852193,0.097225,0.512586,-9.892009,106.950783,18.074081,0.009454,0.869211,-0.073812,0.488809,-12.399366,121.615776,19.949841,0.024072,0.870912,-0.190146,0.452524,-9.677769,134.960907,17.407175,-0.036889,0.775410,0.228832,0.587380,-14.122412,116.061638,16.636690,0.255423,-0.310046,0.202784,-0.893034,-19.473753,119.747314,0.477198,0.247137,0.428475,-0.450774,-0.743058,-1.348379,106.741730,-10.769582,0.361962,0.475702,-0.321852,-0.734236,3.032381,123.799202,-2.760489,-0.152145,0.882959,0.162740,0.413220,-10.780034,115.833755,22.886103,0.329668,0.881033,0.145269,-0.306589,-0.117324,118.170776,36.457962,-0.110731,0.252273,0.502669,-0.819403,14.738840,105.883476,20.568295,0.020982,0.075590,0.469075,-0.879668,7.367783,123.533356,14.506361,0.069096,0.858915,0.089720,0.499440,-10.711130,87.745667,8.361994,0.080712,0.880260,-0.105338,0.455556,-11.794873,51.427853,0.044620,-0.030757,0.938062,0.023470,0.344302,-23.054966,5.796278,5.337809,-0.102945,0.867605,-0.053406,0.483542,-1.713634,87.613533,23.639479,0.006954,0.868254,-0.071159,0.490941,3.019521,51.342384,30.804485,-0.037320,0.793366,0.041536,0.606178,-0.856255,4.528508,36.325989,-0.030757,0.938062,0.023470,0.344302,-14.058685,0.918282,-4.924409,-0.037320,0.793366,0.041536,0.606178,12.524451,0.280091,32.727562
935,7.791667,-0.017125,0.866858,0.037228,0.496869,-6.187508,87.677528,15.974209,-0.074935,0.848987,0.125717,0.507741,-6.672279,94.922653,16.319693,-0.039841,0.851591,0.097322,0.513550,-9.873470,106.943253,18.044851,0.009428,0.868876,-0.073585,0.489439,-12.389955,121.607162,19.916851,0.023800,0.870929,-0.189479,0.452784,-9.669466,134.954025,17.382177,-0.036890,0.775065,0.228769,0.587859,-14.103563,116.052902,16.598999,0.254951,-0.309402,0.202957,-0.893353,-19.435274,119.741531,0.433691,0.247315,0.428488,-0.450469,-0.743176,-1.293467,106.740524,-10.791846,0.361954,0.475941,-0.321482,-0.734247,3.097325,123.793831,-2.780861,-0.152649,0.882440,0.162945,0.414060,-10.775460,115.825272,22.856035,0.329320,0.881450,0.145501,-0.305652,-0.142332,118.167320,36.450214,-0.111193,0.253031,0.502308,-0.819328,14.753959,105.885208,20.594143,0.020542,0.076347,0.468946,-0.879681,7.383966,123.529175,14.515967,0.069167,0.858866,0.089044,0.499637,-10.670300,87.742279,8.326081,0.080990,0.880488,-0.105456,0.455039,-11.782235,51.416206,0.048645,-0.030831,0.937989,0.023692,0.344476,-23.067129,5.791229,5.345845,-0.102920,0.867094,-0.053618,0.484438,-1.704717,87.612770,23.622337,0.006851,0.868079,-0.071055,0.491267,3.011677,51.342941,30.805016,-0.036804,0.793263,0.042121,0.606305,-0.852918,4.527539,36.321415,-0.030831,0.937989,0.023692,0.344476,-14.065677,0.919697,-4.914911,-0.036804,0.793263,0.042121,0.606305,12.528178,0.283282,32.719536
936,7.800000,-0.017265,0.866395,0.037250,0.497669,-6.157752,87.675247,15.946815,-0.075464,0.848420,0.125942,0.508555,-6.644763,94.920280,16.291121,-0.039978,0.851066,0.097473,0.514381,-9.861451,106.936920,18.010921,0.009985,0.868460,-0.074206,0.490072,-12.385577,121.599617,19.882122,0.023160,0.870995,-0.188150,0.453246,-9.641203,134.940857,17.343653,-0.037056,0.774388,0.228963,0.588664,-14.091146,116.045845,16.559324,0.254389,-0.308729,0.203333,-0.893660,-19.389429,119.741264,0.384583,0.247481,0.428774,-0.450179,-0.743132,-1.234470,106.737564,-10.816559,0.361929,0.476318,-0.320932,-0.734255,3.157199,123.788109,-2.797794,-0.152939,0.882005,0.162949,0.414879,-10.775316,115.817329,22.822838,0.329097,0.881812,0.145749,-0.304729,-0.168912,118.161247,36.437553,-0.112026,0.253915,0.502144,-0.819041,14.762849,105.880081,20.614164,0.019923,0.077450,0.468442,-0.879867,7.403943,123.525955,14.525681,0.069351,0.858802,0.088210,0.499868,-10.626346,87.738731,8.290376,0.081211,0.881160,-0.105199,0.453756,-11.779257,51.403530,0.058711,-0.031063,0.938022,0.024025,0.344345,-23.063898,5.776820,5.341533,-0.102860,0.866658,-0.053922,0.485196,-1.689158,87.611771,23.603256,0.006800,0.867881,-0.071003,0.491624,3.005979,51.343452,30.807495,-0.036817,0.793221,0.042166,0.606356,-0.854338,4.527283,36.320404,-0.031063,0.938022,0.024025,0.344345,-14.062050,0.915989,-4.923944,-0.036817,0.793221,0.042166,0.606356,12.527532,0.284224,32.719986
937,7.808333,-0.016990,0.865915,0.037047,0.498527,-6.141140,87.676010,15.918365,-0.075473,0.847789,0.126127,0.509558,-6.623557,94.921402,16.261623,-0.040362,0.850372,0.097490,0.515495,-9.842973,106.930054,17.980379,0.009982,0.868109,-0.074041,0.490719,-12.379571,121.591721,19.842720,0.023250,0.871078,-0.187296,0.453435,-9.634884,134.934235,17.311197,-0.037306,0.773776,0.229190,0.589365,-14.073390,116.036621,16.516144,0.254301,-0.308098,0.203542,-0.893855,-19.342279,119.736328,0.332779,0.247882,0.429173,-0.449809,-0.742992,-1.172136,106.730690,-10.841452,0.362027,0.476773,-0.320626,-0.734046,3.219585,123.780205,-2.816213,-0.153088,0.881566,0.163000,0.415737,-10.774267,115.810669,22.788568,0.328726,0.882211,0.145760,-0.303969,-0.194270,118.151237,36.424397,-0.112881,0.254700,0.501932,-0.818810,14.772836,105.874489,20.630991,0.019356,0.078275,0.468464,-0.879795,7.420534,123.523140,14.534593,0.069470,0.858576,0.087420,0.500379,-10.594745,87.742630,8.253221,0.081243,0.881065,-0.105226,0.453929,-11.780247,51.398308,0.066555,-0.031001,0.937999,0.024135,0.344404,-23.069706,5.772635,5.348058,-0.102965,0.866280,-0.054168,0.485822,-1.687536,87.609398,23.583511,0.006748,0.867652,-0.070923,0.492041,3.000045,51.344669,30.810717,-0.036697,0.793229,0.042256,0.606346,-0.854895,4.527351,36.317627,-0.031001,0.937999,0.024135,0.344404,-14.066869,0.914035,-4.917612,-0.036697,0.793229,0.042256,0.606346,12.526485,0.284249,32.715427
938,7.816667,-0.017117,0.865429,0.037012,0.499369,-6.112572,87.670738,15.890041,-0.075869,0.847324,0.126226,0.510248,-6.596666,94.916107,16.231476,-0.040391,0.849967,0.097692,0.516122,-9.827508,106.924164,17.944712,0.009681,0.867891,-0.073924,0.491129,-12.369328,121.584579,19.809805,0.023354,0.871071,-0.186343,0.453835,-9.631658,134.928650,17.278913,-0.037656,0.773136,0.229535,0.590047,-14.057304,116.030670,16.478275,0.254264,-0.307479,0.203846,-0.894010,-19.297241,119.734337,0.286421,0.248330,0.429404,-0.449526,-0.742880,-1.114221,106.721985,-10.859032,0.362123,0.477139,-0.320300,-0.733903,3.279360,123.770050,-2.834584,-0.153299,0.881080,0.162892,0.416730,-10.767387,115.802490,22.755453,0.328778,0.882398,0.145843,-0.303330,-0.218444,118.142868,36.415348,-0.113730,0.255557,0.502178,-0.818275,14.766330,105.857384,20.645510,0.018753,0.079100,0.468620,-0.879652,7.439938,123.519600,14.543386,0.069581,0.858496,0.086549,0.500652,-10.551212,87.735794,8.216209,0.081426,0.881208,-0.105071,0.453655,-11.774095,51.381325,0.080262,-0.031298,0.937950,0.024519,0.344484,-23.070572,5.755386,5.344434,-0.102911,0.865845,-0.054514,0.486570,-1.673932,87.605682,23.563873,0.006684,0.867548,-0.070817,0.492241,2.991225,51.342918,30.815420,-0.036738,0.793127,0.042297,0.606475,-0.854744,4.524100,36.315845,-0.031298,0.937950,0.024519,0.344484,-14.061959,0.909550,-4.922201,-0.036738,0.793127,0.042297,0.606475,12.528293,0.282615,32.717915
939,7.825000,-0.017108,0.864939,0.036853,0.500229,-6.089858,87.663864,15.860955,-0.076982,0.846429,0.128947,0.510887,-6.573020,94.909409,16.199972,-0.040184,0.849494,0.096732,0.517095,-9.860310,106.886971,17.951406,0.009258,0.867579,-0.075004,0.491524,-12.384232,121.553490,19.792698,0.023780,0.871159,-0.184923,0.454224,-9.640602,134.890854,17.233040,-0.037789,0.772131,0.228917,0.591594,-14.073260,115.997948,16.464415,0.254307,-0.307106,0.203360,-0.894236,-19.249182,119.698967,0.251378,0.248475,0.429827,-0.449343,-0.742698,-1.044840,106.710098,-10.886653,0.362482,0.477406,-0.320278,-0.733561,3.341307,123.757240,-2.853376,-0.153560,0.881178,0.162431,0.416606,-10.797370,115.772690,22.749031,0.328635,0.882662,0.147581,-0.301873,-0.247618,118.128967,36.405563,-0.113707,0.255874,0.501939,-0.818325,14.785921,105.861031,20.668510,0.018520,0.079805,0.467787,-0.880036,7.459184,123.510994,14.556196,0.069783,0.858243,0.085710,0.501201,-10.513252,87.728363,8.178321,0.081522,0.881466,-0.104943,0.453165,-11.775526,51.365219,0.087280,-0.031482,0.937917,0.024966,0.344524,-23.071589,5.738220,5.343108,-0.102942,0.865393,-0.054807,0.487333,-1.666463,87.599365,23.543591,0.006613,0.867379,-0.070756,0.492548,2.983557,51.339478,30.819183,-0.036940,0.793157,0.042133,0.606434,-0.855759,4.519758,36.316601,-0.031482,0.937917,0.024966,0.344524,-14.058998,0.905613,-4.926274,-0.036940,0.793157,0.042133,0.606434,12.527540,0.278089,32.719860
940,7.833333,-0.017179,0.864464,0.036714,0.501059,-6.068798,87.659012,15.834641,-0.077162,0.845925,0.128842,0.511719,-6.552173,94.904671,16.170931,-0.040313,0.848977,0.096716,0.517937,-9.842390,106.877602,17.913939,0.009046,0.867401,-0.074633,0.491898,-12.371167,121.543907,19.750292,0.024042,0.871356,-0.183838,0.454273,-9.635962,134.884445,17.198175,-0.037904,0.771987,0.228710,0.591854,-14.053111,115.988243,16.418617,0.253876,-0.306167,0.203764,-0.894589,-19.217997,119.684174,0.200902,0.248756,0.429833,-0.449238,-0.742663,-0.993095,106.692192,-10.899819,0.362488,0.477696,-0.320204,-0.733402,3.395967,123.738571,-2.871668,-0.153879,0.880666,0.162496,0.417544,-10.789728,115.763214,22.709742,0.328425,0.882984,0.147764,-0.301070,-0.270656,118.120316,36.389778,-0.114580,0.256707,0.501869,-0.817986,14.793971,105.853203,20.681849,0.017838,0.080708,0.467690,-0.880019,7.481645,123.506523,14.563010,0.069916,0.858136,0.084972,0.501492,-10.477422,87.721863,8.143509,0.081666,0.881707,-0.104859,0.452690,-11.773438,51.350723,0.093857,-0.031692,0.937880,0.025255,0.344586,-23.075045,5.724272,5.342529,-0.102925,0.865046,-0.055129,0.487917,-1.660172,87.596161,23.525774,0.006553,0.867309,-0.070609,0.492693,2.971937,51.338638,30.824556,-0.036983,0.793081,0.042170,0.606528,-0.856465,4.516867,36.312111,-0.031692,0.937880,0.025255,0.344586,-14.058214,0.901166,-4.927592,-0.036983,0.793081,0.042170,0.606528,12.528166,0.276723,32.718529
941,7.841667,-0.017498,0.864038,0.036702,0.501781,-6.039089,87.655075,15.807096,-0.077662,0.845345,0.129047,0.512549,-6.526664,94.900581,16.140511,-0.040474,0.848410,0.096834,0.518831,-9.831656,106.870178,17.877932,0.009062,0.867151,-0.074567,0.492348,-12.368272,121.535400,19.712049,0.024277,0.871522,-0.182650,0.454421,-9.631772,134.876419,17.163885,-0.038099,0.771614,0.228690,0.592336,-14.041633,115.980003,16.375610,0.254281,-0.305333,0.204001,-0.894705,-19.186146,119.674614,0.151122,0.249568,0.429958,-0.448940,-0.742499,-0.940599,106.675247,-10.906934,0.363005,0.477697,-0.320072,-0.733203,3.454607,123.724686,-2.889278,-0.154142,0.880274,0.162516,0.418267,-10.791582,115.754494,22.673616,0.328162,0.883341,0.148190,-0.300096,-0.296379,118.113159,36.371700,-0.115327,0.257504,0.501658,-0.817759,14.806119,105.850983,20.696316,0.017060,0.081752,0.468042,-0.879751,7.501409,123.505089,14.567430,0.070250,0.858036,0.084116,0.501761,-10.434664,87.713547,8.108464,0.081723,0.881970,-0.104735,0.452196,-11.781797,51.335098,0.100332,-0.032056,0.937824,0.025624,0.344677,-23.080044,5.707082,5.342639,-0.102788,0.864683,-0.055531,0.488544,-1.643514,87.596603,23.505730,0.006452,0.867122,-0.070486,0.493041,2.959756,51.340305,30.828793,-0.036923,0.793036,0.042211,0.606587,-0.856866,4.516774,36.309505,-0.032056,0.937824,0.025624,0.344677,-14.056620,0.897035,-4.927813,-0.036923,0.793036,0.042211,0.606587,12.528069,0.276535,32.717182
942,7.850000,-0.017885,0.863530,0.036785,0.502637,-6.006639,87.644493,15.777810,-0.077701,0.844732,0.129080,0.513546,-6.500011,94.889709,16.108942,-0.041158,0.847679,0.096945,0.519950,-9.808047,106.858109,17.842514,0.009115,0.866830,-0.074107,0.492981,-12.366146,121.521019,19.665319,0.024633,0.871687,-0.181532,0.454533,-9.632005,134.865280,17.131630,-0.038310,0.771113,0.228932,0.592880,-14.024014,115.962807,16.325857,0.254606,-0.304549,0.204325,-0.894806,-19.145483,119.661736,0.095068,0.250265,0.430460,-0.448761,-0.742082,-0.882643,106.651894,-10.922037,0.363585,0.478012,-0.320219,-0.732647,3.502243,123.706139,-2.906958,-0.154218,0.879798,0.162237,0.419346,-10.791229,115.742729,22.632933,0.327831,0.883688,0.148947,-0.299059,-0.328312,118.099144,36.356079,-0.115972,0.258281,0.501467,-0.817541,14.816064,105.849503,20.711325,0.016313,0.082706,0.468463,-0.879452,7.519253,123.504364,14.570909,0.070574,0.858028,0.083182,0.501885,-10.386742,87.698486,8.070332,0.081785,0.882220,-0.104608,0.451725,-11.788741,51.311790,0.109229,-0.031925,0.937780,0.026397,0.344751,-23.083969,5.682215,5.344442,-0.102652,0.864338,-0.055992,0.489129,-1.626538,87.590500,23.485289,0.006363,0.866913,-0.070340,0.493430,2.946101,51.335941,30.836105,-0.036927,0.792994,0.042410,0.606629,-0.858885,4.510358,36.307365,-0.031925,0.937780,0.026397,0.344751,-14.057997,0.890626,-4.932396,-0.036927,0.792994,0.042410,0.606629,12.527477,0.274585,32.715084
943,7.858333,-0.017881,0.863148,0.036740,0.503295,-5.987727,87.646393,15.746795,-0.077767,0.844286,0.129178,0.514244,-6.480959,94.891655,16.077019,-0.041558,0.847185,0.097029,0.520707,-9.790342,106.849335,17.807598,0.009192,0.866639,-0.073705,0.493376,-12.361509,121.510757,19.623924,0.024950,0.871884,-0.180380,0.454597,-9.629372,134.857758,17.102501,-0.038597,0.770702,0.229158,0.593309,-14.009473,115.951073,16.282017,0.254970,-0.303721,0.204745,-0.894887,-19.112467,119.650925,0.045615,0.251067,0.430556,-0.448650,-0.741822,-0.833043,106.626472,-10.926637,0.364012,0.478206,-0.320061,-0.732376,3.552440,123.687111,-2.926099,-0.154412,0.879331,0.162051,0.420325,-10.788327,115.733864,22.595142,0.327527,0.884006,0.149434,-0.298211,-0.356145,118.090889,36.341564,-0.116814,0.259108,0.501354,-0.817228,14.823506,105.850433,20.723843,0.015571,0.083684,0.468405,-0.879404,7.539313,123.508011,14.575950,0.070748,0.857876,0.082148,0.502290,-10.356095,87.700600,8.032662,0.081857,0.882894,-0.104185,0.450491,-11.804624,51.302998,0.129964,-0.032632,0.937795,0.026675,0.344620,-23.080885,5.666184,5.342899,-0.102649,0.863969,-0.056416,0.489733,-1.619358,87.592178,23.460928,0.006282,0.866644,-0.070186,0.493925,2.932268,51.341141,30.842091,-0.037167,0.792876,0.042297,0.606777,-0.861992,4.513407,36.302399,-0.032632,0.937795,0.026675,0.344620,-14.050052,0.888625,-4.936200,-0.037167,0.792876,0.042297,0.606777,12.526841,0.279225,32.717464
944,7.866667,-0.018114,0.862665,0.036614,0.504124,-5.960927,87.640686,15.718410,-0.077740,0.844141,0.127213,0.514975,-6.456479,94.885963,16.044865,-0.041715,0.846841,0.098066,0.521059,-9.746185,106.871483,17.734468,0.009038,0.866623,-0.072855,0.493534,-12.338160,121.526443,19.573242,0.025345,0.872065,-0.179321,0.454647,-9.620370,134.879822,17.070147,-0.039024,0.770749,0.229001,0.593280,-13.975845,115.970268,16.220463,0.255942,-0.302788,0.205373,-0.894782,-19.078869,119.655144,-0.019333,0.252423,0.431014,-0.448290,-0.741313,-0.784034,106.600891,-10.930308,0.364839,0.478449,-0.319954,-0.731853,3.597882,123.666428,-2.946534,-0.154647,0.878270,0.162133,0.422421,-10.760093,115.746597,22.536114,0.328413,0.883691,0.153395,-0.296151,-0.391958,118.092087,36.332874,-0.115889,0.259213,0.501754,-0.817081,14.819837,105.860901,20.739164,0.014661,0.084652,0.468304,-0.879381,7.558490,123.508331,14.576471,0.071115,0.857762,0.081089,0.502604,-10.314341,87.690887,7.995799,0.081903,0.883523,-0.103842,0.449328,-11.823522,51.284279,0.146125,-0.032557,0.937756,0.027422,0.344676,-23.082432,5.641418,5.343644,-0.102534,0.863604,-0.056822,0.490354,-1.607513,87.590477,23.441019,0.006164,0.866467,-0.070206,0.494234,2.916468,51.341103,30.847300,-0.037430,0.793087,0.041811,0.606518,-0.871035,4.513502,36.313400,-0.032557,0.937756,0.027422,0.344676,-14.049010,0.882223,-4.941699,-0.037430,0.793087,0.041811,0.606518,12.514915,0.273062,32.725086
945,7.875000,-0.018295,0.862239,0.036345,0.504865,-5.938801,87.633965,15.692062,-0.078531,0.843617,0.127960,0.515528,-6.434924,94.879440,16.013397,-0.041754,0.846485,0.097980,0.521651,-9.751347,106.855568,17.705622,0.009746,0.866472,-0.072542,0.493832,-12.344239,121.510948,19.539801,0.025484,0.872313,-0.178324,0.454556,-9.612791,134.864960,17.055035,-0.039176,0.770211,0.228652,0.594103,-13.977888,115.954720,16.185127,0.256455,-0.302050,0.205636,-0.894824,-19.046480,119.635582,-0.066367,0.253270,0.431134,-0.448234,-0.740988,-0.734745,106.570816,-10.936370,0.365426,0.478693,-0.319840,-0.731450,3.645003,123.643860,-2.968948,-0.155089,0.877977,0.162335,0.422789,-10.770931,115.731117,22.505255,0.328086,0.884026,0.153612,-0.295400,-0.418407,118.083488,36.312572,-0.116750,0.260071,0.501551,-0.816810,14.826330,105.858696,20.746037,0.013762,0.085509,0.468231,-0.879351,7.574475,123.507545,14.574279,0.071497,0.857665,0.080126,0.502870,-10.278843,87.679619,7.961897,0.081909,0.883894,-0.103580,0.448658,-11.846392,51.265495,0.158614,-0.033222,0.937690,0.027864,0.344757,-23.090927,5.617571,5.342847,-0.102310,0.863220,-0.057267,0.491023,-1.598759,87.588318,23.422228,0.005928,0.866259,-0.069866,0.494651,2.888747,51.339298,30.852396,-0.036008,0.792768,0.043051,0.606934,-0.866089,4.506916,36.300087,-0.033222,0.937690,0.027864,0.344757,-14.048026,0.876298,-4.942454,-0.036008,0.792768,0.043051,0.606934,12.519632,0.269728,32.707077
946,7.883333,-0.018524,0.861854,0.036233,0.505522,-5.911164,87.625710,15.662328,-0.078644,0.843097,0.127917,0.516371,-6.409587,94.871170,15.980202,-0.042261,0.845857,0.098218,0.522584,-9.727312,106.839142,17.665609,0.010074,0.866167,-0.072150,0.494417,-12.338758,121.491837,19.494873,0.025615,0.872476,-0.177041,0.454737,-9.602551,134.847916,17.026516,-0.039075,0.770077,0.228698,0.594266,-13.959211,115.934280,16.136015,0.256639,-0.301134,0.206239,-0.894942,-19.021341,119.620285,-0.116324,0.254169,0.431092,-0.448217,-0.740715,-0.694394,106.536339,-10.937487,0.366174,0.478998,-0.319759,-0.730911,3.686990,123.617378,-2.991907,-0.155475,0.877468,0.162407,0.423676,-10.766670,115.713326,22.463530,0.327751,0.884321,0.153918,-0.294729,-0.444453,118.068672,36.293011,-0.117606,0.260841,0.501420,-0.816522,14.831042,105.853210,20.749319,0.012934,0.086290,0.468233,-0.879286,7.590055,123.504448,14.571938,0.071763,0.857756,0.079036,0.502851,-10.239285,87.667404,7.925461,0.082019,0.884636,-0.103114,0.447281,-11.865284,51.243187,0.181497,-0.033522,0.937641,0.028622,0.344801,-23.091585,5.587873,5.340005,-0.102089,0.862741,-0.057802,0.491848,-1.583042,87.584007,23.399193,0.005671,0.865949,-0.069603,0.495233,2.863478,51.336216,30.859936,-0.037394,0.792712,0.042467,0.606965,-0.861696,4.500094,36.295788,-0.033522,0.937641,0.028622,0.344801,-14.042703,0.868982,-4.950324,-0.037394,0.792712,0.042467,0.606965,12.531322,0.273516,32.717495
947,7.891667,-0.018675,0.861437,0.035986,0.506243,-5.890541,87.618027,15.632753,-0.079367,0.842587,0.128054,0.517059,-6.389309,94.863670,15.946007,-0.042167,0.845438,0.098305,0.523252,-9.726689,106.832924,17.622631,0.010749,0.865979,-0.071744,0.494791,-12.338558,121.485344,19.453487,0.025665,0.872701,-0.175865,0.454759,-9.590471,134.842743,17.005543,-0.039231,0.769685,0.228575,0.594810,-13.954738,115.929329,16.090002,0.257138,-0.300337,0.206899,-0.894914,-18.993872,119.613495,-0.169900,0.255256,0.431074,-0.448043,-0.740458,-0.656618,106.503006,-10.941386,0.366839,0.479376,-0.319667,-0.730370,3.731328,123.592224,-3.017879,-0.155653,0.877123,0.162673,0.424222,-10.771998,115.705429,22.422350,0.327397,0.884638,0.154057,-0.294097,-0.467858,118.057335,36.265892,-0.118471,0.261404,0.501215,-0.816343,14.837829,105.849503,20.745922,0.012278,0.087064,0.468270,-0.879200,7.599884,123.503349,14.568001,0.072044,0.857745,0.077926,0.503001,-10.205619,87.655800,7.888583,0.082087,0.885384,-0.102658,0.445890,-11.890255,51.221611,0.204294,-0.033906,0.937590,0.029328,0.344840,-23.095274,5.558476,5.339845,-0.101920,0.862456,-0.058378,0.492315,-1.575463,87.580261,23.376925,0.005459,0.865851,-0.069350,0.495442,2.834846,51.334881,30.870810,-0.037450,0.792687,0.042556,0.606987,-0.862434,4.495203,36.295090,-0.033906,0.937590,0.029328,0.344840,-14.039837,0.861497,-4.954744,-0.037450,0.792687,0.042556,0.606987,12.531643,0.271544,32.717316
948,7.900000,-0.018837,0.860936,0.035821,0.507100,-5.866704,87.611053,15.601087,-0.079916,0.842079,0.128039,0.517805,-6.366586,94.856781,15.910580,-0.042161,0.844989,0.098611,0.523920,-9.715001,106.817719,17.575794,0.011215,0.865752,-0.071166,0.495261,-12.332925,121.468353,19.412350,0.025650,0.872813,-0.174769,0.454968,-9.579792,134.828735,16.986454,-0.039221,0.769373,0.228710,0.595164,-13.942610,115.914238,16.042610,0.257608,-0.299580,0.207523,-0.894888,-18.967129,119.604668,-0.220393,0.256202,0.430996,-0.447949,-0.740233,-0.620107,106.469254,-10.944763,0.367359,0.479622,-0.319712,-0.729928,3.773429,123.565933,-3.043123,-0.155953,0.876556,0.162541,0.425334,-10.769776,115.686783,22.379799,0.327164,0.884794,0.155306,-0.293230,-0.501793,118.040421,36.249882,-0.118801,0.261912,0.501127,-0.816186,14.836931,105.851952,20.747311,0.011485,0.087567,0.468157,-0.879221,7.607170,123.503090,14.561516,0.072401,0.857675,0.076774,0.503247,-10.166277,87.645576,7.848284,0.082143,0.885922,-0.102287,0.444896,-11.915153,51.201946,0.223351,-0.034243,0.937509,0.030005,0.344970,-23.103745,5.532485,5.338418,-0.101716,0.862146,-0.058999,0.492826,-1.567130,87.576530,23.353889,0.005221,0.865708,-0.069058,0.495735,2.802669,51.333500,30.882771,-0.037704,0.792627,0.042637,0.607045,-0.863291,4.489753,36.293175,-0.034243,0.937509,0.030005,0.344970,-14.040359,0.856246,-4.958617,-0.037704,0.792627,0.042637,0.607045,12.533544,0.272176,32.718559
949,7.908333,-0.018938,0.860472,0.035515,0.507905,-5.847928,87.603638,15.572068,-0.080373,0.841616,0.128122,0.518466,-6.347107,94.849625,15.876534,-0.042224,0.844585,0.098816,0.524528,-9.707425,106.808128,17.534731,0.011428,0.865648,-0.070590,0.495521,-12.331467,121.457375,19.373508,0.026105,0.873030,-0.173747,0.454917,-9.580069,134.821289,16.965126,-0.039268,0.769050,0.228382,0.595703,-13.934962,115.904274,15.999166,0.258070,-0.298886,0.207978,-0.894881,-18.936993,119.591393,-0.271516,0.257042,0.431123,-0.447815,-0.739949,-0.578678,106.437721,-10.954111,0.367984,0.479698,-0.319679,-0.729578,3.815166,123.540459,-3.067039,-0.156162,0.876143,0.162736,0.426032,-10.771244,115.674973,22.340845,0.326786,0.885059,0.155603,-0.292694,-0.526245,118.025879,36.228378,-0.119530,0.262447,0.500933,-0.816027,14.840563,105.850006,20.743742,0.010801,0.088148,0.468028,-0.879240,7.614166,123.502052,14.555740,0.072789,0.857500,0.075632,0.503661,-10.132951,87.634544,7.811198,0.082067,0.886300,-0.101971,0.444230,-11.946245,51.182144,0.243445,-0.035099,0.937444,0.030577,0.345010,-23.111731,5.505410,5.344019,-0.101533,0.861718,-0.059546,0.493546,-1.562906,87.572739,23.332939,0.004929,0.865447,-0.068816,0.496227,2.768608,51.331757,30.893755,-0.037715,0.792652,0.042817,0.606998,-0.865133,4.484579,36.296127,-0.035099,0.937444,0.030577,0.345010,-14.037636,0.852353,-4.954083,-0.037715,0.792652,0.042817,0.606998,12.532290,0.271165,32.718803
950,7.916667,-0.019140,0.860039,0.035326,0.508644,-5.824684,87.593422,15.541222,-0.080811,0.841143,0.128234,0.519139,-6.325261,94.839493,15.841396,-0.042407,0.844140,0.099024,0.525189,-9.697589,106.795944,17.493439,0.011998,0.865445,-0.070105,0.495929,-12.330930,121.443497,19.332445,0.026201,0.873216,-0.172624,0.454982,-9.571078,134.809433,16.945080,-0.039118,0.768876,0.228113,0.596041,-13.926607,115.890732,15.953854,0.258307,-0.298148,0.208503,-0.894937,-18.915003,119.579208,-0.320706,0.257803,0.430996,-0.447701,-0.739827,-0.545569,106.407501,-10.961863,0.368520,0.479628,-0.319485,-0.729438,3.856243,123.515594,-3.092843,-0.156439,0.875754,0.162876,0.426678,-10.772956,115.660858,22.300526,0.326430,0.885310,0.155897,-0.292175,-0.550154,118.012383,36.204296,-0.120232,0.262915,0.500751,-0.815885,14.843405,105.848396,20.736895,0.010149,0.088647,0.467864,-0.879285,7.619298,123.501816,14.548068,0.073198,0.857354,0.074427,0.504031,-10.096240,87.620140,7.772917,0.082071,0.886700,-0.101626,0.443508,-11.978067,51.158714,0.265630,-0.035050,0.937305,0.031496,0.345310,-23.125549,5.475390,5.346519,-0.101330,0.861224,-0.060137,0.494378,-1.553127,87.566696,23.309526,0.004731,0.865354,-0.068601,0.496420,2.736146,51.327930,30.904972,-0.037891,0.792645,0.042960,0.606987,-0.872517,4.477769,36.298332,-0.035050,0.937305,0.031496,0.345310,-14.042910,0.845570,-4.954521,-0.037891,0.792645,0.042960,0.606987,12.526798,0.270471,32.720905
951,7.925000,-0.019327,0.859603,0.035205,0.509382,-5.799045,87.580666,15.509224,-0.081358,0.840540,0.128302,0.520011,-6.301311,94.826759,15.806079,-0.042355,0.843563,0.099178,0.526091,-9.688362,106.783043,17.449068,0.012427,0.865200,-0.069318,0.496458,-12.324774,121.429810,19.289938,0.026260,0.873378,-0.171654,0.455034,-9.563393,134.800171,16.929260,-0.039061,0.768798,0.227850,0.596245,-13.913633,115.878845,15.905185,0.258731,-0.297420,0.208880,-0.894968,-18.893711,119.565132,-0.372411,0.258637,0.431026,-0.447418,-0.739690,-0.510508,106.379295,-10.972219,0.369119,0.479547,-0.319454,-0.729202,3.900062,123.490799,-3.116368,-0.156388,0.875304,0.162908,0.427607,-10.773369,115.645584,22.258362,0.326108,0.885485,0.156572,-0.291641,-0.577654,117.987335,36.183651,-0.120889,0.263394,0.500667,-0.815685,14.841981,105.840446,20.728819,0.009366,0.089126,0.467633,-0.879368,7.624728,123.496117,14.539322,0.073561,0.857304,0.073233,0.504237,-10.057155,87.604073,7.733532,0.082125,0.887264,-0.101189,0.442469,-12.005674,51.133465,0.288081,-0.035758,0.937211,0.032179,0.345430,-23.133797,5.442605,5.343583,-0.101058,0.860950,-0.060914,0.494815,-1.540935,87.557266,23.284916,0.004453,0.865294,-0.068277,0.496572,2.698205,51.321400,30.922205,-0.037875,0.792680,0.043315,0.606917,-0.873461,4.466802,36.301655,-0.035758,0.937211,0.032179,0.345430,-14.039893,0.837429,-4.958564,-0.037875,0.792680,0.043315,0.606917,12.526922,0.267051,32.719368
952,7.933333,-0.019510,0.859105,0.034892,0.510235,-5.780985,87.569283,15.480280,-0.081669,0.839893,0.128409,0.520980,-6.283524,94.815590,15.771368,-0.042336,0.842908,0.099389,0.527102,-9.679866,106.768288,17.408258,0.013036,0.864881,-0.068630,0.497092,-12.321284,121.413849,19.251528,0.026137,0.873511,-0.170775,0.455116,-9.552464,134.787476,16.918247,-0.039089,0.768583,0.227874,0.596511,-13.901861,115.864815,15.859732,0.258709,-0.296737,0.209411,-0.895078,-18.870785,119.553246,-0.420788,0.259171,0.430810,-0.447348,-0.739671,-0.478390,106.351700,-10.985022,0.369402,0.479537,-0.319303,-0.729131,3.941458,123.466423,-3.144728,-0.156457,0.874925,0.162939,0.428345,-10.776673,115.627945,22.220207,0.325703,0.885727,0.156779,-0.291250,-0.603710,117.965088,36.162903,-0.121556,0.263956,0.500510,-0.815501,14.840523,105.832115,20.721695,0.008665,0.089447,0.467558,-0.879383,7.628897,123.488571,14.528441,0.073842,0.857143,0.072115,0.504631,-10.023549,87.587753,7.696082,0.082228,0.887876,-0.100780,0.441314,-12.028981,51.108124,0.310237,-0.036054,0.937122,0.032978,0.345565,-23.142347,5.411038,5.341912,-0.100840,0.860601,-0.061667,0.495373,-1.538422,87.550812,23.264479,0.004173,0.865266,-0.067714,0.496701,2.653753,51.318562,30.944712,-0.038038,0.792509,0.043533,0.607114,-0.869361,4.456511,36.291069,-0.036054,0.937122,0.032978,0.345565,-14.040524,0.829404,-4.963737,-0.038038,0.792509,0.043533,0.607114,12.535050,0.264342,32.714985
953,7.941667,-0.019617,0.858710,0.034560,0.510918,-5.764964,87.559280,15.449369,-0.081791,0.839513,0.128055,0.521661,-6.266604,94.805862,15.735118,-0.042378,0.842489,0.099566,0.527734,-9.661033,106.755875,17.359745,0.013431,0.864706,-0.067767,0.497505,-12.307666,121.400276,19.204763,0.026073,0.873676,-0.169730,0.455195,-9.539633,134.778824,16.898909,-0.039128,0.768493,0.228112,0.596534,-13.882223,115.852310,15.808436,0.259111,-0.296144,0.209822,-0.895062,-18.850126,119.544937,-0.471450,0.259928,0.430644,-0.447014,-0.739704,-0.448754,106.326912,-10.999393,0.369593,0.479604,-0.319231,-0.729021,3.988183,123.443748,-3.172971,-0.156370,0.874264,0.162917,0.429731,-10.766541,115.613472,22.173500,0.324216,0.886619,0.152543,-0.292441,-0.634046,117.936829,36.147934,-0.124153,0.265929,0.500071,-0.814737,14.823717,105.802643,20.721226,0.008211,0.089818,0.467425,-0.879420,7.631743,123.478195,14.517501,0.073980,0.857198,0.070854,0.504696,-9.995092,87.573669,7.658396,0.082349,0.888565,-0.100160,0.440044,-12.056777,51.082115,0.347278,-0.036725,0.937035,0.033790,0.345650,-23.147722,5.375123,5.338235,-0.100593,0.860121,-0.062361,0.496170,-1.534835,87.544891,23.240343,0.003831,0.865058,-0.067285,0.497124,2.608538,51.315342,30.959707,-0.038223,0.792434,0.043539,0.607200,-0.869112,4.447553,36.285500,-0.036725,0.937035,0.033790,0.345650,-14.035463,0.821084,-4.970427,-0.038223,0.792434,0.043539,0.607200,12.537423,0.258670,32.713509
954,7.950000,-0.019825,0.858262,0.034434,0.511671,-5.746434,87.546661,15.419106,-0.082110,0.839068,0.128201,0.522291,-6.249981,94.793251,15.701304,-0.042378,0.842096,0.099711,0.528333,-9.654230,106.741333,17.322145,0.014033,0.864485,-0.067234,0.497945,-12.304459,121.384857,19.168898,0.025906,0.873782,-0.168802,0.455346,-9.527831,134.765533,16.885803,-0.039260,0.768099,0.228449,0.596903,-13.873847,115.838051,15.768279,0.259528,-0.295856,0.210258,-0.894934,-18.826038,119.537643,-0.514814,0.260511,0.430486,-0.446726,-0.739765,-0.425304,106.299019,-11.017955,0.369569,0.479407,-0.318718,-0.729388,4.026117,123.413933,-3.203503,-0.156457,0.873928,0.163143,0.430297,-10.767130,115.597046,22.137642,0.324189,0.886650,0.153454,-0.291898,-0.652558,117.914642,36.126011,-0.124347,0.266083,0.500098,-0.814641,14.821939,105.790291,20.708340,0.007634,0.089954,0.467267,-0.879495,7.634854,123.466362,14.505064,0.074298,0.857025,0.069620,0.505115,-9.962760,87.557373,7.620650,0.082421,0.889395,-0.099610,0.438476,-12.088001,51.056408,0.374979,-0.037052,0.936948,0.034695,0.345764,-23.153839,5.340153,5.336759,-0.100280,0.859672,-0.063151,0.496911,-1.530107,87.535957,23.217562,0.003469,0.865077,-0.066875,0.497149,2.557150,51.309120,30.979427,-0.038334,0.792441,0.043921,0.607156,-0.871699,4.435873,36.288826,-0.037052,0.936948,0.034695,0.345764,-14.033609,0.812700,-4.976562,-0.038334,0.792441,0.043921,0.607156,12.537172,0.257280,32.713558
955,7.958333,-0.019982,0.857860,0.034234,0.512352,-5.728300,87.535225,15.389874,-0.082558,0.838602,0.128264,0.522952,-6.232540,94.781921,15.668013,-0.042382,0.841658,0.100175,0.528943,-9.650084,106.734421,17.282358,0.014835,0.864228,-0.066906,0.498410,-12.309032,121.375168,19.138662,0.025655,0.873866,-0.167984,0.455501,-9.516294,134.756042,16.876486,-0.039392,0.767729,0.228305,0.597426,-13.871188,115.830826,15.730689,0.259531,-0.295461,0.210772,-0.894942,-18.801264,119.528534,-0.559540,0.260911,0.430258,-0.446467,-0.739912,-0.399679,106.271889,-11.038439,0.369572,0.479350,-0.318629,-0.729463,4.068443,123.387123,-3.232015,-0.156649,0.873591,0.163542,0.430759,-10.773633,115.585266,22.104340,0.324579,0.886488,0.154652,-0.291326,-0.675018,117.898224,36.104996,-0.124511,0.266309,0.500513,-0.814287,14.803500,105.772278,20.692621,0.007029,0.090388,0.467203,-0.879490,7.638660,123.455788,14.491780,0.074529,0.856870,0.068547,0.505490,-9.932158,87.542290,7.584686,0.082565,0.890301,-0.099106,0.436722,-12.109855,51.032841,0.397597,-0.037567,0.936887,0.035410,0.345799,-23.157513,5.309358,5.333219,-0.100034,0.859200,-0.063874,0.497683,-1.524442,87.528160,23.195065,0.003153,0.864854,-0.066454,0.497596,2.513071,51.304482,30.997616,-0.038639,0.792350,0.044086,0.607243,-0.872878,4.425722,36.285801,-0.037567,0.936887,0.035410,0.345799,-14.029749,0.805461,-4.983750,-0.038639,0.792350,0.044086,0.607243,12.539786,0.255960,32.714455
956,7.966667,-0.020125,0.857456,0.034149,0.513028,-5.708198,87.521294,15.359116,-0.082819,0.838201,0.128282,0.523549,-6.213803,94.767990,15.634726,-0.042427,0.841273,0.100576,0.529476,-9.635365,106.709549,17.242184,0.015084,0.864021,-0.066282,0.498846,-12.302938,121.347763,19.106052,0.025585,0.873879,-0.167172,0.455780,-9.511200,134.732208,16.863920,-0.039092,0.767572,0.228316,0.597643,-13.858371,115.805313,15.691935,0.259521,-0.295184,0.211011,-0.894980,-18.780230,119.513237,-0.598460,0.261226,0.430138,-0.446152,-0.740061,-0.375500,106.249237,-11.062533,0.369811,0.479131,-0.318495,-0.729544,4.107741,123.362823,-3.258953,-0.156993,0.873136,0.163698,0.431497,-10.768857,115.556297,22.069353,0.324445,0.886524,0.155555,-0.290882,-0.696174,117.870697,36.088444,-0.124755,0.266526,0.500565,-0.814147,14.799610,105.759811,20.681583,0.006563,0.090658,0.467224,-0.879454,7.642440,123.443665,14.481100,0.074762,0.856706,0.067436,0.505884,-9.899659,87.525963,7.547259,0.082677,0.891230,-0.098608,0.434915,-12.131202,51.007854,0.420948,-0.037939,0.936842,0.036253,0.345794,-23.158121,5.276805,5.332778,-0.099715,0.858622,-0.064580,0.498653,-1.516737,87.516632,23.170971,0.002758,0.864441,-0.066157,0.498355,2.465210,51.294971,31.011387,-0.038853,0.792353,0.044411,0.607202,-0.879119,4.412264,36.291130,-0.037939,0.936842,0.036253,0.345794,-14.024754,0.798298,-4.990284,-0.038853,0.792353,0.044411,0.607202,12.536351,0.253292,32.717735
957,7.975000,-0.020223,0.857021,0.033971,0.513762,-5.692968,87.505318,15.330212,-0.083213,0.837765,0.128206,0.524203,-6.198701,94.752136,15.602446,-0.042267,0.840884,0.100949,0.530035,-9.629184,106.694046,17.200565,0.015709,0.863722,-0.065981,0.499383,-12.299825,121.330414,19.074514,0.025213,0.873832,-0.166293,0.456212,-9.495538,134.715302,16.850634,-0.038852,0.767452,0.228109,0.597892,-13.850601,115.791046,15.653275,0.259431,-0.294863,0.211391,-0.895023,-18.762722,119.503212,-0.639093,0.261531,0.429935,-0.445819,-0.740272,-0.356549,106.227287,-11.085485,0.369934,0.478894,-0.318362,-0.729695,4.145181,123.338997,-3.285614,-0.157006,0.872782,0.163901,0.432131,-10.769300,115.536270,22.034439,0.324509,0.886464,0.156592,-0.290438,-0.715826,117.842445,36.068665,-0.125115,0.266684,0.500713,-0.813949,14.790802,105.741287,20.665070,0.005897,0.091243,0.467177,-0.879424,7.643326,123.429779,14.469835,0.075156,0.856228,0.066490,0.506759,-9.871000,87.507477,7.511164,0.082694,0.891981,-0.098294,0.433440,-12.156363,50.984318,0.427914,-0.038374,0.936758,0.037016,0.345894,-23.164038,5.247706,5.331120,-0.099311,0.858071,-0.065373,0.499577,-1.514936,87.503159,23.149261,0.002211,0.864037,-0.065567,0.499135,2.403063,51.283169,31.029522,-0.038983,0.792186,0.045047,0.607365,-0.873407,4.392844,36.284115,-0.038374,0.936758,0.037016,0.345894,-14.022403,0.793259,-4.995036,-0.038983,0.792186,0.045047,0.607365,12.547626,0.250096,32.712761
958,7.983333,-0.020336,0.856626,0.033686,0.514435,-5.676641,87.491493,15.300873,-0.083831,0.837345,0.128578,0.524685,-6.181870,94.738525,15.568317,-0.042113,0.840603,0.101047,0.530475,-9.634180,106.686913,17.165291,0.016711,0.863456,-0.065742,0.499843,-12.303488,121.323074,19.042746,0.024740,0.873846,-0.165499,0.456499,-9.477256,134.706909,16.840488,-0.038797,0.767105,0.227871,0.598431,-13.852061,115.785507,15.617624,0.259318,-0.294590,0.211836,-0.895040,-18.741877,119.498947,-0.681163,0.261897,0.429728,-0.445412,-0.740508,-0.337081,106.208122,-11.111031,0.370043,0.478902,-0.318246,-0.729685,4.185746,123.316971,-3.315007,-0.156788,0.872533,0.164166,0.432612,-10.777187,115.527367,22.001753,0.324460,0.886529,0.157004,-0.290071,-0.735822,117.818817,36.047058,-0.125293,0.266876,0.500724,-0.813852,14.783011,105.721840,20.652460,0.005278,0.091333,0.468472,-0.878729,7.640176,123.411392,14.455695,0.075462,0.856036,0.065194,0.507205,-9.842315,87.489876,7.475233,0.082789,0.892987,-0.097567,0.431511,-12.192903,50.957428,0.461589,-0.038999,0.936670,0.037880,0.345969,-23.168798,5.208817,5.323891,-0.098936,0.857516,-0.066133,0.500505,-1.510967,87.493111,23.126513,0.001707,0.863575,-0.065107,0.499997,2.346058,51.275040,31.045547,-0.039262,0.792157,0.045279,0.607368,-0.872711,4.378855,36.283379,-0.038999,0.936670,0.037880,0.345969,-14.017442,0.782943,-5.005940,-0.039262,0.792157,0.045279,0.607368,12.551496,0.245966,32.712528
959,7.991667,-0.020385,0.856276,0.033560,0.515023,-5.665566,87.474297,15.269441,-0.084102,0.836902,0.128671,0.525324,-6.170645,94.721428,15.534605,-0.042074,0.840174,0.101212,0.531124,-9.632590,106.673584,17.127935,0.017344,0.863141,-0.065205,0.500434,-12.304976,121.308853,19.008059,0.024481,0.873781,-0.164900,0.456854,-9.469062,134.694595,16.829952,-0.038694,0.766772,0.227977,0.598825,-13.848242,115.772820,15.578030,0.259322,-0.294396,0.212230,-0.895009,-18.721928,119.494774,-0.723645,0.262218,0.429525,-0.444992,-0.740765,-0.319757,106.189117,-11.139217,0.370061,0.478685,-0.318081,-0.729891,4.223985,123.292496,-3.346551,-0.156713,0.872169,0.164124,0.433389,-10.783102,115.511787,21.966721,0.324196,0.886730,0.157157,-0.289669,-0.764360,117.795181,36.029480,-0.125757,0.267564,0.500603,-0.813629,14.774675,105.705711,20.649364,0.004532,0.091673,0.468720,-0.878565,7.642847,123.392548,14.442182,0.075714,0.855634,0.064298,0.507960,-9.820475,87.471268,7.438081,0.082803,0.893406,-0.097362,0.430686,-12.215118,50.933014,0.469750,-0.039568,0.936567,0.038525,0.346110,-23.179565,5.180854,5.324502,-0.098725,0.857042,-0.066830,0.501264,-1.510657,87.477325,23.100800,0.001268,0.863240,-0.064891,0.500603,2.299603,51.263058,31.059772,-0.039033,0.792369,0.045881,0.607061,-0.876779,4.364088,36.298615,-0.039568,0.936567,0.038525,0.346110,-14.018148,0.777390,-5.005986,-0.039033,0.792369,0.045881,0.607061,12.546089,0.240552,32.711964
960,8.000000,-0.020484,0.855852,0.033347,0.515738,-5.654119,87.456261,15.241800,-0.084279,0.836583,0.128387,0.525873,-6.159056,94.703537,15.503149,-0.041805,0.839910,0.101173,0.531572,-9.619704,106.648567,17.084915,0.017439,0.862947,-0.064219,0.500894,-12.285717,121.284737,18.966970,0.024290,0.873690,-0.164287,0.457259,-9.459296,134.676758,16.815304,-0.038470,0.766703,0.228276,0.598813,-13.828722,115.750648,15.533705,0.259147,-0.294175,0.212508,-0.895067,-18.703478,119.484833,-0.764848,0.262423,0.429360,-0.444622,-0.741010,-0.300720,106.171562,-11.169643,0.369981,0.478624,-0.317671,-0.730149,4.261179,123.270126,-3.377494,-0.156930,0.871733,0.164394,0.434084,-10.770003,115.485909,21.925318,0.324141,0.886765,0.157454,-0.289463,-0.774634,117.765465,36.005318,-0.126270,0.267654,0.500763,-0.813421,14.772148,105.680557,20.629467,0.004271,0.091991,0.468982,-0.878394,7.648145,123.375725,14.432220,0.076062,0.855321,0.063311,0.508559,-9.795893,87.450356,7.403489,0.082829,0.894048,-0.096948,0.429439,-12.245532,50.906658,0.482961,-0.039545,0.936414,0.039411,0.346427,-23.188929,5.147296,5.317345,-0.098436,0.856544,-0.067625,0.502065,-1.512345,87.462166,23.080111,0.000817,0.863016,-0.064384,0.501056,2.242065,51.251625,31.082451,-0.039483,0.792375,0.046038,0.607012,-0.876299,4.346371,36.299820,-0.039545,0.936414,0.039411,0.346427,-14.018568,0.766648,-5.014906,-0.039483,0.792375,0.046038,0.607012,12.550104,0.233931,32.713661
961,8.008333,-0.020452,0.855537,0.033255,0.516268,-5.644477,87.441002,15.214816,-0.084472,0.836228,0.128338,0.526419,-6.148486,94.688385,15.474944,-0.041820,0.839559,0.101269,0.532106,-9.613979,106.634460,17.051023,0.017313,0.862716,-0.063449,0.501393,-12.283082,121.270012,18.933538,0.024603,0.873502,-0.163975,0.457714,-9.468300,134.667450,16.800444,-0.038550,0.766223,0.228771,0.599233,-13.821470,115.736748,15.496872,0.259065,-0.294058,0.212880,-0.895041,-18.678501,119.483101,-0.804178,0.262620,0.429250,-0.444309,-0.741192,-0.280204,106.156227,-11.199435,0.369919,0.478525,-0.317425,-0.730353,4.295891,123.250305,-3.408007,-0.156802,0.871470,0.164479,0.434627,-10.770834,115.470482,21.892281,0.324216,0.886777,0.157820,-0.289142,-0.790487,117.740311,35.984501,-0.126661,0.267928,0.500986,-0.813133,14.763148,105.654648,20.616179,0.003884,0.092245,0.469195,-0.878255,7.653634,123.357834,14.421794,0.076333,0.854985,0.062442,0.509191,-9.776573,87.435165,7.371399,0.082782,0.894495,-0.096649,0.428584,-12.271605,50.886391,0.493990,-0.040035,0.936331,0.039988,0.346529,-23.194510,5.120814,5.315785,-0.098024,0.855845,-0.068374,0.503235,-1.512381,87.446846,23.058233,0.000248,0.862759,-0.063920,0.501559,2.176580,51.237858,31.097952,-0.039688,0.792383,0.046542,0.606949,-0.876327,4.326913,36.302887,-0.040035,0.936331,0.039988,0.346529,-14.015902,0.760053,-5.017550,-0.039688,0.792383,0.046542,0.606949,12.553472,0.229075,32.712730
962,8.016667,-0.020877,0.855134,0.033380,0.516910,-5.628142,87.422302,15.187449,-0.084618,0.835868,0.128364,0.526961,-6.138564,94.669312,15.445553,-0.041722,0.839228,0.101476,0.532597,-9.610179,106.620575,17.018755,0.017589,0.862447,-0.063198,0.501879,-12.281189,121.255112,18.906425,0.024436,0.873376,-0.163368,0.458179,-9.461628,134.653458,16.785406,-0.038448,0.765953,0.228609,0.599647,-13.815753,115.723801,15.464911,0.259001,-0.294074,0.213025,-0.895019,-18.655773,119.473160,-0.840510,0.262830,0.429070,-0.443897,-0.741468,-0.261062,106.140709,-11.234970,0.369797,0.478739,-0.317103,-0.730414,4.334949,123.228622,-3.443836,-0.156860,0.871282,0.164692,0.434901,-10.772404,115.453896,21.863642,0.324340,0.886763,0.158281,-0.288796,-0.800975,117.719666,35.962833,-0.126960,0.268043,0.501199,-0.812917,14.758637,105.632652,20.601606,0.003582,0.092563,0.469674,-0.877967,7.660031,123.342499,14.412779,0.076742,0.854705,0.061543,0.509708,-9.748161,87.411697,7.337686,0.082694,0.895159,-0.096207,0.427312,-12.299373,50.859280,0.500398,-0.040098,0.936273,0.041039,0.346556,-23.190557,5.084264,5.304359,-0.097610,0.855198,-0.069235,0.504297,-1.508123,87.432915,23.037210,-0.000230,0.862669,-0.063429,0.501775,2.112009,51.226723,31.120697,-0.040524,0.792448,0.046354,0.606824,-0.879882,4.309866,36.307678,-0.040098,0.936273,0.041039,0.346556,-14.008159,0.751253,-5.037282,-0.040524,0.792448,0.046354,0.606824,12.553776,0.222083,32.720505
963,8.025000,-0.021005,0.854812,0.033356,0.517439,-5.617148,87.408745,15.162249,-0.084839,0.835427,0.128486,0.527594,-6.129138,94.655693,15.418784,-0.041513,0.838813,0.101452,0.533271,-9.608204,106.605515,16.988894,0.017740,0.862163,-0.062586,0.502437,-12.275115,121.240723,18.877176,0.024330,0.873249,-0.163021,0.458550,-9.458402,134.642670,16.775219,-0.038340,0.765678,0.228747,0.599952,-13.807043,115.711250,15.431534,0.258899,-0.293969,0.213280,-0.895023,-18.634619,119.469162,-0.875607,0.262977,0.428809,-0.443608,-0.741740,-0.242230,106.128166,-11.263202,0.369726,0.478492,-0.316828,-0.730731,4.372163,123.211525,-3.474947,-0.156616,0.870999,0.164390,0.435670,-10.773636,115.437843,21.834833,0.324634,0.886652,0.158899,-0.288466,-0.822871,117.694832,35.950024,-0.127286,0.268510,0.501725,-0.812387,14.736727,105.602905,20.592657,0.003255,0.092953,0.469767,-0.877877,7.669809,123.324081,14.403929,0.077026,0.854416,0.060790,0.510240,-9.727383,87.396416,7.307360,0.082683,0.895732,-0.095930,0.426174,-12.321286,50.840389,0.505510,-0.041015,0.936198,0.041276,0.346622,-23.194490,5.060160,5.300559,-0.097277,0.854896,-0.070025,0.504763,-1.506913,87.421074,23.017138,-0.000648,0.862519,-0.062935,0.502096,2.057613,51.218246,31.140295,-0.040258,0.792380,0.047166,0.606868,-0.878613,4.295513,36.305904,-0.041015,0.936198,0.041276,0.346622,-14.001545,0.742567,-5.038164,-0.040258,0.792380,0.047166,0.606868,12.557578,0.221151,32.712936
964,8.033333,-0.020934,0.854470,0.033221,0.518014,-5.615394,87.395073,15.136954,-0.085050,0.835094,0.128418,0.528104,-6.125659,94.642197,15.392004,-0.041308,0.838524,0.101589,0.533715,-9.610340,106.595573,16.956257,0.017827,0.861982,-0.062201,0.502792,-12.275275,121.230461,18.849848,0.024418,0.873160,-0.162707,0.458826,-9.460536,134.634689,16.759808,-0.038216,0.765315,0.228714,0.600435,-13.805215,115.703262,15.399663,0.258931,-0.293786,0.213709,-0.894971,-18.612900,119.468132,-0.911747,0.263298,0.428540,-0.443426,-0.741890,-0.224280,106.110405,-11.284499,0.369873,0.478262,-0.316704,-0.730861,4.405282,123.193756,-3.505068,-0.156381,0.870835,0.164360,0.436094,-10.778289,115.425560,21.805843,0.324833,0.886651,0.159258,-0.288046,-0.837837,117.672562,35.929890,-0.127585,0.268937,0.502018,-0.812018,14.727386,105.573669,20.583721,0.002890,0.093157,0.469658,-0.877915,7.681499,123.302254,14.392617,0.077214,0.854214,0.060228,0.510617,-9.715117,87.383041,7.276575,0.082626,0.896109,-0.095773,0.425427,-12.339459,50.824104,0.502098,-0.041470,0.936145,0.041666,0.346664,-23.197720,5.040148,5.295392,-0.097076,0.854477,-0.070680,0.505420,-1.515672,87.407097,22.997335,-0.001045,0.862440,-0.062549,0.502278,2.004949,51.208233,31.157240,-0.040823,0.792447,0.047056,0.606751,-0.881644,4.280987,36.309807,-0.041470,0.936145,0.041666,0.346664,-13.998675,0.737277,-5.044040,-0.040823,0.792447,0.047056,0.606751,12.556931,0.213782,32.717659
965,8.041667,-0.020955,0.854148,0.033181,0.518547,-5.610061,87.379929,15.113928,-0.085084,0.834809,0.128411,0.528550,-6.120448,94.627075,15.368003,-0.041268,0.838256,0.101648,0.534128,-9.608131,106.585632,16.930475,0.017975,0.861748,-0.061861,0.503231,-12.273926,121.220253,18.824846,0.024347,0.872996,-0.162417,0.459245,-9.458826,134.626297,16.746929,-0.038170,0.765003,0.228632,0.600867,-13.800899,115.693962,15.371917,0.258654,-0.293629,0.214051,-0.895021,-18.590614,119.462189,-0.944006,0.263379,0.428178,-0.443261,-0.742169,-0.204687,106.094727,-11.309002,0.369851,0.478016,-0.316506,-0.731119,4.442579,123.175934,-3.534997,-0.156164,0.870673,0.164202,0.436553,-10.780178,115.414581,21.780956,0.324956,0.886682,0.159335,-0.287768,-0.851319,117.653893,35.914375,-0.127727,0.269336,0.502193,-0.811755,14.717921,105.547943,20.577850,0.002629,0.093409,0.470424,-0.877479,7.687656,123.280609,14.380321,0.077449,0.853972,0.059715,0.511045,-9.699972,87.367645,7.248436,0.082540,0.896249,-0.095755,0.425154,-12.355554,50.806831,0.496317,-0.041627,0.936090,0.042120,0.346741,-23.204372,5.021200,5.294944,-0.096747,0.854170,-0.071426,0.505897,-1.520149,87.392212,22.979418,-0.001483,0.862461,-0.062046,0.502303,1.946646,51.196499,31.176264,-0.040809,0.792393,0.047737,0.606769,-0.880532,4.263428,36.308720,-0.041627,0.936090,0.042120,0.346741,-14.001101,0.731687,-5.046278,-0.040809,0.792393,0.047737,0.606769,12.561454,0.211034,32.712597
966,8.050000,-0.020855,0.853811,0.033033,0.519116,-5.610110,87.367630,15.092461,-0.085115,0.834544,0.128415,0.528963,-6.118312,94.614983,15.345123,-0.041106,0.838040,0.101622,0.534483,-9.608083,106.575584,16.905828,0.018067,0.861551,-0.061561,0.503602,-12.270220,121.210770,18.801064,0.024287,0.872854,-0.162099,0.459631,-9.455791,134.618515,16.733234,-0.038103,0.764639,0.228563,0.601361,-13.796392,115.685699,15.345794,0.258791,-0.293596,0.214333,-0.894925,-18.565626,119.458702,-0.975028,0.263733,0.427973,-0.442901,-0.742376,-0.184791,106.078079,-11.332068,0.370328,0.477539,-0.316597,-0.731150,4.481766,123.157013,-3.562523,-0.155998,0.870447,0.163856,0.437193,-10.780874,115.403961,21.757177,0.325107,0.886730,0.159408,-0.287409,-0.869693,117.638603,35.903740,-0.127910,0.270166,0.502344,-0.811357,14.704979,105.523384,20.580046,0.002098,0.093825,0.470359,-0.877471,7.699337,123.257782,14.364731,0.077631,0.853676,0.059279,0.511564,-9.689629,87.355965,7.221574,0.082495,0.896575,-0.095672,0.424494,-12.369368,50.793385,0.488601,-0.041816,0.936015,0.042435,0.346882,-23.207626,5.005550,5.290076,-0.096489,0.854058,-0.072096,0.506040,-1.530591,87.379295,22.963348,-0.001894,0.862273,-0.061589,0.502682,1.892902,51.187016,31.193483,-0.040949,0.792345,0.048020,0.606800,-0.881250,4.248729,36.307148,-0.041816,0.936015,0.042435,0.346882,-13.998758,0.726174,-5.050367,-0.040949,0.792345,0.048020,0.606800,12.563377,0.204977,32.711166
967,8.058333,-0.020842,0.853487,0.032868,0.519658,-5.608778,87.358932,15.072608,-0.084996,0.834279,0.128412,0.529400,-6.115728,94.606453,15.323000,-0.041071,0.837779,0.101574,0.534904,-9.603701,106.567177,16.883373,0.018167,0.861345,-0.061041,0.504013,-12.265146,121.202744,18.776630,0.024205,0.872724,-0.161915,0.459946,-9.454044,134.613556,16.724293,-0.038010,0.764441,0.228466,0.601655,-13.788891,115.678093,15.319626,0.258893,-0.293503,0.214596,-0.894863,-18.546030,119.454147,-1.004010,0.264044,0.427702,-0.442603,-0.742600,-0.168112,106.062111,-11.351467,0.370558,0.477177,-0.316529,-0.731299,4.517528,123.138191,-3.588516,-0.155839,0.870290,0.163618,0.437652,-10.779713,115.395561,21.733948,0.325262,0.886776,0.159493,-0.287045,-0.880795,117.625519,35.889824,-0.127955,0.270687,0.502500,-0.811079,14.699277,105.501007,20.578995,0.001979,0.094171,0.470623,-0.877292,7.711223,123.238060,14.351460,0.077921,0.853373,0.058913,0.512067,-9.678316,87.346390,7.196560,0.082300,0.896510,-0.095762,0.424648,-12.386513,50.783943,0.474213,-0.042051,0.935984,0.042620,0.346915,-23.212664,4.994676,5.289359,-0.096176,0.854083,-0.072684,0.505974,-1.539240,87.371483,22.948656,-0.002315,0.862208,-0.061211,0.502837,1.842716,51.181061,31.204105,-0.041570,0.792382,0.047645,0.606740,-0.880050,4.238549,36.306591,-0.042051,0.935984,0.042620,0.346915,-14.000455,0.722481,-5.051072,-0.041570,0.792382,0.047645,0.606740,12.566548,0.197069,32.715435
968,8.066667,-0.020883,0.853189,0.032774,0.520152,-5.607276,87.351891,15.054952,-0.084863,0.834037,0.128201,0.529854,-6.114177,94.599472,15.303569,-0.041017,0.837516,0.101470,0.535339,-9.596710,106.559441,16.859194,0.018251,0.861089,-0.060670,0.504492,-12.256134,121.195770,18.749390,0.024022,0.872534,-0.161631,0.460417,-9.446505,134.608765,16.709227,-0.037898,0.764229,0.228462,0.601933,-13.777879,115.671448,15.290994,0.258870,-0.293250,0.215075,-0.894837,-18.523666,119.452881,-1.034707,0.264406,0.427428,-0.442496,-0.742692,-0.148590,106.043335,-11.364527,0.370904,0.476867,-0.316289,-0.731430,4.549559,123.120522,-3.613287,-0.155734,0.870088,0.163434,0.438160,-10.775240,115.388260,21.708355,0.325395,0.886836,0.159598,-0.286652,-0.890669,117.613861,35.874943,-0.127998,0.271158,0.502596,-0.810856,14.696351,105.480865,20.577915,0.001779,0.094641,0.471398,-0.876826,7.721878,123.220695,14.338350,0.078171,0.853103,0.058619,0.512512,-9.667682,87.338242,7.174191,0.082164,0.896436,-0.095888,0.424802,-12.399458,50.776123,0.459589,-0.042093,0.935912,0.042855,0.347075,-23.219963,4.987037,5.289085,-0.095905,0.853843,-0.073097,0.506371,-1.546871,87.365540,22.935713,-0.002709,0.862103,-0.060930,0.503050,1.798352,51.175735,31.208801,-0.041619,0.792382,0.047866,0.606718,-0.880120,4.230168,36.306583,-0.042093,0.935912,0.042855,0.347075,-14.003313,0.721455,-5.050119,-0.041619,0.792382,0.047866,0.606718,12.567711,0.194410,32.713596
969,8.075000,-0.021237,0.852927,0.032882,0.520561,-5.596132,87.354698,15.039677,-0.085062,0.833767,0.128227,0.530240,-6.108356,94.601959,15.286700,-0.040855,0.837289,0.101340,0.535731,-9.594777,106.556496,16.837950,0.018314,0.860930,-0.060202,0.504817,-12.248945,121.194016,18.726297,0.023976,0.872448,-0.161552,0.460610,-9.443142,134.609818,16.699459,-0.037844,0.764046,0.228458,0.602170,-13.770267,115.670525,15.266387,0.259130,-0.293135,0.215540,-0.894687,-18.506262,119.455444,-1.061355,0.265037,0.426934,-0.442125,-0.742973,-0.137846,106.024361,-11.375024,0.371382,0.476353,-0.315799,-0.731734,4.588741,123.098816,-3.641366,-0.155514,0.869927,0.163317,0.438600,-10.773387,115.385712,21.686371,0.325431,0.886928,0.159714,-0.286261,-0.899851,117.603050,35.861950,-0.128068,0.271694,0.502626,-0.810646,14.697176,105.465485,20.578735,0.001636,0.095157,0.471690,-0.876613,7.735650,123.205437,14.325658,0.078456,0.852926,0.058261,0.512803,-9.648730,87.337021,7.154904,0.082024,0.896319,-0.095958,0.425061,-12.410025,50.775112,0.451247,-0.042237,0.935893,0.042878,0.347106,-23.222963,4.985124,5.289219,-0.095511,0.853746,-0.073641,0.506530,-1.543535,87.372375,22.924448,-0.003060,0.861886,-0.060670,0.503451,1.754537,51.182896,31.217882,-0.041468,0.792452,0.047852,0.606639,-0.885281,4.234526,36.310059,-0.042237,0.935893,0.042878,0.347106,-14.004251,0.721618,-5.049010,-0.041468,0.792452,0.047852,0.606639,12.560712,0.195853,32.713463
970,8.083333,-0.021147,0.852637,0.032719,0.521050,-5.600245,87.351540,15.025640,-0.085173,0.833517,0.127935,0.530687,-6.110259,94.599007,15.271049,-0.040594,0.837064,0.101313,0.536108,-9.596498,106.556595,16.813166,0.018722,0.860684,-0.060012,0.505244,-12.244555,121.194908,18.703873,0.023651,0.872288,-0.161355,0.460998,-9.430361,134.610809,16.689278,-0.037764,0.763845,0.228254,0.602507,-13.765923,115.673294,15.241000,0.259204,-0.292855,0.216092,-0.894625,-18.487957,119.458984,-1.090598,0.265568,0.426537,-0.441871,-0.743162,-0.123228,106.006477,-11.382883,0.371804,0.476066,-0.315691,-0.731752,4.625009,123.081116,-3.664153,-0.155354,0.869759,0.163239,0.439018,-10.774472,115.384926,21.663353,0.325516,0.887022,0.159769,-0.285843,-0.912017,117.595337,35.847717,-0.128134,0.272222,0.502694,-0.810417,14.694205,105.449905,20.580153,0.001563,0.095625,0.471973,-0.876410,7.746554,123.191811,14.313748,0.078504,0.852655,0.058081,0.513267,-9.643875,87.334129,7.136268,0.081993,0.896420,-0.096044,0.424835,-12.411545,50.771236,0.440645,-0.042052,0.935897,0.042918,0.347113,-23.224035,4.982334,5.289819,-0.095367,0.853515,-0.074014,0.506892,-1.556614,87.368950,22.915012,-0.003388,0.861571,-0.060232,0.504039,1.714582,51.181526,31.228018,-0.042507,0.792305,0.046940,0.606830,-0.881072,4.228348,36.298477,-0.042052,0.935897,0.042918,0.347113,-14.006784,0.717984,-5.049359,-0.042507,0.792305,0.046940,0.606830,12.569438,0.187280,32.721542
971,8.091667,-0.021062,0.852313,0.032585,0.521591,-5.603652,87.350670,15.012085,-0.085120,0.833270,0.127755,0.531126,-6.111755,94.598328,15.256150,-0.040564,0.836821,0.101223,0.536507,-9.595460,106.557655,16.793531,0.019022,0.860441,-0.059855,0.505665,-12.242230,121.196594,18.681265,0.023458,0.872139,-0.161181,0.461351,-9.421768,134.612656,16.676594,-0.037494,0.763587,0.228108,0.602906,-13.761523,115.675163,15.217169,0.259450,-0.292658,0.216690,-0.894473,-18.467529,119.468483,-1.117292,0.266275,0.426302,-0.441596,-0.743207,-0.109978,105.989815,-11.388137,0.372505,0.475908,-0.315521,-0.731572,4.655570,123.067261,-3.684362,-0.155167,0.869646,0.163076,0.439369,-10.776111,115.386391,21.642315,0.325561,0.887160,0.159807,-0.285340,-0.922352,117.591026,35.833633,-0.128471,0.272982,0.502720,-0.810092,14.696735,105.437889,20.585375,0.001453,0.096570,0.471312,-0.876662,7.767130,123.180702,14.305107,0.078579,0.852493,0.057855,0.513550,-9.637344,87.333733,7.117624,0.081926,0.896370,-0.096108,0.424938,-12.416187,50.769760,0.432532,-0.042313,0.935861,0.042855,0.347184,-23.226145,4.980981,5.288548,-0.095256,0.853346,-0.074229,0.507166,-1.569959,87.367615,22.906548,-0.003650,0.861489,-0.060011,0.504205,1.683305,51.180996,31.230089,-0.042548,0.792252,0.047081,0.606886,-0.881525,4.225481,36.294647,-0.042313,0.935861,0.042855,0.347184,-14.005096,0.717701,-5.047688,-0.042548,0.792252,0.047081,0.606886,12.570460,0.188238,32.718914
972,8.100000,-0.020936,0.851963,0.032289,0.522186,-5.608916,87.348633,14.998987,-0.085114,0.832965,0.127726,0.531612,-6.113395,94.596642,15.239996,-0.040393,0.836554,0.100987,0.536980,-9.598848,106.560776,16.775427,0.019306,0.860106,-0.060001,0.506207,-12.238637,121.201561,18.658611,0.023164,0.871891,-0.160790,0.461971,-9.407726,134.615921,16.657288,-0.037275,0.763392,0.227778,0.603291,-13.757640,115.680656,15.193561,0.259790,-0.292386,0.217259,-0.894326,-18.448025,119.476212,-1.144867,0.266984,0.426050,-0.441364,-0.743235,-0.094855,105.972305,-11.390350,0.372761,0.476049,-0.315208,-0.731485,4.686651,123.051659,-3.703524,-0.154945,0.869535,0.162967,0.439708,-10.779226,115.390823,21.621904,0.325735,0.887228,0.160119,-0.284754,-0.933461,117.587868,35.819935,-0.128401,0.273473,0.502750,-0.809919,14.696688,105.425690,20.590239,0.001323,0.097147,0.471489,-0.876504,7.779116,123.167549,14.294731,0.078668,0.852304,0.057620,0.513877,-9.631700,87.331329,7.098965,0.081827,0.896328,-0.096148,0.425036,-12.422732,50.766373,0.424330,-0.042309,0.935863,0.042919,0.347171,-23.226458,4.976782,5.286561,-0.095177,0.853172,-0.074393,0.507449,-1.586132,87.365936,22.899010,-0.003945,0.861365,-0.059829,0.504436,1.653127,51.180004,31.230991,-0.040429,0.792093,0.049510,0.607045,-0.880261,4.222637,36.294151,-0.042309,0.935863,0.042919,0.347171,-14.005574,0.715109,-5.050482,-0.040429,0.792093,0.049510,0.607045,12.570202,0.203013,32.692955
973,8.108333,-0.020742,0.851615,0.032089,0.522773,-5.621005,87.348244,14.987737,-0.084877,0.832743,0.127428,0.532069,-6.121723,94.596565,15.227403,-0.040228,0.836329,0.100809,0.537376,-9.599156,106.563393,16.758055,0.019324,0.859904,-0.059916,0.506559,-12.232854,121.205650,18.638264,0.023138,0.871744,-0.160630,0.462304,-9.401505,134.620529,16.640938,-0.037675,0.762625,0.227968,0.604165,-13.751714,115.685394,15.172111,0.259770,-0.292151,0.217954,-0.894239,-18.404322,119.482231,-1.176819,0.267442,0.426231,-0.441267,-0.743025,-0.059403,105.951538,-11.401707,0.373611,0.475665,-0.314914,-0.731427,4.720368,123.037209,-3.718475,-0.155030,0.869350,0.162884,0.440074,-10.779146,115.394272,21.603102,0.326014,0.887249,0.160571,-0.284114,-0.945503,117.592094,35.809410,-0.128210,0.273979,0.502844,-0.809720,14.693750,105.418488,20.598190,0.001221,0.097806,0.471792,-0.876268,7.791750,123.158142,14.285684,0.078572,0.852032,0.057540,0.514351,-9.633051,87.332489,7.082252,0.081857,0.896397,-0.096215,0.424869,-12.417436,50.765724,0.414769,-0.042224,0.935868,0.042915,0.347170,-23.225397,4.977817,5.283405,-0.095251,0.853249,-0.074553,0.507282,-1.608959,87.364006,22.893221,-0.004043,0.861430,-0.059615,0.504350,1.630415,51.180901,31.237448,-0.041795,0.792116,0.047942,0.607048,-0.884310,4.221180,36.288116,-0.042224,0.935868,0.042915,0.347170,-14.005327,0.715188,-5.053970,-0.041795,0.792116,0.047942,0.607048,12.568053,0.190149,32.706814
974,8.116667,-0.020526,0.851286,0.031804,0.523335,-5.634160,87.350693,14.978999,-0.084674,0.832455,0.127276,0.532588,-6.130206,94.599403,15.216461,-0.040080,0.836035,0.100520,0.537899,-9.602815,106.569466,16.744789,0.019371,0.859669,-0.059257,0.507033,-12.229378,121.213829,18.618622,0.023095,0.871555,-0.160850,0.462586,-9.404400,134.632751,16.639584,-0.036945,0.763093,0.227013,0.603977,-13.747658,115.693771,15.151896,0.260115,-0.291759,0.218291,-0.894185,-18.410053,119.487831,-1.194890,0.268277,0.425693,-0.440714,-0.743360,-0.061041,105.942741,-11.393348,0.374097,0.475456,-0.314656,-0.731427,4.754269,123.022842,-3.730194,-0.154882,0.869238,0.162805,0.440376,-10.782901,115.402184,21.586470,0.326230,0.887332,0.160633,-0.283571,-0.956934,117.594398,35.798962,-0.128299,0.274673,0.502971,-0.809391,14.690682,105.406380,20.607889,0.001216,0.098565,0.471619,-0.876276,7.808496,123.149681,14.278340,0.078505,0.851770,0.057458,0.514804,-9.635942,87.335983,7.068311,0.081818,0.896488,-0.096281,0.424671,-12.415687,50.767731,0.407067,-0.042391,0.935893,0.042768,0.347101,-23.221891,4.980421,5.285183,-0.095370,0.853013,-0.074467,0.507669,-1.632378,87.365395,22.889687,-0.004209,0.861316,-0.059525,0.504553,1.613989,51.183022,31.234365,-0.041749,0.792089,0.047828,0.607095,-0.884121,4.222420,36.285088,-0.042391,0.935893,0.042768,0.347101,-14.002149,0.715635,-5.051591,-0.041749,0.792089,0.047828,0.607095,12.567782,0.188078,32.705780
975,8.125000,-0.020538,0.851011,0.031571,0.523796,-5.641413,87.355171,14.973455,-0.084768,0.832185,0.127009,0.533058,-6.135958,94.604088,15.207677,-0.039682,0.835796,0.100315,0.538337,-9.608735,106.578316,16.727676,0.019521,0.859407,-0.059244,0.507473,-12.223029,121.224869,18.601536,0.022995,0.871319,-0.160825,0.463045,-9.393271,134.643463,16.627127,-0.036946,0.762870,0.226682,0.604383,-13.743374,115.706848,15.132480,0.260049,-0.291318,0.218986,-0.894178,-18.388693,119.497391,-1.219979,0.268869,0.425486,-0.440423,-0.743437,-0.042014,105.928017,-11.390307,0.374521,0.475413,-0.314280,-0.731399,4.789366,123.006348,-3.739933,-0.154885,0.869069,0.162739,0.440734,-10.784859,115.411339,21.569746,0.326416,0.887439,0.160735,-0.282965,-0.969905,117.601715,35.790123,-0.128396,0.275352,0.503046,-0.809099,14.688766,105.400276,20.621237,0.001163,0.099313,0.471425,-0.876296,7.825102,123.143242,14.275760,0.078505,0.851608,0.057320,0.515087,-9.634627,87.338486,7.058444,0.081786,0.896526,-0.096245,0.424604,-12.417555,50.769054,0.404977,-0.042257,0.935905,0.042789,0.347081,-23.219267,4.980588,5.282237,-0.095434,0.852838,-0.074372,0.507965,-1.648199,87.371864,22.888466,-0.004316,0.861103,-0.059443,0.504926,1.602912,51.189346,31.230652,-0.041623,0.791999,0.047803,0.607224,-0.884726,4.227919,36.278797,-0.042257,0.935905,0.042789,0.347081,-14.001146,0.714961,-5.055640,-0.041623,0.791999,0.047803,0.607224,12.567314,0.190890,32.703041
976,8.133333,-0.020396,0.850725,0.031379,0.524277,-5.656776,87.359688,14.965039,-0.084385,0.831955,0.126792,0.533529,-6.148238,94.608864,15.197687,-0.039677,0.835511,0.100045,0.538830,-9.610949,106.585526,16.716463,0.019860,0.859108,-0.059443,0.507943,-12.221905,121.233711,18.582190,0.022871,0.871143,-0.160611,0.463455,-9.379966,134.650116,16.610348,-0.036820,0.762573,0.226348,0.604891,-13.740325,115.715050,15.113314,0.260049,-0.290886,0.219519,-0.894188,-18.364563,119.506325,-1.244959,0.269443,0.425687,-0.440087,-0.743313,-0.016998,105.918633,-11.389219,0.375201,0.475381,-0.313989,-0.731196,4.819592,122.998085,-3.740785,-0.154777,0.869022,0.162746,0.440861,-10.789332,115.420685,21.554089,0.326596,0.887520,0.160948,-0.282383,-0.977113,117.606735,35.777023,-0.128465,0.275745,0.503095,-0.808923,14.692161,105.394363,20.627893,0.000995,0.099914,0.472006,-0.875915,7.838415,123.140160,14.272541,0.078405,0.851276,0.057262,0.515659,-9.641162,87.343719,7.045577,0.081769,0.896375,-0.096369,0.424899,-12.415603,50.772633,0.397719,-0.042154,0.935893,0.042660,0.347142,-23.222389,4.986164,5.282479,-0.095611,0.852452,-0.074208,0.508603,-1.672391,87.375648,22.884502,-0.004484,0.860882,-0.059402,0.505305,1.589951,51.193832,31.225378,-0.041165,0.791928,0.048232,0.607313,-0.884272,4.232082,36.277161,-0.042154,0.935893,0.042660,0.347142,-14.004196,0.716209,-5.053550,-0.041165,0.791928,0.048232,0.607313,12.567461,0.196744,32.698326
977,8.141667,-0.020326,0.850500,0.031256,0.524653,-5.668695,87.363594,14.959246,-0.084112,0.831776,0.126439,0.533936,-6.158462,94.612923,15.190695,-0.039582,0.835279,0.099865,0.539230,-9.610791,106.590057,16.703964,0.020136,0.858867,-0.059510,0.508331,-12.217392,121.239540,18.565556,0.022736,0.870991,-0.160472,0.463795,-9.366809,134.654739,16.598021,-0.036619,0.762430,0.225991,0.605217,-13.734926,115.721092,15.095955,0.259778,-0.290432,0.220078,-0.894276,-18.345926,119.512917,-1.265921,0.269931,0.425672,-0.439697,-0.743376,0.002511,105.909088,-11.386911,0.375698,0.475469,-0.313540,-0.731077,4.852988,122.986710,-3.741889,-0.154580,0.868798,0.162200,0.441573,-10.789937,115.426292,21.539454,0.326586,0.887661,0.161108,-0.281857,-0.997486,117.609550,35.776432,-0.128558,0.276480,0.503110,-0.808648,14.686924,105.393326,20.646101,0.000864,0.100603,0.472305,-0.875675,7.850511,123.137787,14.272311,0.078310,0.851075,0.057229,0.516007,-9.646134,87.347832,7.036294,0.081729,0.896199,-0.096440,0.425261,-12.413142,50.775349,0.393008,-0.042229,0.935901,0.042547,0.347126,-23.221350,4.989571,5.281022,-0.095805,0.852073,-0.073963,0.509237,-1.691258,87.379356,22.882198,-0.004523,0.860760,-0.059407,0.505512,1.586444,51.197605,31.217327,-0.041231,0.791839,0.048044,0.607439,-0.886061,4.235938,36.270687,-0.042229,0.935901,0.042547,0.347126,-14.003083,0.717442,-5.054036,-0.041231,0.791839,0.048044,0.607439,12.566328,0.197586,32.697746
978,8.150000,-0.020185,0.850255,0.031123,0.525062,-5.680853,87.367249,14.954103,-0.083920,0.831568,0.126183,0.534350,-6.167963,94.616783,15.184752,-0.039465,0.835050,0.099544,0.539652,-9.613587,106.595825,16.693645,0.020594,0.858547,-0.060461,0.508742,-12.213061,121.247505,18.547907,0.022555,0.870824,-0.159863,0.464328,-9.337372,134.655365,16.566965,-0.036631,0.761979,0.225895,0.605819,-13.730638,115.728828,15.078685,0.259643,-0.290100,0.220639,-0.894285,-18.316217,119.523605,-1.289654,0.270403,0.425924,-0.439242,-0.743329,0.029521,105.900894,-11.390134,0.376365,0.475256,-0.313085,-0.731067,4.887518,122.976410,-3.741289,-0.154554,0.868584,0.161903,0.442112,-10.791977,115.434372,21.525089,0.326676,0.887791,0.161262,-0.281257,-1.015825,117.617210,35.773331,-0.128613,0.277131,0.503141,-0.808397,14.682543,105.392220,20.664562,0.000687,0.101275,0.472953,-0.875247,7.862483,123.134827,14.274369,0.078134,0.850767,0.057158,0.516549,-9.650786,87.352699,7.027382,0.081844,0.896235,-0.096422,0.425167,-12.405225,50.777554,0.393499,-0.042210,0.935883,0.042424,0.347190,-23.221817,4.993209,5.276427,-0.095893,0.851668,-0.073662,0.509941,-1.710921,87.381798,22.880825,-0.004755,0.860462,-0.059457,0.506011,1.577047,51.198006,31.203007,-0.041008,0.791836,0.048168,0.607448,-0.881846,4.237106,36.270142,-0.042210,0.935883,0.042424,0.347190,-14.002627,0.717767,-5.056445,-0.041008,0.791836,0.048168,0.607448,12.569674,0.197686,32.695129
979,8.158333,-0.020027,0.850022,0.031026,0.525450,-5.696434,87.371109,14.948461,-0.083574,0.831371,0.125919,0.534773,-6.180964,94.620827,15.178890,-0.039362,0.834807,0.099188,0.540101,-9.616366,106.601677,16.685238,0.020359,0.858320,-0.060682,0.509107,-12.208549,121.255730,18.530983,0.022794,0.870622,-0.159658,0.464766,-9.334077,134.662888,16.543547,-0.036655,0.761742,0.225596,0.606228,-13.726041,115.736618,15.062422,0.259841,-0.289770,0.220880,-0.894275,-18.294292,119.527969,-1.311547,0.270892,0.426226,-0.438768,-0.743257,0.055698,105.896019,-11.391819,0.376403,0.475631,-0.312701,-0.730968,4.919308,122.966125,-3.739606,-0.154322,0.868463,0.161675,0.442513,-10.794147,115.442894,21.511938,0.326773,0.887877,0.161575,-0.280691,-1.027872,117.619308,35.767925,-0.128688,0.277595,0.503144,-0.808224,14.683187,105.388405,20.677147,0.000503,0.101930,0.473102,-0.875091,7.873933,123.129868,14.275688,0.078016,0.850553,0.057073,0.516930,-9.659235,87.358322,7.018172,0.081765,0.896111,-0.096459,0.425435,-12.406640,50.781078,0.392941,-0.041983,0.935910,0.042393,0.347150,-23.219547,4.996192,5.279000,-0.096111,0.851535,-0.073416,0.510157,-1.733634,87.383904,22.878748,-0.004805,0.860302,-0.059481,0.506280,1.575447,51.200520,31.194378,-0.041125,0.791793,0.047890,0.607518,-0.882172,4.239935,36.265038,-0.041983,0.935910,0.042393,0.347150,-14.003401,0.717629,-5.055285,-0.041125,0.791793,0.047890,0.607518,12.569420,0.196380,32.694992
980,8.166667,-0.019875,0.849793,0.030803,0.525840,-5.712053,87.374474,14.945144,-0.083250,0.831184,0.125656,0.535175,-6.193114,94.624481,15.173766,-0.039266,0.834576,0.098926,0.540514,-9.618990,106.607986,16.677505,0.020384,0.858093,-0.060995,0.509450,-12.205467,121.263817,18.517097,0.022960,0.870451,-0.159458,0.465147,-9.324968,134.668915,16.524563,-0.036586,0.761383,0.225317,0.606787,-13.722500,115.744591,15.048510,0.259546,-0.289428,0.221375,-0.894349,-18.267328,119.536743,-1.331793,0.271230,0.426365,-0.438352,-0.743300,0.081621,105.890564,-11.394691,0.376450,0.475947,-0.311916,-0.731073,4.954379,122.955009,-3.739817,-0.154323,0.868328,0.161469,0.442853,-10.796821,115.451027,21.500856,0.326956,0.887963,0.161620,-0.280179,-1.041054,117.628014,35.763954,-0.128911,0.278210,0.503258,-0.807907,14.678407,105.384079,20.692492,0.000285,0.102534,0.473055,-0.875046,7.887643,123.127937,14.279935,0.077879,0.850279,0.057043,0.517404,-9.667694,87.362190,7.011280,0.081801,0.896120,-0.096453,0.425411,-12.403921,50.783092,0.391655,-0.041935,0.935897,0.042303,0.347202,-23.219490,4.998657,5.276043,-0.096303,0.851328,-0.073081,0.510515,-1.756412,87.386757,22.879007,-0.004884,0.860099,-0.059545,0.506617,1.574133,51.202469,31.182089,-0.040916,0.791745,0.047912,0.607594,-0.882093,4.242688,36.260834,-0.041935,0.935897,0.042303,0.347202,-14.002877,0.717301,-5.056674,-0.040916,0.791745,0.047912,0.607594,12.568816,0.196066,32.691681
981,8.175000,-0.019830,0.849633,0.030694,0.526106,-5.726432,87.380829,14.941971,-0.083000,0.830996,0.125461,0.535552,-6.206168,94.630959,15.169454,-0.039172,0.834333,0.098693,0.540937,-9.624137,106.613754,16.670723,0.020633,0.857883,-0.061273,0.509762,-12.205451,121.271179,18.504784,0.022958,0.870361,-0.159334,0.465358,-9.314296,134.673813,16.510969,-0.036713,0.761045,0.225133,0.607271,-13.721741,115.751968,15.035870,0.259199,-0.288952,0.221747,-0.894512,-18.245750,119.541084,-1.350896,0.271480,0.426553,-0.437987,-0.743316,0.108740,105.887672,-11.393879,0.376466,0.476279,-0.311433,-0.731055,4.987741,122.948311,-3.733582,-0.154333,0.868251,0.161242,0.443083,-10.802445,115.458344,21.491104,0.327152,0.888074,0.161820,-0.279484,-1.053879,117.637398,35.758808,-0.128827,0.278509,0.503276,-0.807805,14.678608,105.380165,20.711775,0.000558,0.102947,0.472609,-0.875238,7.895952,123.121384,14.289742,0.077747,0.850003,0.056994,0.517882,-9.677140,87.368431,7.005651,0.081810,0.896157,-0.096432,0.425335,-12.403288,50.787388,0.392634,-0.041297,0.935876,0.042600,0.347299,-23.218428,5.002722,5.275775,-0.096484,0.851045,-0.072832,0.510987,-1.775723,87.393234,22.878292,-0.004955,0.860044,-0.059548,0.506709,1.571159,51.208836,31.174326,-0.041035,0.791668,0.047657,0.607707,-0.880003,4.249144,36.256386,-0.041297,0.935876,0.042600,0.347299,-14.004866,0.722624,-5.060182,-0.041035,0.791668,0.047657,0.607707,12.571483,0.198932,32.693478
982,8.183333,-0.019659,0.849456,0.030467,0.526412,-5.743540,87.381050,14.942683,-0.082839,0.830792,0.125057,0.535988,-6.219512,94.631485,15.168498,-0.039029,0.834075,0.098397,0.541400,-9.630485,106.620392,16.662313,0.021338,0.857590,-0.061738,0.510170,-12.204475,121.279907,18.489996,0.022767,0.870256,-0.159051,0.465660,-9.289156,134.677490,16.497503,-0.036723,0.760658,0.224943,0.607825,-13.720613,115.760780,15.020879,0.259127,-0.288591,0.222050,-0.894574,-18.221140,119.550430,-1.372229,0.271818,0.426889,-0.437484,-0.743296,0.137016,105.888474,-11.396866,0.376368,0.476696,-0.310952,-0.731039,5.021862,122.943153,-3.727815,-0.154293,0.868128,0.161143,0.443374,-10.808262,115.466942,21.479240,0.327308,0.888169,0.161875,-0.278964,-1.068245,117.644035,35.753078,-0.129090,0.278981,0.503371,-0.807542,14.673646,105.374847,20.725636,0.000360,0.103526,0.472834,-0.875049,7.905262,123.119423,14.296939,0.077655,0.849862,0.057123,0.518113,-9.688662,87.369331,7.003583,0.081793,0.896137,-0.096644,0.425334,-12.402179,50.788319,0.385217,-0.042005,0.935880,0.042335,0.347234,-23.224173,5.007249,5.286855,-0.096786,0.851016,-0.072517,0.511024,-1.798419,87.392776,22.881784,-0.004882,0.860033,-0.059646,0.506717,1.579248,51.209332,31.169483,-0.040966,0.791643,0.047662,0.607743,-0.882600,4.250672,36.255939,-0.042005,0.935880,0.042335,0.347234,-14.006144,0.727445,-5.045240,-0.040966,0.791643,0.047662,0.607743,12.568749,0.199409,32.693718
983,8.191667,-0.019104,0.849128,0.030124,0.526981,-5.775852,87.378212,14.942181,-0.082330,0.830564,0.124534,0.536541,-6.242508,94.629250,15.167710,-0.038899,0.833779,0.098098,0.541920,-9.637631,106.625519,16.655859,0.021742,0.857251,-0.062271,0.510657,-12.204693,121.287109,18.476671,0.022720,0.870037,-0.158787,0.466161,-9.270996,134.680084,16.480160,-0.036581,0.760366,0.224780,0.608259,-13.720140,115.768005,15.007195,0.258703,-0.288094,0.222536,-0.894736,-18.202660,119.561752,-1.389901,0.272094,0.427125,-0.436947,-0.743375,0.159034,105.888832,-11.393081,0.376383,0.477054,-0.310553,-0.730967,5.054037,122.935692,-3.715309,-0.154119,0.868044,0.160927,0.443677,-10.815631,115.474060,21.469084,0.327379,0.888299,0.162025,-0.278381,-1.083115,117.647087,35.748661,-0.129355,0.279485,0.503433,-0.807286,14.672700,105.370033,20.742249,0.000330,0.104235,0.472845,-0.874958,7.918135,123.117088,14.305737,0.077408,0.849607,0.057131,0.518567,-9.710735,87.372055,6.997994,0.081798,0.896018,-0.096684,0.425575,-12.404903,50.788265,0.387105,-0.042239,0.935858,0.042317,0.347268,-23.230236,5.008012,5.288986,-0.097405,0.850759,-0.072074,0.511397,-1.840969,87.384361,22.886368,-0.004818,0.859899,-0.059675,0.506941,1.588959,51.205093,31.170839,-0.041050,0.791613,0.047799,0.607766,-0.880789,4.246709,36.255924,-0.042239,0.935858,0.042317,0.347268,-14.009356,0.730140,-5.041368,-0.041050,0.791613,0.047799,0.607766,12.572026,0.199905,32.694160
984,8.200000,-0.018948,0.848970,0.030027,0.527247,-5.793118,87.380280,14.938772,-0.082187,0.830302,0.124411,0.536997,-6.257179,94.631493,15.164153,-0.039004,0.833451,0.097713,0.542486,-9.650667,106.636658,16.650839,0.022276,0.856927,-0.062701,0.511125,-12.215392,121.300255,18.458706,0.022895,0.869880,-0.158649,0.466492,-9.261806,134.688873,16.462286,-0.036533,0.759883,0.224553,0.608950,-13.727956,115.779404,14.990756,0.258351,-0.287496,0.223090,-0.894892,-18.181307,119.575607,-1.413713,0.272473,0.427431,-0.436462,-0.743345,0.185244,105.888939,-11.389139,0.376500,0.477415,-0.310075,-0.730873,5.086494,122.930779,-3.704372,-0.153753,0.868031,0.160849,0.443857,-10.832273,115.488686,21.456747,0.327437,0.888486,0.161915,-0.277779,-1.101388,117.650772,35.739094,-0.129589,0.280025,0.503436,-0.807059,14.669264,105.361664,20.758162,0.000247,0.104793,0.473372,-0.874607,7.926730,123.110176,14.311285,0.077251,0.849432,0.057079,0.518884,-9.723127,87.375763,6.992172,0.081783,0.896237,-0.096569,0.425141,-12.407000,50.789715,0.389588,-0.042059,0.935882,0.042391,0.347215,-23.224125,5.007112,5.287699,-0.097583,0.850658,-0.071879,0.511559,-1.863110,87.384796,22.885372,-0.004919,0.859743,-0.059682,0.507205,1.583909,51.206017,31.164890,-0.041163,0.791616,0.047589,0.607770,-0.879484,4.247799,36.254654,-0.042059,0.935882,0.042391,0.347215,-14.005860,0.729296,-5.045012,-0.041163,0.791616,0.047589,0.607770,12.573125,0.198286,32.695202
985,8.208333,-0.018477,0.848878,0.029751,0.527427,-5.819526,87.386559,14.939265,-0.081720,0.830232,0.123811,0.537316,-6.275704,94.638268,15.164772,-0.038622,0.833304,0.097508,0.542775,-9.647857,106.633591,16.642450,0.022097,0.856753,-0.062967,0.511391,-12.200374,121.299278,18.450632,0.023007,0.869676,-0.158488,0.466922,-9.246384,134.686737,16.446974,-0.036547,0.759701,0.224452,0.609213,-13.715908,115.780220,14.981119,0.257558,-0.287053,0.223384,-0.895189,-18.158066,119.576225,-1.426433,0.272445,0.427897,-0.436114,-0.743292,0.214638,105.890190,-11.391376,0.376747,0.477806,-0.309685,-0.730656,5.112570,122.926819,-3.689408,-0.153789,0.867657,0.160150,0.444828,-10.824257,115.486099,21.448761,0.327843,0.888401,0.162803,-0.277052,-1.123815,117.652679,35.751122,-0.129226,0.280616,0.503731,-0.806728,14.653665,105.353333,20.785786,0.000206,0.105453,0.473483,-0.874467,7.936638,123.102859,14.318013,0.077132,0.849298,0.057021,0.519127,-9.746483,87.386688,6.991156,0.081575,0.896172,-0.096460,0.425342,-12.423263,50.798786,0.396001,-0.042194,0.935933,0.042242,0.347079,-23.219759,5.010998,5.291085,-0.097872,0.850567,-0.071565,0.511699,-1.892569,87.386429,22.887373,-0.004945,0.859644,-0.059731,0.507366,1.583337,51.208515,31.158579,-0.041042,0.791598,0.047596,0.607801,-0.881286,4.250890,36.253162,-0.042194,0.935933,0.042242,0.347079,-14.003574,0.730608,-5.042412,-0.041042,0.791598,0.047596,0.607801,12.570784,0.199466,32.693844
986,8.216667,-0.018424,0.848775,0.029639,0.527601,-5.835142,87.390068,14.939422,-0.081416,0.830071,0.123424,0.537699,-6.289861,94.641899,15.163857,-0.038421,0.833058,0.097327,0.543199,-9.649929,106.635956,16.635700,0.022399,0.856466,-0.063580,0.511783,-12.195433,121.303162,18.441422,0.022957,0.869473,-0.158276,0.467374,-9.224654,134.685730,16.430017,-0.036516,0.759520,0.224118,0.609563,-13.710960,115.785004,14.970489,0.257252,-0.286690,0.223559,-0.895350,-18.138338,119.577698,-1.441826,0.272754,0.428442,-0.435554,-0.743193,0.240879,105.891098,-11.394015,0.377026,0.478318,-0.308964,-0.730482,5.139614,122.920799,-3.677357,-0.153708,0.867473,0.159859,0.445321,-10.825618,115.489174,21.440870,0.328012,0.888448,0.163007,-0.276580,-1.139583,117.654053,35.753250,-0.129323,0.281318,0.503814,-0.806416,14.645442,105.345413,20.803511,-0.000319,0.106215,0.474448,-0.873852,7.947254,123.096893,14.318599,0.076990,0.849309,0.056960,0.519136,-9.758885,87.390068,6.989723,0.081586,0.896366,-0.096308,0.424967,-12.429075,50.800014,0.403796,-0.042134,0.935952,0.042266,0.347035,-23.218405,5.009598,5.290149,-0.097971,0.850501,-0.071378,0.511815,-1.911399,87.390068,22.889120,-0.005035,0.859554,-0.059778,0.507511,1.576848,51.211594,31.152699,-0.041492,0.791682,0.046923,0.607714,-0.883576,4.254577,36.254902,-0.042134,0.935952,0.042266,0.347035,-14.003695,0.729202,-5.044660,-0.041492,0.791682,0.046923,0.607714,12.567566,0.195957,32.700272
987,8.225000,-0.018313,0.848696,0.029569,0.527736,-5.846670,87.391800,14.938887,-0.081311,0.829955,0.123015,0.537988,-6.299510,94.643753,15.163234,-0.038302,0.832884,0.097220,0.543493,-9.652358,106.640091,16.626938,0.022509,0.856269,-0.063901,0.512068,-12.193782,121.308197,18.431087,0.023191,0.869274,-0.158276,0.467732,-9.215068,134.688354,16.415373,-0.036499,0.759250,0.223875,0.609989,-13.708991,115.790604,14.959103,0.256879,-0.286215,0.223847,-0.895537,-18.118305,119.582260,-1.458313,0.272980,0.428989,-0.435086,-0.743068,0.268051,105.892097,-11.392391,0.377225,0.478699,-0.308500,-0.730326,5.164363,122.915649,-3.661024,-0.153564,0.867290,0.159586,0.445823,-10.828053,115.493690,21.431398,0.328206,0.888501,0.163132,-0.276108,-1.156069,117.654716,35.753860,-0.129383,0.281842,0.503960,-0.806133,14.635647,105.334511,20.820724,-0.000349,0.106739,0.474519,-0.873749,7.955322,123.087952,14.324220,0.076882,0.849280,0.056980,0.519198,-9.767962,87.392906,6.987981,0.081559,0.896218,-0.096341,0.425275,-12.430080,50.801788,0.404727,-0.042016,0.935922,0.042269,0.347129,-23.220190,5.011582,5.291298,-0.098094,0.850417,-0.071251,0.511948,-1.925378,87.390694,22.889793,-0.005062,0.859700,-0.059746,0.507269,1.574209,51.212681,31.150585,-0.040901,0.791590,0.047559,0.607824,-0.881079,4.255328,36.252197,-0.042016,0.935922,0.042269,0.347129,-14.004496,0.730111,-5.042191,-0.040901,0.791590,0.047559,0.607824,12.570028,0.200688,32.692898
988,8.233333,-0.018333,0.848600,0.029482,0.527895,-5.856293,87.393883,14.941175,-0.081182,0.829776,0.122720,0.538350,-6.308751,94.645905,15.164210,-0.038277,0.832632,0.097022,0.543917,-9.655577,106.644180,16.622171,0.022617,0.856022,-0.064233,0.512435,-12.194114,121.313499,18.420549,0.023452,0.869065,-0.158299,0.468101,-9.207077,134.691177,16.400677,-0.036504,0.758849,0.223799,0.610516,-13.707638,115.795624,14.948291,0.256204,-0.285723,0.224310,-0.895772,-18.094545,119.590141,-1.474465,0.272904,0.429402,-0.434789,-0.743032,0.295517,105.892601,-11.391479,0.377020,0.478916,-0.308029,-0.730489,5.188139,122.910103,-3.644402,-0.153413,0.867149,0.159382,0.446223,-10.833210,115.499222,21.423500,0.328340,0.888588,0.163145,-0.275660,-1.172046,117.655853,35.753925,-0.129504,0.282319,0.504076,-0.805874,14.627591,105.324791,20.838135,-0.000228,0.107297,0.474503,-0.873690,7.962588,123.081001,14.332011,0.076927,0.849244,0.056932,0.519255,-9.774597,87.393990,6.988794,0.081477,0.896321,-0.096244,0.425096,-12.440997,50.802971,0.406701,-0.042006,0.935922,0.042339,0.347122,-23.219433,5.009737,5.290652,-0.098180,0.850453,-0.071179,0.511883,-1.937989,87.393776,22.893557,-0.005059,0.859723,-0.059691,0.507236,1.570395,51.216255,31.152779,-0.041034,0.791546,0.047389,0.607886,-0.882281,4.258278,36.249916,-0.042006,0.935922,0.042339,0.347122,-14.003817,0.729986,-5.043619,-0.041034,0.791546,0.047389,0.607886,12.569468,0.202166,32.694714
989,8.241667,-0.018235,0.848539,0.029570,0.527991,-5.866196,87.395660,14.939201,-0.080966,0.829649,0.122347,0.538664,-6.318157,94.647659,15.164016,-0.038205,0.832418,0.096940,0.544264,-9.655831,106.648018,16.615978,0.022753,0.855818,-0.064454,0.512741,-12.191984,121.317986,18.412487,0.023679,0.868875,-0.158461,0.468386,-9.197707,134.693817,16.391117,-0.036483,0.758592,0.223774,0.610845,-13.704163,115.800537,14.938951,0.255871,-0.285449,0.224549,-0.895895,-18.077114,119.597961,-1.486857,0.273087,0.429848,-0.434252,-0.743020,0.315413,105.896637,-11.394070,0.377029,0.479380,-0.307462,-0.730419,5.210997,122.905502,-3.632130,-0.153295,0.866987,0.159185,0.446647,-10.835006,115.503311,21.416464,0.328527,0.888618,0.163306,-0.275245,-1.185778,117.656258,35.755486,-0.129515,0.282665,0.504237,-0.805650,14.619157,105.315224,20.853556,-0.000131,0.107757,0.474803,-0.873471,7.968227,123.074814,14.339527,0.076847,0.849256,0.056858,0.519255,-9.782769,87.398125,6.985969,0.081469,0.896395,-0.096166,0.424959,-12.446979,50.805557,0.411586,-0.042157,0.935941,0.042304,0.347056,-23.220900,5.010769,5.290924,-0.098299,0.850416,-0.071217,0.511915,-1.949623,87.393204,22.892433,-0.005102,0.859607,-0.059594,0.507443,1.564417,51.217823,31.158638,-0.040819,0.791500,0.047655,0.607939,-0.881326,4.258797,36.249424,-0.042157,0.935941,0.042304,0.347056,-14.005425,0.731586,-5.043710,-0.040819,0.791500,0.047655,0.607939,12.570702,0.204903,32.692749
990,8.250000,-0.018236,0.848471,0.029482,0.528105,-5.873037,87.399124,14.940598,-0.081487,0.829479,0.122378,0.538840,-6.324364,94.651192,15.164275,-0.037877,0.832338,0.096670,0.544458,-9.675739,106.657242,16.609928,0.023125,0.855657,-0.064967,0.512928,-12.199761,121.329521,18.404600,0.023984,0.868706,-0.158566,0.468649,-9.189117,134.700851,16.377726,-0.036569,0.758073,0.223599,0.611549,-13.715473,115.813187,14.930849,0.255502,-0.285047,0.224950,-0.896027,-18.058237,119.610748,-1.502930,0.273269,0.430242,-0.433808,-0.742985,0.336747,105.900368,-11.393038,0.376985,0.479744,-0.306993,-0.730399,5.234019,122.902641,-3.618972,-0.152942,0.866999,0.159164,0.446753,-10.848958,115.513863,21.409433,0.328611,0.888723,0.163244,-0.274840,-1.199256,117.655930,35.749763,-0.129741,0.283050,0.504256,-0.805466,14.614052,105.305305,20.864693,-0.000278,0.108155,0.474837,-0.873403,7.972517,123.066780,14.344875,0.076935,0.849303,0.056694,0.519183,-9.787473,87.400848,6.986313,0.081326,0.896551,-0.095980,0.424701,-12.464219,50.807911,0.419097,-0.042234,0.935952,0.042394,0.347005,-23.217371,5.007547,5.291889,-0.098303,0.850320,-0.071158,0.512082,-1.958601,87.397400,22.894880,-0.005182,0.859614,-0.059560,0.507434,1.556325,51.221443,31.158171,-0.040798,0.791502,0.047602,0.607943,-0.881220,4.262108,36.250069,-0.042234,0.935952,0.042394,0.347005,-14.002073,0.731438,-5.044168,-0.040798,0.791502,0.047602,0.607943,12.570423,0.206672,32.693707
991,8.258333,-0.017955,0.848414,0.029367,0.528212,-5.890445,87.400887,14.939631,-0.081138,0.829399,0.121960,0.539110,-6.337454,94.653198,15.163985,-0.037837,0.832162,0.096585,0.544744,-9.676073,106.661430,16.604633,0.023194,0.855524,-0.065115,0.513128,-12.198350,121.334290,18.397003,0.024365,0.868579,-0.158783,0.468790,-9.183396,134.704453,16.368797,-0.036611,0.757886,0.223574,0.611786,-13.712852,115.818108,14.922476,0.254911,-0.284615,0.225274,-0.896251,-18.045389,119.616142,-1.513895,0.273335,0.430521,-0.433454,-0.743005,0.354588,105.902634,-11.390387,0.377084,0.480058,-0.306637,-0.730292,5.254374,122.898949,-3.605424,-0.152850,0.866840,0.159004,0.447151,-10.850714,115.518478,21.402983,0.328749,0.888768,0.163268,-0.274516,-1.212418,117.657219,35.751472,-0.129698,0.283319,0.504365,-0.805310,14.605238,105.297379,20.878672,-0.000131,0.108343,0.474938,-0.873324,7.974185,123.060204,14.351624,0.076893,0.849285,0.056628,0.519225,-9.803039,87.405823,6.984442,0.081204,0.896571,-0.095886,0.424702,-12.479387,50.811840,0.422893,-0.042157,0.935941,0.042419,0.347041,-23.218596,5.007887,5.292706,-0.098439,0.850218,-0.071085,0.512237,-1.977852,87.395943,22.894817,-0.005235,0.859721,-0.059528,0.507256,1.546915,51.221214,31.159311,-0.040901,0.791499,0.047545,0.607944,-0.883753,4.261568,36.251617,-0.042157,0.935941,0.042419,0.347041,-14.003168,0.731664,-5.043189,-0.040901,0.791499,0.047545,0.607944,12.568346,0.206635,32.696407
992,8.266667,-0.017746,0.848327,0.029179,0.528370,-5.904487,87.400887,14.941242,-0.081110,0.829339,0.121366,0.539341,-6.347519,94.653473,15.164813,-0.037489,0.832073,0.096732,0.544879,-9.676635,106.660187,16.592207,0.023064,0.855482,-0.065232,0.513190,-12.192915,121.332977,18.393503,0.024822,0.868455,-0.159023,0.468915,-9.179155,134.702759,16.361105,-0.036613,0.757706,0.223595,0.612003,-13.708989,115.819725,14.915021,0.254589,-0.284280,0.225455,-0.896404,-18.032312,119.620071,-1.523246,0.273462,0.430875,-0.433137,-0.742939,0.373138,105.905602,-11.388185,0.377233,0.480314,-0.306285,-0.730194,5.271705,122.897255,-3.593066,-0.152871,0.866671,0.158737,0.447565,-10.848560,115.514633,21.396027,0.328986,0.888743,0.163299,-0.274296,-1.223386,117.654945,35.753094,-0.129721,0.283576,0.504601,-0.805069,14.592552,105.283653,20.887985,-0.000118,0.108441,0.475067,-0.873242,7.976299,123.052307,14.356542,0.076880,0.849290,0.056617,0.519221,-9.814264,87.407326,6.984669,0.081127,0.896422,-0.095883,0.425032,-12.490285,50.813103,0.424310,-0.042172,0.935929,0.042443,0.347069,-23.224670,5.007902,5.293117,-0.098509,0.850318,-0.071089,0.512056,-1.994710,87.394455,22.897816,-0.005302,0.859734,-0.059415,0.507247,1.536040,51.220806,31.164459,-0.040951,0.791488,0.047587,0.607952,-0.883677,4.259959,36.250923,-0.042172,0.935929,0.042443,0.347069,-14.008424,0.732474,-5.042381,-0.040951,0.791488,0.047587,0.607952,12.569043,0.206797,32.696037
993,8.275000,-0.017678,0.848253,0.029075,0.528496,-5.914485,87.403275,14.944620,-0.080945,0.829217,0.121151,0.539601,-6.355917,94.655975,15.167363,-0.037431,0.831896,0.096601,0.545176,-9.678734,106.662872,16.591410,0.023027,0.855374,-0.065576,0.513328,-12.192104,121.336555,18.389545,0.025281,0.868367,-0.159211,0.468989,-9.173990,134.704178,16.349457,-0.036635,0.757502,0.223567,0.612263,-13.707350,115.823387,14.910563,0.254292,-0.284039,0.225604,-0.896527,-18.019508,119.624855,-1.530373,0.273592,0.431234,-0.432741,-0.742914,0.389393,105.909576,-11.387745,0.377353,0.480593,-0.305834,-0.730138,5.289307,122.895477,-3.580684,-0.152952,0.866557,0.158522,0.447833,-10.851452,115.518120,21.393559,0.329226,0.888748,0.163181,-0.274062,-1.235513,117.662140,35.756256,-0.129719,0.283907,0.504698,-0.804891,14.578925,105.276573,20.901442,-0.000334,0.108711,0.475598,-0.872920,7.974285,123.046097,14.361927,0.076994,0.849242,0.056633,0.519281,-9.821941,87.409843,6.986907,0.080979,0.896389,-0.095889,0.425130,-12.504024,50.817066,0.420971,-0.042382,0.935925,0.042339,0.347066,-23.226748,5.009720,5.295204,-0.098462,0.850241,-0.070998,0.512205,-2.007030,87.396706,22.902334,-0.005465,0.859553,-0.059358,0.507559,1.522846,51.221394,31.162088,-0.040852,0.791481,0.047629,0.607965,-0.882725,4.260063,36.250801,-0.042382,0.935925,0.042339,0.347066,-14.008885,0.733728,-5.038618,-0.040852,0.791481,0.047629,0.607965,12.569627,0.206158,32.695370
994,8.283333,-0.017514,0.848181,0.028934,0.528625,-5.928635,87.407234,14.946692,-0.080472,0.829192,0.120624,0.539829,-6.366988,94.660141,15.168892,-0.037255,0.831776,0.096600,0.545371,-9.670389,106.660988,16.586517,0.022542,0.855410,-0.065547,0.513293,-12.179769,121.335075,18.386927,0.025981,0.868354,-0.159412,0.468907,-9.173412,134.704376,16.340469,-0.036496,0.757571,0.223491,0.612214,-13.695335,115.823189,14.906057,0.254068,-0.283825,0.225627,-0.896652,-18.009932,119.626213,-1.533881,0.273756,0.431574,-0.432304,-0.742909,0.404526,105.914375,-11.385668,0.377682,0.480798,-0.305643,-0.729912,5.308087,122.895386,-3.566373,-0.153043,0.866344,0.158202,0.448328,-10.842261,115.515518,21.390182,0.329859,0.888377,0.165383,-0.273182,-1.242748,117.663429,35.763283,-0.128765,0.283509,0.505102,-0.804931,14.574927,105.278755,20.911165,-0.000293,0.108864,0.475802,-0.872789,7.979132,123.045059,14.368365,0.076976,0.849207,0.056640,0.519340,-9.833773,87.415039,6.987842,0.080914,0.896470,-0.095838,0.424983,-12.513966,50.822102,0.421993,-0.042393,0.935904,0.042292,0.347129,-23.228359,5.012822,5.296359,-0.098510,0.850225,-0.070970,0.512227,-2.023498,87.399422,22.905542,-0.005556,0.859561,-0.059252,0.507556,1.510297,51.224529,31.165432,-0.040957,0.791454,0.047529,0.608000,-0.882777,4.262108,36.249920,-0.042393,0.935904,0.042292,0.347129,-14.009148,0.735780,-5.035827,-0.040957,0.791454,0.047529,0.608000,12.570129,0.207792,32.697063
995,8.291667,-0.017461,0.848135,0.028889,0.528704,-5.938330,87.411438,14.949240,-0.080429,0.829038,0.120604,0.540076,-6.375706,94.664413,15.171258,-0.037479,0.831562,0.096409,0.545716,-9.680157,106.671951,16.588844,0.022901,0.855249,-0.065950,0.513493,-12.192745,121.346642,18.379831,0.026519,0.868284,-0.159624,0.468935,-9.171799,134.712189,16.330286,-0.036540,0.757243,0.223469,0.612625,-13.704676,115.832863,14.900374,0.253992,-0.283544,0.225874,-0.896700,-18.001648,119.637886,-1.543714,0.273922,0.431696,-0.431842,-0.743046,0.415188,105.919075,-11.381329,0.377409,0.480901,-0.305474,-0.730056,5.330185,122.893356,-3.554041,-0.152656,0.866449,0.158183,0.448264,-10.857187,115.528725,21.387117,0.329951,0.888434,0.165435,-0.272851,-1.251540,117.666176,35.757679,-0.128893,0.283622,0.505081,-0.804884,14.572087,105.274429,20.917814,-0.000469,0.109151,0.476123,-0.872578,7.977728,123.042023,14.374058,0.076989,0.849176,0.056641,0.519389,-9.842023,87.419685,6.989683,0.080830,0.896423,-0.095813,0.425104,-12.522607,50.826908,0.423140,-0.042291,0.935910,0.042255,0.347129,-23.229666,5.015898,5.297370,-0.098456,0.850274,-0.071021,0.512149,-2.034637,87.403198,22.908796,-0.005694,0.859524,-0.059102,0.507634,1.494567,51.228039,31.169498,-0.040881,0.791414,0.047651,0.608047,-0.880507,4.264092,36.248352,-0.042291,0.935910,0.042255,0.347129,-14.011467,0.736881,-5.034899,-0.040881,0.791414,0.047651,0.608047,12.572872,0.211158,32.695721
996,8.300000,-0.017394,0.848082,0.028811,0.528796,-5.948073,87.414322,14.952835,-0.080172,0.828829,0.120688,0.540416,-6.384054,94.667397,15.174359,-0.037445,0.831290,0.095962,0.546211,-9.684844,106.675316,16.595837,0.022874,0.855013,-0.066323,0.513839,-12.190412,121.352661,18.374903,0.026971,0.868093,-0.159699,0.469237,-9.163763,134.715836,16.318300,-0.036538,0.757193,0.223445,0.612696,-13.701762,115.837669,14.897111,0.253782,-0.283335,0.226036,-0.896785,-17.995691,119.642830,-1.547739,0.274082,0.431861,-0.431646,-0.743005,0.423414,105.921432,-11.377508,0.377632,0.481107,-0.305172,-0.729932,5.339459,122.893921,-3.546722,-0.152717,0.866461,0.158097,0.448251,-10.861896,115.535774,21.387300,0.330185,0.888434,0.165274,-0.272669,-1.256487,117.676521,35.757534,-0.128950,0.283826,0.505218,-0.804717,14.564407,105.270699,20.926510,-0.000418,0.109409,0.476221,-0.872493,7.980228,123.041061,14.379923,0.076989,0.849163,0.056677,0.519407,-9.850088,87.422897,6.992455,0.080742,0.896127,-0.095874,0.425730,-12.529178,50.830425,0.423598,-0.042414,0.935898,0.042163,0.347159,-23.234646,5.019179,5.299141,-0.098474,0.850290,-0.071045,0.512116,-2.046058,87.405739,22.913216,-0.005779,0.859529,-0.059022,0.507634,1.483662,51.231110,31.175983,-0.040755,0.791459,0.047732,0.607991,-0.880681,4.266352,36.252342,-0.042414,0.935898,0.042163,0.347159,-14.014900,0.739057,-5.031291,-0.040755,0.791459,0.047732,0.607991,12.571730,0.213064,32.696434
997,8.308333,-0.017272,0.847954,0.028562,0.529018,-5.964201,87.420151,14.959908,-0.079943,0.828803,0.120479,0.540536,-6.396820,94.673500,15.179192,-0.037382,0.831256,0.095767,0.546301,-9.688511,106.676956,16.598318,0.022734,0.854989,-0.066625,0.513846,-12.189530,121.355568,18.373346,0.027557,0.868010,-0.159855,0.469302,-9.161941,134.717148,16.307892,-0.036559,0.757116,0.223379,0.612813,-13.702054,115.840233,14.896605,0.253734,-0.283170,0.226048,-0.896848,-17.990923,119.644463,-1.549782,0.274205,0.432014,-0.431445,-0.742988,0.432582,105.924591,-11.373423,0.377801,0.481225,-0.305217,-0.729748,5.350029,122.893951,-3.538798,-0.152586,0.866389,0.157758,0.448553,-10.863525,115.538963,21.387409,0.330228,0.888466,0.165166,-0.272576,-1.266187,117.679039,35.763134,-0.128986,0.284158,0.505301,-0.804542,14.555799,105.268539,20.937193,-0.000394,0.109546,0.476147,-0.872516,7.982614,123.039856,14.383152,0.076995,0.849043,0.056730,0.519596,-9.862118,87.428383,6.997519,0.080666,0.896278,-0.095778,0.425447,-12.538030,50.836433,0.424516,-0.042235,0.935919,0.042093,0.347132,-23.231718,5.022273,5.298453,-0.098536,0.850312,-0.070951,0.512079,-2.066285,87.411919,22.922295,-0.005854,0.859536,-0.058889,0.507637,1.471257,51.237202,31.181353,-0.040621,0.791438,0.047665,0.608033,-0.880620,4.271042,36.250565,-0.042235,0.935919,0.042093,0.347132,-14.014376,0.738496,-5.032607,-0.040621,0.791438,0.047665,0.608033,12.570888,0.213994,32.695534
998,8.316667,-0.017201,0.847913,0.028539,0.529087,-5.972168,87.422729,14.961445,-0.079773,0.828771,0.120388,0.540631,-6.403759,94.676125,15.180948,-0.037346,0.831201,0.095653,0.546408,-9.691041,106.681252,16.600256,0.022732,0.854950,-0.066877,0.513879,-12.189528,121.360588,18.372766,0.028045,0.867932,-0.160113,0.469331,-9.158377,134.720490,16.301674,-0.036654,0.757037,0.223290,0.612938,-13.702333,115.845108,14.896385,0.253620,-0.283026,0.226123,-0.896906,-17.985647,119.645988,-1.552221,0.274253,0.432090,-0.431384,-0.742961,0.440237,105.925537,-11.370587,0.377804,0.481344,-0.305048,-0.729738,5.357301,122.894646,-3.534231,-0.152425,0.866329,0.157422,0.448842,-10.865414,115.544128,21.387907,0.330220,0.888511,0.165149,-0.272450,-1.275386,117.682663,35.768734,-0.128889,0.284483,0.505312,-0.804436,14.550323,105.270515,20.948141,-0.000389,0.109672,0.476357,-0.872385,7.985480,123.039246,14.383454,0.076966,0.849002,0.056731,0.519667,-9.868834,87.431847,6.998446,0.080624,0.896277,-0.095718,0.425472,-12.542319,50.839581,0.426198,-0.042499,0.935935,0.042002,0.347068,-23.230261,5.023688,5.296557,-0.098529,0.850381,-0.071050,0.511953,-2.075502,87.413612,22.924444,-0.005911,0.859614,-0.058767,0.507518,1.459016,51.239822,31.188913,-0.040552,0.791465,0.047663,0.608002,-0.881655,4.272371,36.251358,-0.042499,0.935935,0.042002,0.347068,-14.012095,0.740191,-5.033887,-0.040552,0.791465,0.047663,0.608002,12.569092,0.214102,32.694836
999,8.325000,-0.016977,0.847812,0.028437,0.529262,-5.985600,87.423309,14.963809,-0.079607,0.828753,0.120254,0.540712,-6.413694,94.676903,15.183701,-0.037286,0.831189,0.095494,0.546457,-9.695793,106.683037,16.602200,0.022569,0.854974,-0.067042,0.513825,-12.190306,121.363426,18.371639,0.028707,0.867889,-0.160331,0.469296,-9.160824,134.722717,16.294184,-0.036670,0.756913,0.223202,0.613123,-13.704339,115.847710,14.896181,0.253625,-0.282953,0.226146,-0.896923,-17.979712,119.647888,-1.554657,0.274394,0.432245,-0.431265,-0.742888,0.447746,105.927101,-11.369600,0.377949,0.481586,-0.304946,-0.729546,5.363685,122.895958,-3.530933,-0.152248,0.866382,0.157318,0.448836,-10.868118,115.547165,21.388029,0.330148,0.888553,0.165239,-0.272346,-1.276013,117.682304,35.767979,-0.128907,0.284530,0.505227,-0.804470,14.554906,105.273041,20.950550,-0.000384,0.109938,0.476502,-0.872273,7.987484,123.040817,14.383641,0.076917,0.848852,0.056752,0.519917,-9.879128,87.434959,6.999279,0.080604,0.896232,-0.095724,0.425569,-12.546841,50.842304,0.426826,-0.042092,0.935926,0.042067,0.347134,-23.233900,5.026230,5.297319,-0.098570,0.850357,-0.071058,0.511984,-2.092072,87.411652,22.928339,-0.006018,0.859574,-0.058683,0.507596,1.444376,51.238567,31.195011,-0.040885,0.791524,0.047347,0.607927,-0.884003,4.270312,36.255608,-0.042092,0.935926,0.042067,0.347134,-14.017900,0.740334,-5.034058,-0.040885,0.791524,0.047347,0.607927,12.566860,0.210740,32.701023
1000,8.333333,-0.016934,0.847753,0.028367,0.529362,-5.993095,87.425949,14.967802,-0.079121,0.828740,0.120119,0.540835,-6.420141,94.679619,15.187109,-0.037567,0.831082,0.095333,0.546629,-9.688826,106.681732,16.608295,0.022765,0.854920,-0.067097,0.513899,-12.188075,121.362396,18.368614,0.029086,0.867890,-0.160582,0.469185,-9.153044,134.720749,16.293081,-0.036669,0.756920,0.223221,0.613107,-13.699010,115.844406,14.895434,0.253581,-0.282939,0.226074,-0.896958,-17.975048,119.644882,-1.555161,0.274328,0.432341,-0.431298,-0.742838,0.454432,105.927727,-11.371400,0.377821,0.481761,-0.304893,-0.729519,5.366159,122.896782,-3.529950,-0.152415,0.866338,0.157254,0.448887,-10.865754,115.548134,21.388773,0.330187,0.888568,0.165165,-0.272295,-1.277027,117.688797,35.770149,-0.128751,0.284663,0.505183,-0.804475,14.554000,105.276131,20.955688,-0.000304,0.110071,0.476554,-0.872228,7.987969,123.041084,14.381167,0.076911,0.848764,0.056774,0.520059,-9.884766,87.437660,7.002365,0.080555,0.896198,-0.095689,0.425656,-12.550123,50.845123,0.428297,-0.042252,0.935935,0.041960,0.347103,-23.232130,5.027661,5.296889,-0.098522,0.850438,-0.071123,0.511850,-2.101424,87.414238,22.933239,-0.006102,0.859676,-0.058528,0.507439,1.430872,51.241135,31.201626,-0.040764,0.791493,0.047532,0.607962,-0.882315,4.271257,36.254086,-0.042252,0.935935,0.041960,0.347103,-14.015581,0.740611,-5.033523,-0.040764,0.791493,0.047532,0.607962,12.568916,0.213709,32.698578
1001,8.341667,-0.016784,0.847687,0.028248,0.529479,-6.003648,87.426750,14.971267,-0.078953,0.828742,0.119915,0.540900,-6.427959,94.680595,15.190211,-0.037799,0.831033,0.095530,0.546652,-9.693588,106.695663,16.610620,0.023171,0.854878,-0.067633,0.513879,-12.201871,121.374687,18.371889,0.029549,0.867870,-0.160809,0.469115,-9.150052,134.728165,16.289732,-0.036850,0.756703,0.223094,0.613410,-13.709070,115.856064,14.898054,0.253625,-0.282856,0.226215,-0.896936,-17.971703,119.651688,-1.557145,0.274442,0.432418,-0.431290,-0.742755,0.456932,105.928894,-11.367084,0.377993,0.481764,-0.305020,-0.729375,5.366491,122.899612,-3.526399,-0.152179,0.866518,0.157260,0.448618,-10.876422,115.560959,21.391714,0.330222,0.888611,0.165056,-0.272178,-1.276752,117.696831,35.766510,-0.128605,0.284623,0.505227,-0.804485,14.556307,105.279434,20.958168,0.000107,0.109910,0.476566,-0.872241,7.990766,123.045120,14.381737,0.076823,0.848657,0.056843,0.520239,-9.893224,87.439690,7.004804,0.080591,0.896054,-0.095744,0.425941,-12.548912,50.846718,0.429198,-0.042157,0.935887,0.041939,0.347245,-23.237728,5.030814,5.297516,-0.098608,0.850543,-0.071212,0.511647,-2.114072,87.413818,22.937731,-0.006127,0.859721,-0.058368,0.507381,1.422071,51.242924,31.214106,-0.040805,0.791493,0.047530,0.607959,-0.881085,4.271305,36.254997,-0.042157,0.935887,0.041939,0.347245,-14.019021,0.742338,-5.030383,-0.040805,0.791493,0.047530,0.607959,12.570402,0.214402,32.699703
1002,8.350000,-0.016616,0.847617,0.028179,0.529600,-6.014808,87.426888,14.974788,-0.078878,0.828779,0.119827,0.540875,-6.436549,94.680870,15.194118,-0.037710,0.831106,0.095333,0.546582,-9.699584,106.697250,16.613943,0.022955,0.854966,-0.067657,0.513740,-12.202293,121.377609,18.372025,0.030257,0.867843,-0.161120,0.469014,-9.155634,134.731598,16.285517,-0.036834,0.756655,0.222987,0.613509,-13.712141,115.858650,14.899871,0.253500,-0.282797,0.226225,-0.896987,-17.970596,119.653236,-1.556642,0.274375,0.432412,-0.431338,-0.742756,0.459473,105.931915,-11.365930,0.377988,0.481778,-0.305079,-0.729344,5.367642,122.902847,-3.524804,-0.152375,0.866547,0.157261,0.448494,-10.878320,115.564156,21.393044,0.330180,0.888691,0.164567,-0.272263,-1.276869,117.706749,35.765640,-0.128838,0.284812,0.505229,-0.804379,14.555258,105.283966,20.960833,0.000252,0.109997,0.476212,-0.872423,7.993552,123.052811,14.383645,0.076777,0.848502,0.056874,0.520495,-9.902205,87.441788,7.007268,0.080542,0.896172,-0.095695,0.425713,-12.551827,50.848560,0.430660,-0.042122,0.935928,0.042010,0.347131,-23.233278,5.031008,5.299574,-0.098716,0.850588,-0.071309,0.511538,-2.127412,87.411995,22.942308,-0.006129,0.859911,-0.058247,0.507073,1.412778,51.243717,31.228399,-0.040569,0.791570,0.047801,0.607854,-0.882556,4.270768,36.260433,-0.042122,0.935928,0.042010,0.347131,-14.017200,0.743951,-5.031253,-0.040569,0.791570,0.047801,0.607854,12.567678,0.215799,32.698215
1003,8.358333,-0.016527,0.847573,0.028212,0.529670,-6.020080,87.429100,14.975736,-0.078819,0.828777,0.119845,0.540883,-6.441008,94.683098,15.196117,-0.037614,0.831129,0.095209,0.546576,-9.702826,106.698715,16.616997,0.022899,0.854990,-0.068053,0.513650,-12.201113,121.379997,18.373655,0.030806,0.867817,-0.161217,0.468993,-9.150570,134.731476,16.276806,-0.036928,0.756622,0.222963,0.613553,-13.712750,115.861130,14.902147,0.253535,-0.282824,0.226112,-0.896997,-17.969080,119.653107,-1.555523,0.274469,0.432728,-0.431541,-0.742418,0.462793,105.935921,-11.367207,0.378590,0.481773,-0.304680,-0.729201,5.353689,122.912262,-3.526237,-0.152505,0.866699,0.157407,0.448105,-10.878721,115.566467,21.395224,0.330354,0.888664,0.164458,-0.272207,-1.266513,117.713669,35.759949,-0.128705,0.284726,0.505205,-0.804447,14.561397,105.281639,20.958378,0.000242,0.110059,0.476472,-0.872274,7.996472,123.049690,14.380160,0.076752,0.848405,0.056835,0.520661,-9.906210,87.445679,7.007599,0.080528,0.896172,-0.095652,0.425725,-12.554494,50.851822,0.433938,-0.042263,0.935937,0.041911,0.347101,-23.233164,5.033288,5.299707,-0.098715,0.850529,-0.071392,0.511624,-2.133950,87.412521,22.943872,-0.006189,0.859905,-0.058139,0.507094,1.402167,51.245129,31.235535,-0.040660,0.791586,0.047759,0.607830,-0.883241,4.271063,36.261627,-0.042263,0.935937,0.041911,0.347101,-14.016687,0.745072,-5.030292,-0.040660,0.791586,0.047759,0.607830,12.567212,0.216719,32.699509
1004,8.366667,-0.016449,0.847514,0.028086,0.529775,-6.033076,87.431686,14.981723,-0.078739,0.828817,0.119808,0.540841,-6.452085,94.685829,15.201102,-0.037440,0.831222,0.094768,0.546522,-9.709231,106.692871,16.621408,0.022706,0.855063,-0.067934,0.513552,-12.195919,121.377060,18.370243,0.031318,0.867797,-0.161401,0.468932,-9.151834,134.729919,16.272852,-0.036939,0.756571,0.223075,0.613575,-13.712454,115.857384,14.902144,0.253679,-0.282914,0.226020,-0.896951,-17.967825,119.651726,-1.555230,0.274462,0.432727,-0.431515,-0.742437,0.463581,105.935982,-11.369816,0.378327,0.482082,-0.304908,-0.729038,5.355040,122.910477,-3.528763,-0.152596,0.866723,0.157295,0.448066,-10.877411,115.564224,21.394846,0.329861,0.888996,0.162723,-0.272763,-1.264956,117.716263,35.758678,-0.129466,0.285093,0.504908,-0.804381,14.564058,105.281555,20.960546,0.000593,0.110409,0.476496,-0.872216,7.993623,123.054482,14.383188,0.076693,0.848311,0.056950,0.520810,-9.917281,87.448326,7.012649,0.080531,0.896157,-0.095658,0.425755,-12.556231,50.854790,0.433503,-0.042246,0.935926,0.041811,0.347145,-23.235533,5.036402,5.299290,-0.098740,0.850470,-0.071322,0.511727,-2.148871,87.415047,22.950796,-0.006299,0.859956,-0.058059,0.507016,1.390493,51.247261,31.239384,-0.040688,0.791626,0.047708,0.607781,-0.881674,4.272443,36.264496,-0.042246,0.935926,0.041811,0.347145,-14.018496,0.745476,-5.029080,-0.040688,0.791626,0.047708,0.607781,12.568291,0.217450,32.701271
1005,8.375000,-0.016263,0.847442,0.028069,0.529896,-6.043848,87.430893,14.983029,-0.078439,0.828866,0.119599,0.540855,-6.460473,94.685135,15.203574,-0.037615,0.831228,0.094909,0.546477,-9.711234,106.704018,16.624836,0.022602,0.855125,-0.068265,0.513411,-12.204458,121.387009,18.374392,0.032054,0.867792,-0.161650,0.468806,-9.158701,134.737946,16.267193,-0.037074,0.756470,0.222989,0.613722,-13.718703,115.866791,14.906170,0.253627,-0.282995,0.226029,-0.896938,-17.967430,119.656990,-1.553872,0.274367,0.432651,-0.431538,-0.742503,0.461479,105.940712,-11.372401,0.378251,0.482037,-0.305067,-0.729041,5.355069,122.915863,-3.530488,-0.152286,0.866862,0.157197,0.447938,-10.883139,115.574661,21.398687,0.330283,0.888703,0.164354,-0.272227,-1.263401,117.720284,35.758602,-0.128617,0.284501,0.505110,-0.804599,14.566294,105.289505,20.957905,0.000927,0.110541,0.476494,-0.872200,7.991842,123.057083,14.382309,0.076611,0.848252,0.057016,0.520911,-9.925892,87.450249,7.012910,0.080494,0.896047,-0.095689,0.425986,-12.556301,50.856316,0.432523,-0.042132,0.935935,0.041808,0.347134,-23.234999,5.037928,5.299636,-0.098794,0.850518,-0.071409,0.511625,-2.161803,87.411537,22.953150,-0.006367,0.860053,-0.057916,0.506868,1.378581,51.245476,31.248796,-0.040417,0.791667,0.047862,0.607733,-0.880320,4.269159,36.265934,-0.042132,0.935935,0.041808,0.347134,-14.019259,0.745760,-5.029373,-0.040417,0.791667,0.047862,0.607733,12.568089,0.212947,32.698238
1006,8.383333,-0.016210,0.847437,0.028024,0.529907,-6.051447,87.432358,14.985159,-0.078385,0.828907,0.119665,0.540785,-6.467072,94.686661,15.205552,-0.037546,0.831308,0.094519,0.546429,-9.716167,106.700493,16.628599,0.022697,0.855194,-0.068224,0.513297,-12.201239,121.385849,18.369846,0.032505,0.867843,-0.161780,0.468636,-9.154243,134.736771,16.264328,-0.037020,0.756530,0.222992,0.613650,-13.718971,115.864395,14.905116,0.253882,-0.283111,0.225791,-0.896889,-17.970913,119.655457,-1.553896,0.274391,0.432727,-0.431509,-0.742467,0.460093,105.945328,-11.377064,0.378215,0.482043,-0.305066,-0.729056,5.351891,122.919556,-3.533985,-0.152351,0.866891,0.157127,0.447884,-10.882587,115.574585,21.397381,0.330368,0.888695,0.164211,-0.272238,-1.261861,117.723755,35.756104,-0.128310,0.284602,0.505105,-0.804616,14.564711,105.287468,20.956694,0.000812,0.110032,0.476655,-0.872177,7.992702,123.051193,14.371765,0.076562,0.848146,0.057124,0.521079,-9.933302,87.452095,7.014949,0.080474,0.895843,-0.095774,0.426401,-12.555104,50.858521,0.429135,-0.042120,0.935918,0.041717,0.347193,-23.237675,5.041358,5.299254,-0.098741,0.850542,-0.071446,0.511590,-2.169593,87.412613,22.955370,-0.006444,0.860082,-0.057887,0.506821,1.366332,51.246166,31.251251,-0.040832,0.791746,0.047416,0.607637,-0.884642,4.269633,36.269871,-0.042120,0.935918,0.041717,0.347193,-14.020983,0.746746,-5.027885,-0.040832,0.791746,0.047416,0.607637,12.563621,0.210620,32.704811
1007,8.391667,-0.016040,0.847400,0.028074,0.529970,-6.060662,87.431503,14.984775,-0.078147,0.828950,0.119721,0.540743,-6.474597,94.685837,15.207074,-0.037465,0.831367,0.094361,0.546371,-9.719946,106.702057,16.634945,0.022033,0.855343,-0.067349,0.513193,-12.200314,121.388496,18.373800,0.033356,0.867752,-0.162571,0.468471,-9.181168,134.747330,16.278336,-0.037241,0.756509,0.223032,0.613648,-13.720277,115.866829,14.910373,0.253824,-0.283286,0.225671,-0.896881,-17.971716,119.652916,-1.549914,0.274165,0.432656,-0.431626,-0.742523,0.457035,105.946861,-11.382996,0.377998,0.482039,-0.305221,-0.729106,5.347392,122.921204,-3.538364,-0.152354,0.866995,0.156947,0.447744,-10.882913,115.577400,21.402225,0.330576,0.888611,0.164174,-0.272279,-1.257843,117.730774,35.757412,-0.128084,0.284609,0.505203,-0.804588,14.560749,105.286469,20.956192,0.000987,0.110072,0.476543,-0.872233,7.993236,123.049309,14.367628,0.076497,0.848102,0.057131,0.521160,-9.941445,87.454315,7.014049,0.080432,0.895949,-0.095720,0.426198,-12.558285,50.860069,0.430034,-0.042064,0.935957,0.041760,0.347089,-23.234091,5.041289,5.299781,-0.098769,0.850448,-0.071481,0.511736,-2.179878,87.408684,22.955502,-0.006545,0.860049,-0.057800,0.506885,1.355070,51.243027,31.255228,-0.040936,0.791758,0.047488,0.607609,-0.883917,4.265666,36.271481,-0.042064,0.935957,0.041760,0.347089,-14.020067,0.747141,-5.029938,-0.040936,0.791758,0.047488,0.607609,12.565188,0.210038,32.705750
1008,8.400000,-0.015996,0.847347,0.027940,0.530063,-6.068432,87.433388,14.990446,-0.078091,0.828997,0.119641,0.540695,-6.480814,94.687859,15.211378,-0.037504,0.831434,0.094222,0.546290,-9.723241,106.702492,16.638296,0.022450,0.855271,-0.067911,0.513221,-12.202137,121.389626,18.373316,0.033564,0.867660,-0.162468,0.468661,-9.165451,134.743408,16.271051,-0.037241,0.756512,0.222997,0.613657,-13.723185,115.867081,14.911793,0.253716,-0.283318,0.225643,-0.896908,-17.974276,119.652496,-1.548737,0.274024,0.432510,-0.431768,-0.742578,0.454199,105.948509,-11.385209,0.377932,0.481960,-0.305370,-0.729130,5.344678,122.923897,-3.542998,-0.152328,0.867046,0.156896,0.447674,-10.884617,115.579330,21.403194,0.330516,0.888658,0.163870,-0.272384,-1.257075,117.733360,35.756618,-0.127954,0.284655,0.505114,-0.804648,14.560663,105.287697,20.955648,0.001256,0.110110,0.476593,-0.872200,7.990669,123.047386,14.361938,0.076403,0.848054,0.057283,0.521234,-9.947481,87.455658,7.018876,0.080518,0.895922,-0.095762,0.426228,-12.551899,50.861633,0.428660,-0.042037,0.935912,0.041630,0.347229,-23.236826,5.044934,5.298051,-0.098761,0.850388,-0.071424,0.511845,-2.189384,87.411118,22.962015,-0.006601,0.860074,-0.057678,0.506855,1.346201,51.244736,31.258314,-0.040550,0.791675,0.047855,0.607714,-0.882132,4.266110,36.267429,-0.042037,0.935912,0.041630,0.347229,-14.020319,0.747269,-5.027987,-0.040550,0.791675,0.047855,0.607714,12.567001,0.212012,32.700069
1009,8.408333,-0.015963,0.847358,0.027875,0.530050,-6.075229,87.434563,14.992696,-0.078004,0.829045,0.119692,0.540623,-6.486712,94.689102,15.213090,-0.037456,0.831499,0.094076,0.546220,-9.727946,106.703911,16.642553,0.022609,0.855258,-0.068175,0.513201,-12.203141,121.391991,18.374975,0.033848,0.867594,-0.162539,0.468740,-9.159197,134.743500,16.268822,-0.037369,0.756464,0.222989,0.613712,-13.726102,115.869057,14.914886,0.253823,-0.283486,0.225516,-0.896857,-17.974495,119.651428,-1.547043,0.273931,0.432495,-0.431840,-0.742580,0.452077,105.950043,-11.390728,0.377957,0.481839,-0.305636,-0.729086,5.340642,122.925690,-3.548169,-0.152279,0.867177,0.156773,0.447478,-10.886395,115.582016,21.405819,0.330641,0.888622,0.163752,-0.272421,-1.252220,117.738251,35.754459,-0.127630,0.284527,0.505132,-0.804734,14.560377,105.286324,20.953259,0.001649,0.110047,0.476706,-0.872146,7.988280,123.043694,14.356333,0.076352,0.848063,0.057373,0.521217,-9.954539,87.456696,7.021255,0.080497,0.895892,-0.095800,0.426286,-12.552325,50.862862,0.427381,-0.042284,0.935940,0.041513,0.347138,-23.237261,5.046523,5.300083,-0.098725,0.850384,-0.071442,0.511855,-2.195919,87.412422,22.964138,-0.006687,0.859963,-0.057649,0.507046,1.336612,51.245701,31.260283,-0.040831,0.791754,0.047570,0.607615,-0.884481,4.266858,36.270618,-0.042284,0.935940,0.041513,0.347138,-14.020742,0.748286,-5.025704,-0.040831,0.791754,0.047570,0.607615,12.564337,0.211229,32.703808
1010,8.416667,-0.015918,0.847344,0.027871,0.530074,-6.080116,87.434265,14.994836,-0.078000,0.829061,0.119726,0.540592,-6.491014,94.688835,15.215519,-0.037439,0.831536,0.093943,0.546187,-9.732946,106.704880,16.646013,0.022437,0.855245,-0.068580,0.513175,-12.205471,121.393738,18.375549,0.034353,0.867495,-0.162422,0.468926,-9.160000,134.743042,16.257555,-0.037344,0.756478,0.222919,0.613722,-13.729686,115.870346,14.916762,0.253770,-0.283583,0.225484,-0.896849,-17.977730,119.651924,-1.545438,0.273839,0.432342,-0.431966,-0.742629,0.446840,105.951607,-11.394340,0.377966,0.481754,-0.305691,-0.729115,5.336269,122.928497,-3.555189,-0.152032,0.867302,0.156726,0.447338,-10.889451,115.584183,21.407505,0.330591,0.888647,0.163408,-0.272606,-1.248287,117.735085,35.752254,-0.127567,0.284555,0.505077,-0.804768,14.560908,105.281792,20.948566,0.001864,0.110060,0.476730,-0.872131,7.986865,123.038551,14.348375,0.076384,0.848065,0.057394,0.521207,-9.959002,87.457069,7.023188,0.080454,0.896026,-0.095709,0.426033,-12.558053,50.863777,0.426779,-0.041620,0.935950,0.041714,0.347167,-23.234426,5.045146,5.296733,-0.098639,0.850159,-0.071376,0.512256,-2.201229,87.411469,22.966484,-0.006857,0.859745,-0.057559,0.507423,1.324598,51.242783,31.256887,-0.040565,0.791683,0.048006,0.607691,-0.880537,4.263189,36.267204,-0.041620,0.935950,0.041714,0.347167,-14.022934,0.745371,-5.032900,-0.040565,0.791683,0.048006,0.607691,12.569239,0.212665,32.698196
1011,8.425000,-0.015769,0.847358,0.027752,0.530061,-6.089435,87.434509,14.995512,-0.077920,0.829133,0.119699,0.540499,-6.497581,94.689240,15.215882,-0.037469,0.831617,0.093868,0.546076,-9.737539,106.706413,16.647385,0.022428,0.855269,-0.068775,0.513110,-12.209369,121.395638,18.374908,0.034816,0.867424,-0.162507,0.468993,-9.161638,134.743637,16.251982,-0.037457,0.756360,0.222981,0.613837,-13.734582,115.871635,14.917522,0.253853,-0.283753,0.225415,-0.896789,-17.977402,119.652603,-1.546165,0.273722,0.432319,-0.432066,-0.742628,0.443901,105.952705,-11.401770,0.377865,0.481619,-0.305757,-0.729229,5.331027,122.931168,-3.561969,-0.152120,0.867387,0.156716,0.447147,-10.892648,115.586601,21.407572,0.330747,0.888629,0.163211,-0.272594,-1.246469,117.741844,35.748299,-0.127252,0.284643,0.505053,-0.804802,14.557907,105.279160,20.947365,0.002022,0.110030,0.476717,-0.872141,7.985271,123.031662,14.337844,0.076352,0.848007,0.057442,0.521301,-9.968643,87.458405,7.024024,0.080375,0.895920,-0.095721,0.426269,-12.563125,50.865166,0.425538,-0.041601,0.935930,0.041645,0.347231,-23.234556,5.045533,5.296876,-0.098666,0.850159,-0.071352,0.512253,-2.210226,87.410606,22.967001,-0.006928,0.859711,-0.057540,0.507483,1.318217,51.242046,31.256861,-0.040392,0.791705,0.048139,0.607663,-0.880575,4.262340,36.268883,-0.041601,0.935930,0.041645,0.347231,-14.022011,0.743827,-5.031014,-0.040392,0.791705,0.048139,0.607663,12.568400,0.211825,32.696854
1012,8.433333,-0.016037,0.847342,0.027818,0.530076,-6.086008,87.428925,14.995867,-0.078006,0.829196,0.119797,0.540368,-6.497971,94.683479,15.214979,-0.037430,0.831732,0.093753,0.545922,-9.742503,106.706200,16.648560,0.022399,0.855315,-0.068759,0.513037,-12.211190,121.396149,18.374363,0.035167,0.867358,-0.162639,0.469044,-9.164607,134.744339,16.251003,-0.037379,0.756375,0.222912,0.613848,-13.738651,115.871788,14.918557,0.253873,-0.283886,0.225365,-0.896754,-17.981192,119.653389,-1.545060,0.273631,0.432158,-0.432208,-0.742672,0.437434,105.954147,-11.406561,0.377874,0.481495,-0.305917,-0.729238,5.325208,122.934212,-3.570685,-0.152057,0.867446,0.156656,0.447073,-10.894300,115.587440,21.407578,0.330468,0.888886,0.161297,-0.273232,-1.245166,117.742416,35.746357,-0.127695,0.285226,0.504885,-0.804631,14.551028,105.266930,20.947481,0.002320,0.109963,0.476643,-0.872190,7.983495,123.022377,14.327804,0.076475,0.848131,0.057413,0.521085,-9.964798,87.449440,7.024165,0.080244,0.895920,-0.095586,0.426324,-12.569770,50.857353,0.423413,-0.042238,0.935963,0.041619,0.347069,-23.225182,5.033293,5.288195,-0.098620,0.850320,-0.071439,0.511983,-2.207218,87.408417,22.967567,-0.006901,0.859809,-0.057527,0.507318,1.317641,51.240124,31.260098,-0.040579,0.791713,0.047991,0.607652,-0.881791,4.260236,36.270176,-0.042238,0.935963,0.041619,0.347069,-14.010349,0.737260,-5.040018,-0.040579,0.791713,0.047991,0.607652,12.567668,0.209632,32.700066
1013,8.441667,-0.015960,0.847319,0.027756,0.530118,-6.092160,87.427261,14.995614,-0.077933,0.829226,0.119785,0.540335,-6.502701,94.681892,15.214539,-0.037386,0.831777,0.093683,0.545869,-9.746017,106.706856,16.649233,0.022138,0.855357,-0.068634,0.512995,-12.212350,121.397293,18.374174,0.035688,0.867269,-0.162849,0.469096,-9.173703,134.747131,16.249735,-0.037398,0.756367,0.222911,0.613857,-13.741091,115.872871,14.919040,0.253880,-0.284036,0.225318,-0.896716,-17.983198,119.654068,-1.544777,0.273455,0.431973,-0.432342,-0.742767,0.432254,105.955360,-11.412950,0.377582,0.481368,-0.305958,-0.729456,5.321565,122.935318,-3.579533,-0.151899,0.867554,0.156631,0.446926,-10.895867,115.588654,21.407682,0.331003,0.888534,0.162873,-0.272795,-1.240471,117.740616,35.742695,-0.126771,0.284778,0.505137,-0.804778,14.549944,105.265137,20.937645,0.002466,0.110086,0.476546,-0.872226,7.983726,123.015129,14.314681,0.076425,0.848264,0.057494,0.520866,-9.970191,87.448380,7.023545,0.080231,0.896083,-0.095522,0.425998,-12.570557,50.856411,0.420292,-0.042218,0.935998,0.041613,0.346977,-23.220568,5.031004,5.284146,-0.098604,0.850192,-0.071385,0.512206,-2.214130,87.406143,22.967682,-0.007014,0.859751,-0.057550,0.507412,1.309603,51.237019,31.257105,-0.040748,0.791830,0.047742,0.607507,-0.882239,4.257521,36.274181,-0.042218,0.935998,0.041613,0.346977,-14.007920,0.734565,-5.045845,-0.040748,0.791830,0.047742,0.607507,12.565897,0.204278,32.702095
1014,8.450000,-0.015945,0.847337,0.027707,0.530093,-6.097807,87.427643,14.995639,-0.077874,0.829266,0.119771,0.540286,-6.507784,94.682327,15.214084,-0.037339,0.831821,0.093632,0.545814,-9.749286,106.706429,16.649361,0.021922,0.855372,-0.068592,0.512984,-12.213500,121.397255,18.374002,0.036134,0.867160,-0.162961,0.469224,-9.180488,134.748032,16.247419,-0.037458,0.756406,0.222943,0.613795,-13.743441,115.872871,14.919331,0.253696,-0.284061,0.225302,-0.896765,-17.988068,119.652618,-1.544176,0.273282,0.431773,-0.432498,-0.742856,0.427027,105.956390,-11.416469,0.377454,0.481277,-0.305925,-0.729597,5.317922,122.937775,-3.585863,-0.151900,0.867603,0.156619,0.446835,-10.897324,115.588585,21.407581,0.330685,0.888794,0.161097,-0.273386,-1.239106,117.741524,35.740555,-0.127161,0.285372,0.504875,-0.804670,14.545716,105.256393,20.937670,0.002600,0.110178,0.476772,-0.872091,7.981042,123.007179,14.301846,0.076416,0.848308,0.057513,0.520794,-9.976331,87.448502,7.023808,0.080154,0.896153,-0.095481,0.425874,-12.575908,50.856590,0.419956,-0.042193,0.936038,0.041661,0.346867,-23.217142,5.029267,5.285002,-0.098631,0.850122,-0.071337,0.512323,-2.219284,87.406792,22.967470,-0.007068,0.859674,-0.057537,0.507544,1.306875,51.237560,31.255394,-0.041048,0.791835,0.047413,0.607507,-0.880792,4.258001,36.273689,-0.042193,0.936038,0.041661,0.346867,-14.007011,0.733739,-5.047616,-0.041048,0.791835,0.047413,0.607507,12.567824,0.202592,32.705845
1015,8.458333,-0.016509,0.847515,0.027863,0.529782,-6.082234,87.435326,14.996977,-0.078164,0.829294,0.119988,0.540153,-6.500276,94.689621,15.213148,-0.037322,0.831852,0.093625,0.545769,-9.749235,106.706879,16.648846,0.022165,0.855292,-0.069190,0.513027,-12.212833,121.397797,18.373718,0.036166,0.867073,-0.162723,0.469465,-9.165754,134.743759,16.237137,-0.037382,0.756491,0.222913,0.613705,-13.743317,115.873428,14.919233,0.253729,-0.284228,0.225202,-0.896728,-17.991978,119.653717,-1.543102,0.273178,0.431696,-0.432505,-0.742935,0.420631,105.959824,-11.423244,0.377334,0.481159,-0.305878,-0.729756,5.313944,122.940376,-3.591770,-0.151829,0.867640,0.156606,0.446792,-10.896488,115.589081,21.407166,0.331075,0.888505,0.162708,-0.272900,-1.236180,117.740509,35.738953,-0.126174,0.284930,0.505055,-0.804869,14.549014,105.260918,20.931793,0.002955,0.110256,0.476592,-0.872179,7.984002,123.001266,14.291441,0.076600,0.848445,0.057470,0.520548,-9.966263,87.448975,7.027812,0.080133,0.896098,-0.095475,0.425995,-12.581023,50.858795,0.420381,-0.042228,0.936001,0.041620,0.346968,-23.220938,5.031052,5.284338,-0.098305,0.850280,-0.071452,0.512109,-2.198205,87.421677,22.966143,-0.007125,0.859783,-0.057529,0.507358,1.305210,51.248890,31.248173,-0.040798,0.791770,0.047231,0.607623,-0.876309,4.269317,36.269043,-0.042228,0.936001,0.041620,0.346968,-14.008397,0.734876,-5.045856,-0.040798,0.791770,0.047231,0.607623,12.570683,0.205661,32.704479
1016,8.466667,-0.016498,0.847539,0.027899,0.529742,-6.084711,87.435242,14.994222,-0.078107,0.829329,0.120046,0.540094,-6.502888,94.689514,15.210936,-0.037276,0.831896,0.093585,0.545712,-9.751515,106.707405,16.648926,0.022384,0.855191,-0.069164,0.513190,-12.213202,121.398636,18.373753,0.036164,0.866874,-0.162803,0.469805,-9.160832,134.744125,16.241747,-0.037464,0.756563,0.222996,0.613581,-13.744823,115.874359,14.919652,0.253832,-0.284368,0.225033,-0.896696,-17.998569,119.653198,-1.541708,0.273153,0.431650,-0.432458,-0.742998,0.413857,105.963966,-11.428668,0.377191,0.481192,-0.305706,-0.729880,5.309982,122.942307,-3.596986,-0.151570,0.867727,0.156530,0.446737,-10.897056,115.589867,21.407167,0.330684,0.888744,0.161051,-0.273579,-1.232308,117.735420,35.736839,-0.126690,0.285417,0.504879,-0.804726,14.547271,105.252113,20.926838,0.003229,0.110304,0.476569,-0.872184,7.985054,122.995544,14.280712,0.076643,0.848540,0.057436,0.520392,-9.969506,87.449356,7.025430,0.079975,0.896270,-0.095386,0.425683,-12.589526,50.859379,0.418945,-0.042430,0.936082,0.041634,0.346722,-23.211002,5.027640,5.285602,-0.098329,0.850405,-0.071592,0.511877,-2.199915,87.421127,22.963015,-0.007140,0.859682,-0.057484,0.507535,1.301825,51.250179,31.253761,-0.040163,0.791762,0.047960,0.607618,-0.877337,4.270139,36.271286,-0.042430,0.936082,0.041634,0.346722,-14.001894,0.733716,-5.048595,-0.040163,0.791762,0.047960,0.607618,12.568752,0.211757,32.697315
1017,8.475000,-0.016413,0.847588,0.027865,0.529668,-6.091012,87.435364,14.991185,-0.077973,0.829418,0.120048,0.539976,-6.507861,94.689705,15.208176,-0.037232,0.831987,0.093544,0.545583,-9.753314,106.707176,16.648392,0.022307,0.855167,-0.069068,0.513246,-12.212963,121.398750,18.373322,0.036330,0.866698,-0.162932,0.470072,-9.163511,134.745117,16.242702,-0.037468,0.756505,0.223150,0.613597,-13.746248,115.874458,14.919968,0.253655,-0.284526,0.225085,-0.896683,-17.999304,119.656685,-1.540787,0.272999,0.431577,-0.432433,-0.743111,0.407466,105.965767,-11.435943,0.377127,0.481086,-0.305687,-0.729991,5.307214,122.943260,-3.601038,-0.151515,0.867783,0.156518,0.446651,-10.896436,115.589989,21.406586,0.330797,0.888689,0.160972,-0.273668,-1.228428,117.734840,35.734165,-0.126391,0.285422,0.504925,-0.804742,14.545001,105.247070,20.921370,0.003447,0.110279,0.476817,-0.872051,7.984866,122.988663,14.269176,0.076590,0.848614,0.057455,0.520275,-9.977241,87.450394,7.023096,0.079951,0.896208,-0.095402,0.425814,-12.594086,50.859982,0.417779,-0.042248,0.936064,0.041630,0.346793,-23.214895,5.028176,5.285250,-0.098398,0.850504,-0.071583,0.511699,-2.204782,87.420334,22.959274,-0.007110,0.860076,-0.057532,0.506861,1.303383,51.250301,31.251324,-0.040667,0.791832,0.047394,0.607538,-0.876652,4.270744,36.272953,-0.042248,0.936064,0.041630,0.346793,-14.005937,0.732353,-5.048288,-0.040667,0.791832,0.047394,0.607538,12.569478,0.208443,32.703594
1018,8.483333,-0.016300,0.847648,0.027902,0.529574,-6.093917,87.431465,14.986941,-0.077911,0.829483,0.120138,0.539866,-6.509630,94.685829,15.205306,-0.037241,0.832059,0.093510,0.545479,-9.755778,106.706596,16.649082,0.022242,0.855145,-0.068965,0.513299,-12.214888,121.398331,18.373337,0.036514,0.866544,-0.163090,0.470286,-9.168201,134.745605,16.244444,-0.037504,0.756521,0.223173,0.613567,-13.749069,115.873756,14.920847,0.253578,-0.284695,0.224924,-0.896692,-18.003315,119.655273,-1.539759,0.272775,0.431618,-0.432425,-0.743175,0.402258,105.970428,-11.445508,0.376797,0.481147,-0.305561,-0.730174,5.300781,122.944916,-3.604796,-0.151422,0.867882,0.156523,0.446489,-10.897653,115.589821,21.406782,0.330932,0.888621,0.160805,-0.273821,-1.223636,117.733177,35.730522,-0.126069,0.285307,0.504999,-0.804787,14.541113,105.239487,20.913490,0.003671,0.110010,0.477246,-0.871849,7.981552,122.979523,14.258570,0.076619,0.848672,0.057460,0.520177,-9.981981,87.448486,7.019753,0.079871,0.896255,-0.095391,0.425732,-12.601195,50.858437,0.413330,-0.042232,0.936076,0.041738,0.346751,-23.214298,5.025199,5.284093,-0.098451,0.850566,-0.071674,0.511574,-2.205853,87.414452,22.954130,-0.007080,0.860169,-0.057579,0.506699,1.303269,51.246166,31.253397,-0.041196,0.791946,0.046845,0.607397,-0.880489,4.267085,36.277847,-0.042232,0.936076,0.041738,0.346751,-14.006143,0.731949,-5.051227,-0.041196,0.791946,0.046845,0.607397,12.565393,0.201661,32.711128
1019,8.491667,-0.016198,0.847749,0.027850,0.529419,-6.095350,87.431267,14.983747,-0.077935,0.829579,0.120205,0.539701,-6.509367,94.685715,15.202327,-0.037206,0.832172,0.093475,0.545315,-9.756672,106.706223,16.647799,0.022182,0.855136,-0.068837,0.513335,-12.213995,121.398232,18.372225,0.036628,0.866389,-0.163170,0.470535,-9.170321,134.746567,16.245596,-0.037581,0.756583,0.223237,0.613461,-13.749969,115.873589,14.920650,0.253578,-0.284871,0.224790,-0.896669,-18.008533,119.653557,-1.539204,0.272641,0.431575,-0.432313,-0.743314,0.395028,105.972733,-11.454253,0.376546,0.481125,-0.305541,-0.730326,5.298703,122.943474,-3.609074,-0.151395,0.867914,0.156551,0.446427,-10.895985,115.589798,21.405464,0.331068,0.888541,0.160513,-0.274087,-1.219715,117.732407,35.727806,-0.125849,0.285230,0.505138,-0.804762,14.533252,105.232117,20.903790,0.003965,0.109756,0.477487,-0.871748,7.977645,122.973038,14.247987,0.076605,0.848814,0.057480,0.519944,-9.986389,87.449211,7.018010,0.079818,0.896308,-0.095360,0.425638,-12.605774,50.859177,0.411588,-0.042341,0.936073,0.041645,0.346758,-23.212729,5.024591,5.283071,-0.098425,0.850692,-0.071727,0.511362,-2.204311,87.413315,22.949484,-0.007105,0.860307,-0.057571,0.506465,1.303196,51.245213,31.250223,-0.040683,0.791887,0.047411,0.607464,-0.876761,4.266071,36.275795,-0.042341,0.936073,0.041645,0.346758,-14.003645,0.730058,-5.050895,-0.040683,0.791887,0.047411,0.607464,12.568906,0.204406,32.703968
1020,8.500000,-0.016147,0.847808,0.027710,0.529332,-6.094937,87.428558,14.980001,-0.077978,0.829656,0.120335,0.539545,-6.507224,94.683144,15.197296,-0.037202,0.832278,0.093484,0.545152,-9.757688,106.705711,16.645807,0.021645,0.855138,-0.068164,0.513443,-12.214730,121.397690,18.371014,0.036983,0.866093,-0.163537,0.470925,-9.192469,134.752213,16.252752,-0.037449,0.756582,0.223326,0.613439,-13.751896,115.872955,14.920100,0.253417,-0.284975,0.224810,-0.896677,-18.011745,119.658150,-1.538220,0.272531,0.431584,-0.432228,-0.743398,0.388439,105.977341,-11.459559,0.376465,0.481150,-0.305483,-0.730376,5.294572,122.945145,-3.610070,-0.151297,0.867975,0.156577,0.446333,-10.895390,115.589310,21.403811,0.331124,0.888495,0.160578,-0.274132,-1.215169,117.729393,35.723858,-0.125639,0.285099,0.505175,-0.804818,14.534723,105.228630,20.896990,0.004137,0.109562,0.477488,-0.871771,7.977457,122.969246,14.240521,0.076626,0.848892,0.057478,0.519815,-9.987632,87.445900,7.015073,0.079796,0.896484,-0.095309,0.425282,-12.609412,50.856091,0.408394,-0.042388,0.936045,0.041706,0.346818,-23.210537,5.020243,5.280724,-0.098472,0.850869,-0.071812,0.511047,-2.202242,87.411209,22.944931,-0.007025,0.860514,-0.057648,0.506106,1.308031,51.244713,31.251478,-0.041202,0.792011,0.046836,0.607311,-0.880061,4.266304,36.280365,-0.042388,0.936045,0.041706,0.346818,-13.999552,0.727822,-5.052421,-0.041202,0.792011,0.046836,0.607311,12.565063,0.200753,32.710911
1021,8.508333,-0.016122,0.847883,0.027728,0.529212,-6.095749,87.429222,14.975955,-0.077910,0.829732,0.120388,0.539427,-6.507838,94.683800,15.193725,-0.037088,0.832360,0.093539,0.545025,-9.757163,106.705490,16.644623,0.021751,0.855107,-0.068057,0.513504,-12.211996,121.397400,18.373440,0.036924,0.865957,-0.163654,0.471140,-9.188533,134.752335,16.259464,-0.037347,0.756700,0.223287,0.613314,-13.750906,115.873505,14.921972,0.254486,-0.285399,0.224258,-0.896377,-18.016380,119.659401,-1.534726,0.272856,0.431900,-0.431883,-0.743296,0.384086,105.986046,-11.465812,0.376280,0.481222,-0.305314,-0.730494,5.290550,122.948814,-3.611753,-0.151402,0.868123,0.156910,0.445891,-10.892318,115.588310,21.404696,0.331285,0.888369,0.160466,-0.274411,-1.199467,117.729568,35.716015,-0.125634,0.284727,0.505277,-0.804886,14.537438,105.224434,20.879045,0.004235,0.109397,0.477352,-0.871866,7.975699,122.968056,14.234098,0.076618,0.848948,0.057471,0.519725,-9.990716,87.447029,7.012138,0.079691,0.896446,-0.095309,0.425382,-12.612947,50.857067,0.406457,-0.042367,0.936104,0.041738,0.346658,-23.205795,5.019638,5.281888,-0.098401,0.851011,-0.071861,0.510816,-2.200783,87.411407,22.939772,-0.007095,0.860288,-0.057675,0.506485,1.305421,51.244400,31.245827,-0.041292,0.791984,0.046714,0.607351,-0.880497,4.266381,36.279285,-0.042367,0.936104,0.041738,0.346658,-13.998429,0.727706,-5.054685,-0.041292,0.791984,0.046714,0.607351,12.565011,0.199696,32.712578
1022,8.516667,-0.016176,0.847971,0.027794,0.529066,-6.093047,87.430611,14.970988,-0.078014,0.829830,0.120392,0.539261,-6.506270,94.685112,15.189230,-0.036989,0.832483,0.093614,0.544830,-9.756513,106.702759,16.638985,0.021536,0.855088,-0.067926,0.513562,-12.209669,121.394470,18.371853,0.037022,0.865740,-0.163657,0.471529,-9.192806,134.750946,16.258142,-0.037292,0.756781,0.223446,0.613158,-13.750565,115.871338,14.920053,0.253027,-0.285119,0.224692,-0.896771,-18.022814,119.660759,-1.534079,0.272195,0.431565,-0.432169,-0.743567,0.375918,105.987907,-11.469089,0.376126,0.481243,-0.305234,-0.730594,5.284742,122.951340,-3.610976,-0.151380,0.868160,0.156963,0.445809,-10.888855,115.584709,21.401337,0.331275,0.888313,0.160537,-0.274562,-1.193221,117.725136,35.710899,-0.125565,0.284465,0.505260,-0.805000,14.539898,105.223595,20.866886,0.004210,0.109251,0.477614,-0.871740,7.971425,122.966995,14.227592,0.076665,0.849040,0.057414,0.519574,-9.990719,87.448135,7.008494,0.079642,0.896530,-0.095313,0.425214,-12.619337,50.858219,0.405098,-0.042217,0.936093,0.041817,0.346698,-23.207371,5.020142,5.284877,-0.098338,0.850951,-0.071879,0.510927,-2.195374,87.413086,22.933483,-0.007126,0.860400,-0.057679,0.506295,1.305042,51.245338,31.238747,-0.040973,0.791888,0.047123,0.607465,-0.877373,4.267412,36.274544,-0.042217,0.936093,0.041817,0.346698,-14.000318,0.728761,-5.052203,-0.040973,0.791888,0.047123,0.607465,12.568922,0.204330,32.706696
1023,8.525000,-0.016053,0.848106,0.027928,0.528847,-6.095456,87.430168,14.963755,-0.078060,0.829905,0.120565,0.539100,-6.508136,94.684624,15.184691,-0.036969,0.832570,0.093635,0.544695,-9.762591,106.705643,16.638508,0.021897,0.855060,-0.067864,0.513603,-12.215339,121.397278,18.372625,0.036960,0.865660,-0.163769,0.471642,-9.190830,134.753082,16.265656,-0.037246,0.756782,0.223450,0.613159,-13.757295,115.874229,14.921156,0.252972,-0.285240,0.224666,-0.896755,-18.029642,119.664978,-1.532644,0.272089,0.431616,-0.432080,-0.743628,0.366215,105.992737,-11.473797,0.375971,0.481257,-0.305211,-0.730674,5.276206,122.953011,-3.610668,-0.151206,0.868295,0.157061,0.445570,-10.893483,115.587440,21.401501,0.331237,0.888279,0.160466,-0.274760,-1.188613,117.723099,35.705509,-0.125533,0.284255,0.505269,-0.805073,14.540318,105.224419,20.854647,0.004217,0.108909,0.477706,-0.871733,7.967326,122.968445,14.220595,0.076592,0.849168,0.057363,0.519382,-9.997313,87.450638,7.003319,0.079581,0.896436,-0.095292,0.425428,-12.624820,50.859459,0.406506,-0.042333,0.936092,0.041772,0.346691,-23.207998,5.020067,5.284490,-0.098257,0.851086,-0.071968,0.510704,-2.193599,87.409691,22.924191,-0.007206,0.860257,-0.057773,0.506526,1.300512,51.241718,31.231153,-0.041251,0.791953,0.046843,0.607383,-0.881270,4.264918,36.277782,-0.042333,0.936092,0.041772,0.346691,-14.000148,0.728673,-5.051873,-0.041251,0.791953,0.046843,0.607383,12.564865,0.200373,32.711010
1024,8.533333,-0.016013,0.848142,0.027721,0.528800,-6.094852,87.430428,14.960972,-0.077876,0.829956,0.120603,0.539039,-6.505433,94.685074,15.179690,-0.036974,0.832599,0.093748,0.544632,-9.756293,106.705841,16.636963,0.021793,0.855030,-0.067813,0.513663,-12.210861,121.396843,18.373962,0.036948,0.865547,-0.163772,0.471850,-9.189269,134.753296,16.266996,-0.037143,0.756993,0.223496,0.612887,-13.752538,115.874168,14.921766,0.252936,-0.285333,0.224555,-0.896763,-18.036737,119.666222,-1.528648,0.271963,0.431535,-0.432118,-0.743699,0.358954,105.998184,-11.475892,0.375781,0.481246,-0.305129,-0.730813,5.270489,122.958160,-3.612024,-0.151219,0.868335,0.157101,0.445474,-10.887749,115.586662,21.401648,0.331303,0.888195,0.160188,-0.275115,-1.180047,117.722809,35.703655,-0.125543,0.284075,0.505397,-0.805055,14.536938,105.221596,20.842300,0.004314,0.108540,0.477619,-0.871826,7.964484,122.969994,14.214569,0.076624,0.849252,0.057342,0.519241,-9.997599,87.449539,7.000970,0.079536,0.896588,-0.095241,0.425127,-12.629069,50.858543,0.404673,-0.042323,0.936113,0.041851,0.346625,-23.204800,5.017558,5.283773,-0.098165,0.851117,-0.071907,0.510678,-2.192106,87.411324,22.920973,-0.007293,0.860053,-0.057832,0.506864,1.298865,51.241348,31.220526,-0.041482,0.791947,0.046571,0.607397,-0.880648,4.265320,36.275253,-0.042323,0.936113,0.041851,0.346625,-13.998270,0.728071,-5.054554,-0.041482,0.791947,0.046571,0.607397,12.565897,0.198724,32.712372
1025,8.541667,-0.015752,0.848211,0.027713,0.528698,-6.105237,87.429108,14.953555,-0.077872,0.830088,0.120544,0.538850,-6.512524,94.683876,15.174240,-0.036822,0.832768,0.093771,0.544380,-9.762292,106.705437,16.631161,0.021590,0.855079,-0.068286,0.513528,-12.212894,121.396637,18.371967,0.037141,0.865465,-0.163498,0.472080,-9.189914,134.750504,16.250599,-0.037055,0.756983,0.223545,0.612888,-13.757835,115.874802,14.919901,0.252726,-0.285367,0.224589,-0.896803,-18.042236,119.670250,-1.529682,0.271796,0.431545,-0.432119,-0.743753,0.351715,106.002792,-11.480946,0.375629,0.481218,-0.305042,-0.730946,5.262931,122.961235,-3.612994,-0.151127,0.868414,0.157309,0.445278,-10.888997,115.585747,21.397923,0.331188,0.888192,0.160088,-0.275321,-1.174237,117.717384,35.695816,-0.125657,0.283878,0.505359,-0.805131,14.540884,105.221603,20.827892,0.004216,0.108197,0.477509,-0.871930,7.962219,122.971054,14.207596,0.076483,0.849335,0.057391,0.519120,-10.010057,87.451996,6.994577,0.079516,0.896589,-0.095265,0.425124,-12.631692,50.859814,0.400963,-0.042365,0.936101,0.041761,0.346664,-23.206720,5.018970,5.282946,-0.098237,0.851101,-0.071787,0.510708,-2.200417,87.406219,22.912533,-0.007375,0.860074,-0.057910,0.506818,1.299393,51.236008,31.207344,-0.040804,0.791847,0.047433,0.607506,-0.876982,4.260942,36.272419,-0.042365,0.936101,0.041761,0.346664,-13.999181,0.727603,-5.053709,-0.040804,0.791847,0.047433,0.607506,12.570018,0.201824,32.702709
1026,8.550000,-0.015687,0.848270,0.027777,0.528603,-6.103534,87.429337,14.946595,-0.077711,0.830133,0.120691,0.538771,-6.510484,94.684082,15.168614,-0.036918,0.832793,0.093805,0.544329,-9.758221,106.703415,16.630823,0.021493,0.855122,-0.068140,0.513480,-12.211670,121.394203,18.371038,0.037212,0.865488,-0.163552,0.472014,-9.193130,134.749359,16.251377,-0.036914,0.757136,0.223610,0.612683,-13.755810,115.871857,14.919432,0.252742,-0.285467,0.224471,-0.896796,-18.049314,119.670593,-1.527019,0.271741,0.431577,-0.432055,-0.743792,0.344427,106.007019,-11.483992,0.375538,0.481241,-0.304931,-0.731024,5.256758,122.963730,-3.612863,-0.150972,0.868522,0.157316,0.445117,-10.886289,115.583755,21.397194,0.331191,0.888086,0.160048,-0.275681,-1.164902,117.712059,35.691082,-0.125728,0.283538,0.505455,-0.805179,14.540232,105.220245,20.809286,0.004237,0.107990,0.477690,-0.871856,7.957216,122.974266,14.200812,0.076560,0.849333,0.057359,0.519116,-10.010176,87.453743,6.988515,0.079381,0.896509,-0.095305,0.425308,-12.637920,50.862156,0.394014,-0.042267,0.936104,0.041776,0.346665,-23.204115,5.019993,5.282749,-0.098235,0.850957,-0.071739,0.510957,-2.196893,87.404938,22.904675,-0.007410,0.859910,-0.058005,0.507084,1.302247,51.234173,31.197369,-0.040937,0.791843,0.047341,0.607510,-0.877380,4.260197,36.271133,-0.042267,0.936104,0.041776,0.346665,-13.997406,0.728039,-5.054401,-0.040937,0.791843,0.047341,0.607510,12.570132,0.201318,32.703083
1027,8.558333,-0.015610,0.848328,0.027721,0.528514,-6.102188,87.431023,14.940095,-0.077866,0.830216,0.120801,0.538597,-6.507736,94.685844,15.162050,-0.036740,0.832935,0.093912,0.544105,-9.760448,106.706284,16.625334,0.021585,0.855179,-0.068012,0.513398,-12.210719,121.396873,18.371778,0.037176,0.865459,-0.163551,0.472070,-9.192097,134.752609,16.255898,-0.036949,0.757177,0.223709,0.612595,-13.757645,115.875885,14.919233,0.252766,-0.285560,0.224385,-0.896781,-18.054844,119.675102,-1.526141,0.271665,0.431684,-0.432011,-0.743783,0.338186,106.014038,-11.487882,0.375454,0.481266,-0.304969,-0.731034,5.248507,122.969482,-3.611957,-0.150898,0.868592,0.157509,0.444937,-10.884483,115.585236,21.395269,0.331192,0.887982,0.160262,-0.275892,-1.156731,117.709641,35.685406,-0.125726,0.283210,0.505525,-0.805251,14.542527,105.224106,20.792152,0.004125,0.107780,0.477994,-0.871715,7.954462,122.981285,14.193371,0.076546,0.849405,0.057307,0.519006,-10.010526,87.455986,6.982852,0.079327,0.896539,-0.095294,0.425257,-12.640262,50.863808,0.392450,-0.042431,0.936130,0.041687,0.346587,-23.201189,5.020627,5.283035,-0.098119,0.851254,-0.071862,0.510466,-2.193849,87.406052,22.897337,-0.007471,0.859866,-0.058065,0.507153,1.298062,51.234921,31.191448,-0.041443,0.791894,0.046734,0.607455,-0.879831,4.261684,36.272774,-0.042431,0.936130,0.041687,0.346587,-13.994896,0.727984,-5.054199,-0.041443,0.791894,0.046734,0.607455,12.567760,0.198040,32.710464
1028,8.566667,-0.015653,0.848428,0.027855,0.528346,-6.099807,87.430992,14.931676,-0.077601,0.830284,0.120944,0.538498,-6.506867,94.685684,15.155032,-0.036803,0.832960,0.093993,0.544049,-9.754796,106.702507,16.624813,0.021805,0.855208,-0.067029,0.513470,-12.207828,121.392502,18.372383,0.037013,0.865456,-0.163965,0.471945,-9.197475,134.754181,16.282492,-0.036804,0.757268,0.223881,0.612428,-13.754039,115.871407,14.919700,0.252474,-0.285697,0.224302,-0.896840,-18.058716,119.676674,-1.522316,0.271417,0.431730,-0.431959,-0.743877,0.332271,106.021095,-11.495331,0.375388,0.481247,-0.304937,-0.731094,5.242959,122.973511,-3.611533,-0.150923,0.868648,0.157590,0.444790,-10.880070,115.580940,21.395386,0.331093,0.887933,0.160289,-0.276153,-1.148026,117.705956,35.682507,-0.125837,0.283025,0.505492,-0.805320,14.547302,105.228104,20.778681,0.003937,0.107557,0.477706,-0.871902,7.953651,122.986115,14.187163,0.076566,0.849480,0.057279,0.518884,-10.011272,87.456459,6.975972,0.079251,0.896666,-0.095326,0.424998,-12.644320,50.864265,0.386956,-0.042479,0.936160,0.041710,0.346498,-23.198742,5.020538,5.286387,-0.098106,0.851073,-0.071833,0.510773,-2.188343,87.405518,22.887379,-0.007571,0.859528,-0.058129,0.507716,1.300840,51.233875,31.180397,-0.040569,0.791784,0.047903,0.607567,-0.875332,4.261488,36.270279,-0.042479,0.936160,0.041710,0.346498,-13.993886,0.728909,-5.052547,-0.040569,0.791784,0.047903,0.607567,12.572866,0.208745,32.697861
1029,8.575000,-0.015636,0.848495,0.027960,0.528232,-6.097615,87.433723,14.924133,-0.077745,0.830358,0.121094,0.538329,-6.505240,94.688347,15.148979,-0.036692,0.833082,0.094121,0.543846,-9.758219,106.705162,16.620676,0.021988,0.855282,-0.066933,0.513352,-12.210150,121.394684,18.373819,0.036946,0.865503,-0.163923,0.471879,-9.197286,134.756439,16.288099,-0.036648,0.757295,0.223957,0.612377,-13.758174,115.874626,14.920280,0.252620,-0.285834,0.224287,-0.896759,-18.065453,119.685196,-1.519828,0.271406,0.431724,-0.431896,-0.743922,0.321968,106.027397,-11.496387,0.375233,0.481216,-0.305024,-0.731157,5.234892,122.978195,-3.611277,-0.150834,0.868779,0.157782,0.444497,-10.880968,115.582214,21.394438,0.330974,0.887909,0.160302,-0.276364,-1.138904,117.703880,35.675228,-0.125815,0.282614,0.505446,-0.805496,14.554548,105.233559,20.763117,0.004036,0.107160,0.477817,-0.871890,7.949392,122.992180,14.181894,0.076604,0.849517,0.057187,0.518829,-10.011223,87.460365,6.969485,0.079178,0.896462,-0.095403,0.425423,-12.650657,50.867809,0.385062,-0.042452,0.936124,0.041700,0.346600,-23.204304,5.024371,5.288931,-0.098105,0.851117,-0.071886,0.510693,-2.184006,87.407082,22.878780,-0.007556,0.859528,-0.058191,0.507710,1.303867,51.235996,31.174799,-0.040561,0.791758,0.047770,0.607611,-0.876493,4.264271,36.269058,-0.042452,0.936124,0.041700,0.346600,-13.997499,0.732266,-5.048072,-0.040561,0.791758,0.047770,0.607611,12.571393,0.208472,32.698917
1030,8.583333,-0.014941,0.848438,0.027786,0.528354,-6.118068,87.424309,14.914395,-0.077339,0.830472,0.120955,0.538243,-6.515827,94.679382,15.142375,-0.036626,0.833202,0.094203,0.543653,-9.760295,106.705521,16.618029,0.021937,0.855421,-0.066647,0.513158,-12.211488,121.394714,18.374847,0.036968,0.865618,-0.163947,0.471658,-9.204416,134.758545,16.293898,-0.036611,0.757343,0.224094,0.612269,-13.761106,115.875244,14.921088,0.252481,-0.285946,0.224146,-0.896798,-18.073072,119.688820,-1.517095,0.271136,0.431734,-0.431923,-0.743999,0.314306,106.037460,-11.502544,0.374982,0.481024,-0.304896,-0.731467,5.225851,122.985374,-3.611925,-0.150735,0.868812,0.157763,0.444472,-10.880847,115.581741,21.393841,0.330735,0.887924,0.160348,-0.276576,-1.136985,117.700996,35.673763,-0.125846,0.282459,0.505315,-0.805628,14.558530,105.243370,20.753214,0.004048,0.107048,0.477642,-0.871999,7.945011,122.998787,14.175897,0.076376,0.849433,0.057249,0.518993,-10.029766,87.459839,6.958841,0.079227,0.896499,-0.095482,0.425319,-12.651218,50.865219,0.378692,-0.042475,0.936056,0.041772,0.346771,-23.211510,5.023942,5.288426,-0.098491,0.851141,-0.071771,0.510595,-2.206370,87.388779,22.869947,-0.007521,0.859607,-0.058285,0.507566,1.311043,51.222122,31.172791,-0.040692,0.791794,0.048197,0.607523,-0.875870,4.251388,36.273323,-0.042475,0.936056,0.041772,0.346771,-14.000591,0.734047,-5.045829,-0.040692,0.791794,0.048197,0.607523,12.574248,0.207237,32.698380
1031,8.591667,-0.014467,0.848561,0.027719,0.528173,-6.131361,87.427994,14.905178,-0.077131,0.830601,0.121026,0.538058,-6.522706,94.683327,15.136065,-0.036593,0.833326,0.094231,0.543460,-9.761676,106.703117,16.615898,0.022032,0.855535,-0.066541,0.512978,-12.212091,121.392227,18.374521,0.036960,0.865737,-0.163848,0.471472,-9.204882,134.756454,16.296392,-0.036629,0.757326,0.224281,0.612220,-13.763300,115.872910,14.921233,0.252354,-0.286029,0.224058,-0.896829,-18.077291,119.689644,-1.515689,0.270949,0.431683,-0.431957,-0.744077,0.309670,106.042648,-11.507858,0.374821,0.480978,-0.304939,-0.731561,5.221909,122.989639,-3.614414,-0.150712,0.868902,0.157904,0.444254,-10.880034,115.579117,21.392635,0.330661,0.887880,0.160330,-0.276816,-1.129171,117.697182,35.667957,-0.125926,0.282208,0.505340,-0.805688,14.562127,105.245232,20.738230,0.004018,0.106811,0.477794,-0.871945,7.943856,123.002480,14.170015,0.076206,0.849440,0.057252,0.519005,-10.046710,87.469917,6.951453,0.079144,0.896298,-0.095521,0.425748,-12.657222,50.873386,0.377575,-0.041835,0.936040,0.041890,0.346878,-23.214420,5.031571,5.288976,-0.098673,0.851189,-0.071739,0.510485,-2.216011,87.386078,22.858904,-0.007471,0.859821,-0.058383,0.507191,1.315170,51.221760,31.166082,-0.040694,0.791802,0.048132,0.607518,-0.878232,4.252031,36.273121,-0.041835,0.936040,0.041890,0.346878,-14.006800,0.738319,-5.046824,-0.040694,0.791802,0.048132,0.607518,12.571533,0.206488,32.698433
1032,8.600000,-0.014468,0.848653,0.027727,0.528025,-6.129940,87.430748,14.896242,-0.077151,0.830689,0.121331,0.537851,-6.521317,94.686066,15.127288,-0.036546,0.833454,0.094279,0.543259,-9.763970,106.702530,16.613705,0.021864,0.855632,-0.066547,0.512823,-12.213582,121.391464,18.374882,0.037020,0.865778,-0.163683,0.471452,-9.210727,134.756149,16.293409,-0.036509,0.757440,0.224258,0.612095,-13.766448,115.872467,14.921834,0.252397,-0.286156,0.223847,-0.896830,-18.086105,119.690750,-1.513238,0.270788,0.431624,-0.432004,-0.744142,0.301960,106.051003,-11.513269,0.374579,0.480917,-0.304918,-0.731734,5.214167,122.995712,-3.618913,-0.150622,0.869018,0.158038,0.444009,-10.880038,115.578079,21.391808,0.330524,0.887846,0.160390,-0.277053,-1.120661,117.693306,35.661732,-0.126010,0.281936,0.505269,-0.805815,14.568628,105.250755,20.722075,0.003903,0.106666,0.477846,-0.871935,7.941868,123.006393,14.163128,0.076231,0.849469,0.057220,0.518957,-10.048058,87.472626,6.943880,0.079015,0.896374,-0.095527,0.425611,-12.661807,50.876118,0.371233,-0.041877,0.936101,0.041841,0.346715,-23.207649,5.032480,5.289979,-0.098601,0.851338,-0.071827,0.510238,-2.211822,87.388863,22.848604,-0.007520,0.859806,-0.058437,0.507211,1.313844,51.224422,31.157593,-0.040816,0.791799,0.047869,0.607533,-0.878261,4.255361,36.271275,-0.041877,0.936101,0.041841,0.346715,-14.003306,0.738263,-5.048338,-0.040816,0.791799,0.047869,0.607533,12.571199,0.206075,32.699673
1033,8.608333,-0.014411,0.848687,0.027674,0.527974,-6.133392,87.432114,14.889914,-0.076974,0.830771,0.121386,0.537736,-6.523646,94.687500,15.120770,-0.036491,0.833539,0.094330,0.543124,-9.762335,106.701210,16.610819,0.022098,0.855731,-0.066471,0.512657,-12.211107,121.389984,18.374544,0.036832,0.865955,-0.163507,0.471202,-9.204438,134.754471,16.297228,-0.036416,0.757497,0.224384,0.611984,-13.765214,115.871414,14.921360,0.252364,-0.286321,0.223691,-0.896825,-18.089825,119.693901,-1.511434,0.270623,0.431682,-0.432029,-0.744154,0.297014,106.059601,-11.521148,0.374444,0.480946,-0.304879,-0.731800,5.206806,123.004356,-3.621831,-0.150729,0.869126,0.158433,0.443621,-10.876664,115.576218,21.390339,0.330516,0.887772,0.160444,-0.277268,-1.106415,117.691277,35.652847,-0.126086,0.281531,0.505245,-0.805959,14.577183,105.252769,20.703854,0.003779,0.106392,0.477672,-0.872065,7.940096,123.009941,14.157559,0.076158,0.849660,0.057301,0.518646,-10.052479,87.474335,6.938031,0.078982,0.896561,-0.095558,0.425217,-12.660873,50.877689,0.363971,-0.042350,0.936140,0.041724,0.346564,-23.202991,5.034119,5.291334,-0.098525,0.851300,-0.071710,0.510332,-2.214305,87.389900,22.841797,-0.007636,0.859777,-0.058551,0.507245,1.310164,51.223087,31.140995,-0.040760,0.791770,0.047958,0.607569,-0.878201,4.255447,36.269394,-0.042350,0.936140,0.041724,0.346564,-13.997849,0.741586,-5.046972,-0.040760,0.791770,0.047958,0.607569,12.571619,0.207170,32.698006
1034,8.616667,-0.014418,0.848738,0.027822,0.527884,-6.131574,87.433121,14.879521,-0.076901,0.830844,0.121581,0.537590,-6.523026,94.688385,15.112190,-0.036455,0.833632,0.094439,0.542965,-9.762927,106.702759,16.607981,0.022149,0.855848,-0.066325,0.512479,-12.212212,121.390984,18.375479,0.036776,0.866094,-0.163418,0.470981,-9.206997,134.756287,16.301287,-0.036311,0.757464,0.224575,0.611961,-13.767190,115.872971,14.921820,0.252335,-0.286481,0.223626,-0.896799,-18.093052,119.702148,-1.509084,0.270525,0.431679,-0.432012,-0.744201,0.290667,106.069473,-11.526734,0.374385,0.480892,-0.304782,-0.731906,5.201263,123.013306,-3.624710,-0.150653,0.869226,0.158588,0.443397,-10.876149,115.576759,21.389641,0.330441,0.887723,0.160394,-0.277544,-1.098160,117.688881,35.647278,-0.126221,0.281268,0.505313,-0.805987,14.580241,105.255997,20.688143,0.003848,0.106112,0.477491,-0.872197,7.939517,123.017296,14.152706,0.076159,0.849716,0.057324,0.518553,-10.052353,87.476563,6.928480,0.079008,0.896459,-0.095822,0.425367,-12.660635,50.880127,0.353214,-0.042396,0.936097,0.041504,0.346703,-23.216175,5.041721,5.299843,-0.098589,0.851339,-0.071750,0.510249,-2.210795,87.389687,22.830564,-0.007602,0.859820,-0.058651,0.507160,1.316939,51.224243,31.134323,-0.040705,0.791740,0.047942,0.607612,-0.878515,4.257664,36.269344,-0.042396,0.936097,0.041504,0.346703,-14.008132,0.744066,-5.033750,-0.040705,0.791740,0.047942,0.607612,12.571232,0.208123,32.699116
1035,8.625000,-0.014369,0.848876,0.027890,0.527660,-6.131410,87.436272,14.870204,-0.076788,0.830928,0.121743,0.537439,-6.522719,94.691505,15.104182,-0.036431,0.833698,0.094583,0.542839,-9.762187,106.705429,16.605412,0.021953,0.855968,-0.066150,0.512310,-12.212951,121.392891,18.377211,0.036815,0.866204,-0.163327,0.470807,-9.215263,134.759933,16.303366,-0.036257,0.757533,0.224704,0.611831,-13.768202,115.875504,14.922672,0.252097,-0.286532,0.223586,-0.896859,-18.099754,119.707741,-1.506020,0.270302,0.431541,-0.432076,-0.744325,0.283369,106.078911,-11.530003,0.374161,0.480897,-0.304810,-0.732006,5.196581,123.022018,-3.626571,-0.150561,0.869306,0.158734,0.443217,-10.875199,115.578102,21.389563,0.330269,0.887731,0.160387,-0.277726,-1.090703,117.686592,35.643272,-0.126244,0.281017,0.505242,-0.806116,14.588317,105.262581,20.677433,0.003907,0.105770,0.477360,-0.872310,7.939097,123.023132,14.148786,0.076200,0.849839,0.057255,0.518352,-10.056398,87.480927,6.921245,0.078876,0.896311,-0.095874,0.425691,-12.671505,50.884354,0.349431,-0.042565,0.936074,0.041430,0.346751,-23.219759,5.044910,5.302052,-0.098517,0.851303,-0.071847,0.510309,-2.206421,87.391617,22.819162,-0.007688,0.859643,-0.058653,0.507459,1.312492,51.226158,31.126595,-0.040677,0.791672,0.048021,0.607696,-0.877874,4.259724,36.265118,-0.042565,0.936074,0.041430,0.346751,-14.009279,0.747111,-5.029308,-0.040677,0.791672,0.048021,0.607696,12.572807,0.211450,32.696968
1036,8.633333,-0.014389,0.848932,0.028092,0.527558,-6.129403,87.436729,14.856359,-0.076570,0.831039,0.121948,0.537252,-6.522477,94.691788,15.092725,-0.036349,0.833829,0.094624,0.542637,-9.759585,106.704544,16.601770,0.022508,0.856006,-0.066778,0.512140,-12.208526,121.391968,18.376507,0.036341,0.866393,-0.162684,0.470719,-9.189855,134.753113,16.295206,-0.036043,0.757693,0.224783,0.611617,-13.765846,115.875076,14.922094,0.252112,-0.286689,0.223426,-0.896844,-18.107054,119.712769,-1.502772,0.270169,0.431522,-0.432087,-0.744378,0.275148,106.089081,-11.535424,0.374090,0.480786,-0.304838,-0.732103,5.188577,123.030792,-3.629659,-0.150559,0.869309,0.158847,0.443172,-10.869654,115.576729,21.387512,0.330228,0.887676,0.160356,-0.277968,-1.083750,117.683701,35.640476,-0.126499,0.280979,0.505297,-0.806054,14.589911,105.263924,20.665501,0.003733,0.105730,0.476747,-0.872651,7.942217,123.027328,14.144331,0.076229,0.849908,0.057161,0.518246,-10.056292,87.482918,6.908350,0.078791,0.896278,-0.095958,0.425759,-12.677691,50.885876,0.341659,-0.042430,0.936062,0.041442,0.346802,-23.222551,5.046701,5.303981,-0.098531,0.851247,-0.071897,0.510393,-2.202515,87.390541,22.804367,-0.007728,0.859624,-0.058816,0.507472,1.314544,51.225819,31.115788,-0.040881,0.791751,0.047719,0.607603,-0.880458,4.261261,36.269505,-0.042430,0.936062,0.041442,0.346802,-14.012188,0.747862,-5.027046,-0.040881,0.791751,0.047719,0.607603,12.569341,0.209770,32.701683
1037,8.641667,-0.014332,0.849028,0.028201,0.527400,-6.130964,87.438164,14.844847,-0.076518,0.831117,0.122187,0.537085,-6.524120,94.693153,15.083075,-0.036222,0.833931,0.094713,0.542472,-9.762300,106.702019,16.598030,0.022285,0.856191,-0.065775,0.511970,-12.209142,121.389214,18.377546,0.036335,0.866516,-0.163018,0.470378,-9.210077,134.757706,16.315184,-0.035963,0.757707,0.224926,0.611551,-13.768414,115.873352,14.922372,0.251720,-0.286767,0.223410,-0.896933,-18.112627,119.715668,-1.500623,0.269862,0.431423,-0.432168,-0.744499,0.267690,106.096329,-11.542628,0.373987,0.480720,-0.304896,-0.732175,5.181855,123.036873,-3.633128,-0.150538,0.869380,0.159006,0.442984,-10.869551,115.573082,21.386505,0.330120,0.887660,0.160454,-0.278091,-1.077601,117.678360,35.635574,-0.126569,0.280843,0.505259,-0.806115,14.596229,105.265999,20.654629,0.003635,0.105549,0.476492,-0.872812,7.944052,123.029152,14.138545,0.076241,0.849896,0.057148,0.518265,-10.060846,87.486130,6.898326,0.078692,0.896168,-0.096075,0.425982,-12.683400,50.889118,0.331946,-0.042392,0.936066,0.041338,0.346807,-23.225748,5.050591,5.305579,-0.098466,0.851316,-0.071957,0.510283,-2.201082,87.390190,22.791368,-0.007813,0.859625,-0.058868,0.507464,1.310668,51.225163,31.103676,-0.040924,0.791673,0.047860,0.607691,-0.879913,4.261312,36.265667,-0.042392,0.936066,0.041338,0.346807,-14.015862,0.748692,-5.024605,-0.040924,0.791673,0.047860,0.607691,12.571660,0.213698,32.700127
1038,8.650000,-0.014296,0.849087,0.028175,0.527307,-6.132722,87.439186,14.835686,-0.076378,0.831187,0.122384,0.536952,-6.525205,94.694214,15.073900,-0.036100,0.834015,0.094882,0.542323,-9.762589,106.701447,16.595179,0.022400,0.856293,-0.066458,0.511707,-12.208790,121.387932,18.381310,0.036060,0.866746,-0.162424,0.470181,-9.198527,134.751526,16.303493,-0.035888,0.757688,0.225057,0.611532,-13.769346,115.873405,14.924582,0.251649,-0.286968,0.223301,-0.896916,-18.114573,119.720390,-1.497050,0.269664,0.431452,-0.432194,-0.744540,0.262435,106.104622,-11.549949,0.373882,0.480666,-0.304959,-0.732238,5.174873,123.043732,-3.635804,-0.150424,0.869459,0.159058,0.442848,-10.868058,115.570656,21.387508,0.330110,0.887581,0.160654,-0.278239,-1.070739,117.672821,35.633339,-0.126490,0.280569,0.505303,-0.806195,14.599264,105.266151,20.643692,0.003634,0.105291,0.476554,-0.872810,7.942750,123.029900,14.134246,0.076267,0.849992,0.057161,0.518102,-10.064354,87.487381,6.890032,0.078559,0.895878,-0.096214,0.426584,-12.689233,50.890774,0.322331,-0.042222,0.936058,0.041304,0.346854,-23.229235,5.052799,5.305938,-0.098241,0.851116,-0.071858,0.510672,-2.201091,87.390991,22.781340,-0.008110,0.859219,-0.058956,0.508135,1.296592,51.221596,31.080605,-0.040838,0.791617,0.047917,0.607765,-0.878066,4.259169,36.262241,-0.042222,0.936058,0.041304,0.346854,-14.020008,0.748317,-5.023753,-0.040838,0.791617,0.047917,0.607765,12.573836,0.211351,32.698189
1039,8.658333,-0.014235,0.849171,0.028182,0.527174,-6.133701,87.439713,14.826521,-0.076339,0.831254,0.122558,0.536814,-6.525453,94.694756,15.065355,-0.035981,0.834101,0.094959,0.542185,-9.763511,106.698990,16.590973,0.022513,0.856436,-0.066309,0.511483,-12.207710,121.385300,18.381365,0.035847,0.866980,-0.162207,0.469840,-9.197641,134.749527,16.307369,-0.035698,0.757832,0.225078,0.611356,-13.769998,115.871719,14.923908,0.251368,-0.287036,0.223159,-0.897009,-18.123180,119.722595,-1.494704,0.269375,0.431245,-0.432284,-0.744712,0.255062,106.115356,-11.556896,0.373544,0.480694,-0.304871,-0.732429,5.171319,123.052834,-3.641982,-0.150290,0.869522,0.159160,0.442734,-10.866468,115.567184,21.385744,0.330082,0.887514,0.160601,-0.278517,-1.064204,117.664696,35.628860,-0.126654,0.280376,0.505417,-0.806165,14.598998,105.261871,20.628918,0.003631,0.105085,0.476481,-0.872874,7.942431,123.030449,14.129623,0.076222,0.850153,0.057168,0.517843,-10.067860,87.488808,6.882124,0.078571,0.896118,-0.096176,0.426087,-12.691659,50.891750,0.316493,-0.042153,0.936046,0.041295,0.346894,-23.228371,5.053258,5.302273,-0.098164,0.851100,-0.071845,0.510716,-2.199543,87.390610,22.770918,-0.008178,0.859163,-0.059021,0.508221,1.293423,51.219959,31.066650,-0.041093,0.791555,0.047700,0.607846,-0.879342,4.258365,36.256611,-0.042153,0.936046,0.041295,0.346894,-14.018902,0.747892,-5.026836,-0.041093,0.791555,0.047700,0.607846,12.573986,0.210108,32.698448
1040,8.666667,-0.014186,0.849150,0.028269,0.527204,-6.134871,87.439896,14.816197,-0.076273,0.831266,0.122763,0.536758,-6.526689,94.694885,15.056464,-0.035874,0.834147,0.095073,0.542100,-9.765979,106.698105,16.587402,0.022431,0.856542,-0.066226,0.511319,-12.209145,121.384003,18.382607,0.035790,0.867131,-0.161972,0.469648,-9.202694,134.749023,16.308468,-0.035522,0.757815,0.225180,0.611350,-13.772434,115.871498,14.923888,0.251379,-0.287217,0.223073,-0.896969,-18.126291,119.729172,-1.492949,0.269238,0.431338,-0.432272,-0.744715,0.248665,106.123795,-11.563647,0.373465,0.480606,-0.304875,-0.732525,5.162317,123.059891,-3.643509,-0.150237,0.869591,0.159327,0.442556,-10.867495,115.564957,21.384998,0.329993,0.887494,0.160630,-0.278671,-1.059213,117.659630,35.624390,-0.126708,0.280172,0.505488,-0.806183,14.602664,105.262718,20.618174,0.003832,0.104833,0.476362,-0.872969,7.944544,123.033127,14.126852,0.076228,0.850140,0.057083,0.517873,-10.068493,87.490555,6.871546,0.078495,0.895935,-0.096285,0.426460,-12.695778,50.892841,0.311001,-0.042266,0.936025,0.041242,0.346944,-23.232513,5.055207,5.304645,-0.098156,0.851153,-0.071910,0.510620,-2.201249,87.389229,22.760851,-0.008246,0.859167,-0.059049,0.508210,1.289620,51.219147,31.059971,-0.040982,0.791527,0.047859,0.607877,-0.878886,4.257968,36.255486,-0.042266,0.936025,0.041242,0.346944,-14.021048,0.749651,-5.022603,-0.040982,0.791527,0.047859,0.607877,12.574731,0.211343,32.696552
1041,8.675000,-0.014168,0.849233,0.028335,0.527066,-6.134224,87.441422,14.806689,-0.075998,0.831319,0.122810,0.536704,-6.526289,94.696365,15.047982,-0.035993,0.834129,0.095469,0.542051,-9.762308,106.707405,16.584768,0.022538,0.856601,-0.066415,0.511190,-12.214738,121.390785,18.387943,0.035635,0.867292,-0.161690,0.469458,-9.203613,134.754211,16.310301,-0.035565,0.757783,0.225286,0.611348,-13.774740,115.879120,14.926405,0.251096,-0.287300,0.222922,-0.897059,-18.128580,119.737938,-1.490165,0.268918,0.431308,-0.432380,-0.744785,0.247355,106.141342,-11.570940,0.373273,0.480453,-0.304657,-0.732814,5.159038,123.078369,-3.645217,-0.150019,0.869701,0.159472,0.442360,-10.869162,115.570999,21.387152,0.330054,0.887414,0.160799,-0.278755,-1.052565,117.658524,35.621857,-0.126635,0.280001,0.505532,-0.806226,14.604971,105.263283,20.609741,0.003719,0.104648,0.476379,-0.872982,7.944951,123.034012,14.122325,0.076292,0.850180,0.057044,0.517803,-10.070419,87.492897,6.863317,0.078371,0.896055,-0.096306,0.426227,-12.703779,50.895576,0.302969,-0.042302,0.936087,0.041258,0.346770,-23.229584,5.056479,5.306250,-0.098097,0.851177,-0.072011,0.510578,-2.198029,87.389946,22.750061,-0.008327,0.859062,-0.059060,0.508385,1.285631,51.220097,31.053221,-0.041084,0.791470,0.047854,0.607945,-0.877885,4.259169,36.253071,-0.042302,0.936087,0.041258,0.346770,-14.021547,0.751588,-5.024333,-0.041084,0.791470,0.047854,0.607945,12.577015,0.214167,32.697140
1042,8.683333,-0.014166,0.849230,0.028365,0.527071,-6.133820,87.442917,14.796066,-0.075899,0.831354,0.123023,0.536615,-6.526100,94.697845,15.037735,-0.035924,0.834192,0.095543,0.541945,-9.762721,106.707932,16.580561,0.022493,0.856724,-0.066037,0.511036,-12.214400,121.391022,18.387012,0.035474,0.867456,-0.161593,0.469201,-9.210071,134.757095,16.316584,-0.035511,0.757731,0.225609,0.611297,-13.775418,115.880013,14.924897,0.250862,-0.287440,0.222904,-0.897085,-18.131580,119.746796,-1.489185,0.268649,0.431309,-0.432359,-0.744894,0.240752,106.152328,-11.579406,0.372988,0.480464,-0.304693,-0.732937,5.153187,123.086319,-3.647018,-0.149932,0.869738,0.159593,0.442275,-10.868142,115.570686,21.384823,0.330054,0.887350,0.160890,-0.278905,-1.047980,117.654350,35.617638,-0.126935,0.279952,0.505673,-0.806108,14.605371,105.262611,20.598251,0.003712,0.104763,0.475671,-0.873355,7.949518,123.039696,14.120155,0.076260,0.850317,0.057005,0.517586,-10.069931,87.494690,6.852654,0.078397,0.895979,-0.096411,0.426357,-12.704489,50.896675,0.296665,-0.042219,0.936032,0.041224,0.346933,-23.237381,5.059883,5.306153,-0.098134,0.851153,-0.072005,0.510611,-2.197707,87.391144,22.739479,-0.008324,0.858950,-0.059179,0.508560,1.288199,51.221764,31.043751,-0.041008,0.791465,0.047866,0.607956,-0.882420,4.262161,36.252613,-0.042219,0.936032,0.041224,0.346933,-14.026634,0.753374,-5.021344,-0.041008,0.791465,0.047866,0.607956,12.572109,0.216135,32.696438
1043,8.691667,-0.014064,0.849275,0.028412,0.526998,-6.137402,87.443375,14.784685,-0.075737,0.831403,0.123213,0.536518,-6.528759,94.698303,15.027748,-0.035820,0.834247,0.095754,0.541830,-9.764189,106.707253,16.576984,0.022536,0.856823,-0.065805,0.510898,-12.216406,121.389366,18.390671,0.035269,0.867601,-0.161411,0.469011,-9.214733,134.756836,16.325436,-0.035386,0.757705,0.225700,0.611302,-13.778021,115.879776,14.926550,0.250834,-0.287683,0.222730,-0.897057,-18.134281,119.751862,-1.486260,0.268490,0.431477,-0.432259,-0.744911,0.234918,106.162849,-11.589522,0.373100,0.480212,-0.304602,-0.733083,5.144728,123.092148,-3.648888,-0.150179,0.869761,0.159796,0.442071,-10.868872,115.567795,21.385506,0.330220,0.887271,0.160960,-0.278920,-1.045033,117.657074,35.614960,-0.126576,0.279764,0.505724,-0.806198,14.602426,105.260399,20.593510,0.003669,0.104401,0.476525,-0.872932,7.944946,123.034477,14.114006,0.076228,0.850401,0.056956,0.517459,-10.074924,87.497078,6.841982,0.078306,0.895992,-0.096454,0.426337,-12.710312,50.898277,0.290737,-0.042346,0.936050,0.041162,0.346877,-23.237190,5.060929,5.307750,-0.098180,0.851130,-0.072043,0.510635,-2.199880,87.389671,22.727388,-0.008360,0.858881,-0.059271,0.508666,1.287153,51.221371,31.035862,-0.041233,0.791522,0.047495,0.607896,-0.885586,4.262862,36.253674,-0.042346,0.936050,0.041162,0.346877,-14.026652,0.754070,-5.019786,-0.041233,0.791522,0.047495,0.607896,12.568166,0.212477,32.699520
1044,8.700000,-0.014060,0.849287,0.028406,0.526978,-6.138228,87.442604,14.774756,-0.075666,0.831433,0.123429,0.536431,-6.529485,94.697533,15.017787,-0.035714,0.834307,0.095804,0.541736,-9.765795,106.704185,16.572563,0.022350,0.856941,-0.065807,0.510707,-12.215988,121.386246,18.389488,0.035202,0.867777,-0.160960,0.468845,-9.219257,134.754257,16.320566,-0.035220,0.757735,0.225826,0.611228,-13.779046,115.877441,14.924765,0.250560,-0.287820,0.222672,-0.897105,-18.138865,119.755974,-1.485573,0.268239,0.431416,-0.432251,-0.745042,0.227687,106.171249,-11.599384,0.372884,0.480234,-0.304521,-0.733212,5.139728,123.097420,-3.654119,-0.149758,0.869810,0.159727,0.442143,-10.868343,115.563980,21.382946,0.330098,0.887215,0.161236,-0.279084,-1.042336,117.641434,35.612633,-0.126651,0.279587,0.505740,-0.806237,14.604553,105.256248,20.581146,0.003503,0.104260,0.476561,-0.872930,7.943687,123.031845,14.108427,0.076302,0.850369,0.056869,0.517511,-10.076122,87.496292,6.832241,0.078209,0.896003,-0.096480,0.426326,-12.719135,50.897598,0.283461,-0.042283,0.936043,0.041225,0.346895,-23.238745,5.059275,5.306785,-0.098158,0.851137,-0.072078,0.510622,-2.200334,87.388908,22.717270,-0.008403,0.859031,-0.059305,0.508407,1.284081,51.220657,31.027090,-0.040920,0.791471,0.047883,0.607952,-0.885169,4.262585,36.250320,-0.042283,0.936043,0.041225,0.346895,-14.028245,0.753430,-5.021199,-0.040920,0.791471,0.047883,0.607952,12.568789,0.215435,32.693283
1045,8.708333,-0.013933,0.849322,0.028424,0.526926,-6.141039,87.440857,14.765297,-0.075643,0.831457,0.123681,0.536340,-6.530849,94.695831,15.009549,-0.035623,0.834367,0.095793,0.541651,-9.769879,106.701218,16.570183,0.022496,0.857012,-0.065599,0.510609,-12.217440,121.383522,18.388584,0.034984,0.867910,-0.160778,0.468677,-9.220520,134.752472,16.325993,-0.035194,0.757653,0.226046,0.611250,-13.782104,115.875183,14.923859,0.250409,-0.287937,0.222585,-0.897131,-18.141043,119.759369,-1.485376,0.267999,0.431402,-0.432247,-0.745139,0.224076,106.178978,-11.607607,0.372640,0.480169,-0.304567,-0.733359,5.136697,123.102379,-3.657136,-0.149714,0.869854,0.159854,0.442026,-10.870012,115.560875,21.381372,0.330142,0.887155,0.161313,-0.279177,-1.039923,117.635918,35.608593,-0.126668,0.279422,0.505870,-0.806210,14.602921,105.251572,20.572189,0.003573,0.104098,0.476761,-0.872840,7.943585,123.030304,14.106065,0.076204,0.850408,0.056853,0.517461,-10.079984,87.496605,6.823316,0.078206,0.896078,-0.096480,0.426168,-12.717875,50.896656,0.279450,-0.042180,0.936038,0.041264,0.346917,-23.236366,5.058294,5.304782,-0.098195,0.851398,-0.072160,0.510169,-2.202094,87.385117,22.707277,-0.008394,0.859116,-0.059345,0.508258,1.285933,51.218296,31.021791,-0.041139,0.791438,0.047707,0.607995,-0.885121,4.260671,36.248253,-0.042180,0.936038,0.041264,0.346917,-14.026249,0.752401,-5.023528,-0.041139,0.791438,0.047707,0.607995,12.569886,0.213376,32.695343
1046,8.716667,-0.013858,0.849336,0.028401,0.526906,-6.144103,87.439552,14.756070,-0.075577,0.831499,0.123797,0.536257,-6.532802,94.694572,15.000614,-0.035521,0.834432,0.095885,0.541542,-9.771740,106.699112,16.564791,0.022496,0.857086,-0.065601,0.510485,-12.217979,121.381104,18.387463,0.034797,0.868036,-0.160364,0.468599,-9.221453,134.750031,16.324160,-0.035033,0.757728,0.226057,0.611162,-13.783914,115.873695,14.921826,0.250377,-0.288094,0.222407,-0.897133,-18.146984,119.761574,-1.485437,0.267890,0.431412,-0.432158,-0.745223,0.217584,106.187630,-11.617319,0.372539,0.480238,-0.304549,-0.733373,5.132785,123.107971,-3.662528,-0.149643,0.869854,0.159977,0.442004,-10.870043,115.557648,21.378452,0.330101,0.887128,0.161395,-0.279264,-1.038540,117.628769,35.605267,-0.126720,0.279350,0.505868,-0.806228,14.603245,105.248535,20.564362,0.003456,0.104041,0.476741,-0.872858,7.942328,123.027420,14.101511,0.076145,0.850460,0.056831,0.517387,-10.083460,87.496185,6.814300,0.078187,0.896123,-0.096500,0.426073,-12.719088,50.895382,0.274343,-0.042344,0.936057,0.041185,0.346854,-23.236313,5.057117,5.303253,-0.098192,0.851452,-0.072204,0.510073,-2.204745,87.382912,22.697840,-0.008456,0.859222,-0.059405,0.508072,1.282335,51.216530,31.014666,-0.041094,0.791463,0.047712,0.607965,-0.885426,4.259667,36.249352,-0.042344,0.936057,0.041185,0.346854,-14.026221,0.750821,-5.024916,-0.041094,0.791463,0.047712,0.607965,12.569020,0.211695,32.695084
1047,8.725000,-0.013814,0.849373,0.028541,0.526840,-6.144222,87.438812,14.745709,-0.075476,0.831505,0.123942,0.536228,-6.533431,94.693733,14.992359,-0.035434,0.834435,0.096012,0.541521,-9.772934,106.700661,16.561356,0.022568,0.857136,-0.065262,0.510441,-12.219021,121.382103,18.388641,0.034627,0.868128,-0.160333,0.468453,-9.225636,134.753052,16.333904,-0.034984,0.757714,0.226221,0.611122,-13.785192,115.875755,14.921435,0.250365,-0.288236,0.222296,-0.897119,-18.150085,119.768143,-1.484272,0.267741,0.431349,-0.432151,-0.745317,0.212856,106.197739,-11.623837,0.372295,0.480322,-0.304747,-0.733360,5.130701,123.117493,-3.666173,-0.149525,0.869867,0.160067,0.441988,-10.870904,115.557739,21.377777,0.330189,0.887027,0.161684,-0.279315,-1.037671,117.624069,35.604088,-0.126961,0.279374,0.506035,-0.806077,14.599776,105.246063,20.556854,0.003235,0.104201,0.476092,-0.873194,7.946134,123.030235,14.100617,0.076113,0.850538,0.056793,0.517269,-10.084831,87.497383,6.804576,0.078151,0.896086,-0.096581,0.426138,-12.720834,50.895905,0.268564,-0.042184,0.936037,0.041223,0.346923,-23.238541,5.058580,5.304968,-0.098240,0.851413,-0.072207,0.510128,-2.203613,87.380234,22.686842,-0.008464,0.859246,-0.059519,0.508018,1.285828,51.214577,31.005817,-0.041096,0.791470,0.047737,0.607953,-0.886471,4.259014,36.250256,-0.042184,0.936037,0.041223,0.346923,-14.028345,0.751690,-5.022857,-0.041096,0.791470,0.047737,0.607953,12.568012,0.211646,32.695450
1048,8.733333,-0.013826,0.849407,0.028602,0.526782,-6.145040,87.439445,14.737709,-0.075375,0.831521,0.124028,0.536199,-6.534845,94.694313,14.985048,-0.035374,0.834441,0.096119,0.541496,-9.773308,106.701004,16.557289,0.022528,0.857164,-0.065053,0.510421,-12.219561,121.381966,18.388275,0.034492,0.868184,-0.160077,0.468447,-9.230053,134.754410,16.337646,-0.034877,0.757743,0.226292,0.611066,-13.785860,115.876411,14.919850,0.250192,-0.288382,0.222297,-0.897120,-18.153408,119.772629,-1.484244,0.267567,0.431269,-0.432041,-0.745491,0.205287,106.202805,-11.632289,0.372058,0.480322,-0.304776,-0.733468,5.128884,123.116325,-3.671016,-0.149421,0.869861,0.160128,0.442011,-10.871124,115.556908,21.375917,0.330110,0.887012,0.161900,-0.279332,-1.037525,117.618988,35.602600,-0.126704,0.279105,0.505976,-0.806248,14.602065,105.247894,20.551905,0.003230,0.103847,0.476942,-0.872773,7.940325,123.028435,14.097285,0.076080,0.850575,0.056794,0.517212,-10.086730,87.498383,6.797112,0.078122,0.896093,-0.096629,0.426119,-12.720988,50.896526,0.262479,-0.042272,0.936033,0.041232,0.346922,-23.238054,5.059650,5.304303,-0.098198,0.851508,-0.072292,0.509966,-2.203350,87.380516,22.678305,-0.008532,0.859254,-0.059523,0.508003,1.281757,51.215172,31.000454,-0.041126,0.791445,0.047724,0.607985,-0.885111,4.259765,36.248562,-0.042272,0.936033,0.041232,0.346922,-14.027044,0.753883,-5.023266,-0.041126,0.791445,0.047724,0.607985,12.569796,0.212608,32.695110
1049,8.741667,-0.013741,0.849417,0.028612,0.526767,-6.149967,87.438789,14.729944,-0.075252,0.831531,0.124180,0.536165,-6.538787,94.693680,14.978054,-0.035327,0.834456,0.096200,0.541462,-9.776713,106.700111,16.555237,0.022525,0.857191,-0.064843,0.510403,-12.223023,121.380707,18.389078,0.034339,0.868232,-0.159930,0.468420,-9.236531,134.754547,16.343155,-0.034835,0.757683,0.226422,0.611094,-13.789540,115.875755,14.919797,0.250142,-0.288521,0.222179,-0.897118,-18.155973,119.776169,-1.483595,0.267501,0.431315,-0.431945,-0.745543,0.201333,106.210625,-11.639858,0.372138,0.480273,-0.304728,-0.733479,5.126801,123.122322,-3.673948,-0.149158,0.869901,0.160168,0.442006,-10.874245,115.555122,21.375555,0.330016,0.886977,0.161979,-0.279505,-1.037763,117.608833,35.601448,-0.126817,0.278967,0.506034,-0.806241,14.600079,105.244972,20.542997,0.003198,0.103663,0.476943,-0.872794,7.937196,123.028992,14.095065,0.076063,0.850620,0.056800,0.517140,-10.091970,87.499069,6.789514,0.078031,0.896117,-0.096663,0.426077,-12.725514,50.897072,0.255392,-0.042185,0.936087,0.041237,0.346787,-23.236042,5.059478,5.304309,-0.098216,0.851544,-0.072316,0.509899,-2.207963,87.378502,22.670374,-0.008595,0.859304,-0.059575,0.507910,1.277979,51.213657,30.994347,-0.040897,0.791482,0.047847,0.607943,-0.885696,4.258940,36.249893,-0.042185,0.936087,0.041237,0.346787,-14.028769,0.752869,-5.026238,-0.040897,0.791482,0.047847,0.607943,12.567849,0.210603,32.692642
1050,8.750000,-0.013656,0.849446,0.028625,0.526722,-6.152936,87.438622,14.722445,-0.075232,0.831546,0.124248,0.536128,-6.540808,94.693542,14.971392,-0.035258,0.834474,0.096374,0.541407,-9.779379,106.700531,16.550493,0.022421,0.857252,-0.064661,0.510329,-12.226649,121.380257,18.389938,0.034323,0.868290,-0.159827,0.468349,-9.245337,134.755600,16.346331,-0.034811,0.757608,0.226518,0.611152,-13.793188,115.876434,14.918897,0.249974,-0.288605,0.222141,-0.897148,-18.157213,119.780052,-1.484375,0.267372,0.431325,-0.431981,-0.745562,0.198540,106.217300,-11.647179,0.372166,0.480329,-0.304776,-0.733409,5.122575,123.128723,-3.678697,-0.149122,0.869915,0.160307,0.441941,-10.876979,115.553726,21.374138,0.329987,0.886954,0.162055,-0.279572,-1.038100,117.604637,35.598778,-0.126905,0.278892,0.506042,-0.806248,14.598860,105.244064,20.536699,0.003071,0.103616,0.476907,-0.872819,7.934747,123.028740,14.093068,0.076019,0.850690,0.056838,0.517026,-10.095813,87.500282,6.782460,0.078037,0.896076,-0.096746,0.426144,-12.726002,50.898109,0.247972,-0.042243,0.936036,0.041134,0.346929,-23.240713,5.062133,5.302831,-0.098237,0.851498,-0.072277,0.509977,-2.210059,87.376968,22.662432,-0.008635,0.859191,-0.059691,0.508087,1.277957,51.212025,30.985117,-0.041222,0.791543,0.047492,0.607869,-0.889119,4.258680,36.251537,-0.042243,0.936036,0.041134,0.346929,-14.030048,0.753550,-5.023870,-0.041222,0.791543,0.047492,0.607869,12.564299,0.208039,32.696415
1051,8.758333,-0.013630,0.849446,0.028677,0.526719,-6.156399,87.436310,14.714898,-0.075221,0.831540,0.124405,0.536104,-6.544343,94.691193,14.964684,-0.035103,0.834508,0.096153,0.541405,-9.783048,106.691063,16.546423,0.022162,0.857286,-0.064209,0.510339,-12.222879,121.372398,18.382935,0.034259,0.868308,-0.159591,0.468399,-9.253793,134.751511,16.346117,-0.034528,0.757679,0.226671,0.611024,-13.792356,115.868629,14.913128,0.250088,-0.288712,0.221984,-0.897120,-18.162539,119.781876,-1.486205,0.267291,0.431372,-0.431849,-0.745640,0.193608,106.223473,-11.654103,0.372010,0.480190,-0.304893,-0.733530,5.120551,123.131874,-3.680099,-0.149233,0.869842,0.160444,0.441999,-10.875961,115.545807,21.368279,0.329835,0.886991,0.162165,-0.279567,-1.040038,117.597305,35.594875,-0.127031,0.278855,0.505952,-0.806298,14.602033,105.244316,20.531889,0.002898,0.103581,0.476856,-0.872852,7.933342,123.028503,14.090931,0.075980,0.850762,0.056842,0.516913,-10.099345,87.498840,6.774956,0.077967,0.896179,-0.096736,0.425942,-12.727806,50.896263,0.242031,-0.042193,0.936083,0.041233,0.346798,-23.235029,5.059049,5.301295,-0.098252,0.851502,-0.072258,0.509970,-2.213452,87.373772,22.654840,-0.008668,0.859237,-0.059718,0.508006,1.276297,51.208843,30.976831,-0.040949,0.791461,0.047829,0.607968,-0.888945,4.255858,36.247219,-0.042193,0.936083,0.041233,0.346798,-14.027447,0.752411,-5.028964,-0.040949,0.791461,0.047829,0.607968,12.565093,0.208016,32.691269
1052,8.766667,-0.013544,0.849449,0.028793,0.526710,-6.159814,87.432327,14.706198,-0.075238,0.831705,0.124109,0.535913,-6.547581,94.687149,14.958074,-0.034855,0.834709,0.096536,0.541042,-9.780950,106.683495,16.533598,0.022105,0.857361,-0.063970,0.510246,-12.219937,121.363136,18.384710,0.033989,0.868234,-0.159435,0.468610,-9.255757,134.743958,16.352091,-0.034419,0.757720,0.226791,0.610935,-13.792232,115.862213,14.911663,0.249943,-0.288786,0.221843,-0.897172,-18.166479,119.780159,-1.485471,0.267110,0.431393,-0.431874,-0.745679,0.190663,106.228683,-11.660799,0.371924,0.480212,-0.304918,-0.733549,5.115909,123.134933,-3.683091,-0.149310,0.869774,0.160532,0.442074,-10.870015,115.534103,21.363916,0.329835,0.886902,0.162488,-0.279662,-1.037190,117.585777,35.592640,-0.127335,0.278753,0.506089,-0.806199,14.602226,105.239548,20.521351,0.002692,0.103622,0.476153,-0.873232,7.936298,123.030518,14.091140,0.075934,0.850726,0.056879,0.516976,-10.102972,87.497223,6.766376,0.077965,0.895950,-0.096884,0.426390,-12.726641,50.894440,0.232695,-0.042101,0.936009,0.041158,0.347017,-23.242081,5.059910,5.299189,-0.098298,0.851579,-0.072304,0.509826,-2.216655,87.367424,22.646019,-0.008713,0.859287,-0.059749,0.507917,1.275586,51.203655,30.972034,-0.040929,0.791474,0.047937,0.607944,-0.886906,4.251096,36.247341,-0.042101,0.936009,0.041158,0.347017,-14.030771,0.750571,-5.026624,-0.040929,0.791474,0.047937,0.607944,12.567304,0.205278,32.689728
1053,8.775000,-0.013442,0.849443,0.028799,0.526722,-6.167225,87.429901,14.698630,-0.075065,0.831719,0.124069,0.535925,-6.553777,94.684753,14.951359,-0.034769,0.834705,0.096681,0.541028,-9.783536,106.683708,16.528631,0.022043,0.857387,-0.063624,0.510249,-12.222672,121.362701,18.384754,0.033957,0.868240,-0.159449,0.468595,-9.264691,134.745972,16.359240,-0.034452,0.757696,0.226887,0.610927,-13.795039,115.862907,14.909946,0.249973,-0.288837,0.221726,-0.897176,-18.169529,119.781967,-1.486850,0.267080,0.431459,-0.431853,-0.745664,0.188716,106.234612,-11.665657,0.371956,0.480251,-0.304993,-0.733476,5.112494,123.140244,-3.685544,-0.149423,0.869724,0.160649,0.442091,-10.872519,115.532684,21.361952,0.329980,0.886831,0.162328,-0.279811,-1.041400,117.585625,35.591663,-0.127200,0.278670,0.506290,-0.806123,14.589095,105.233124,20.516270,0.002776,0.103303,0.477092,-0.872757,7.928895,123.028648,14.087346,0.075850,0.850749,0.056920,0.516946,-10.110216,87.496399,6.758742,0.077870,0.896085,-0.096887,0.426123,-12.727176,50.893009,0.225777,-0.042081,0.936071,0.041241,0.346843,-23.233282,5.057144,5.299546,-0.098382,0.851602,-0.072256,0.509779,-2.224235,87.363396,22.638519,-0.008752,0.859237,-0.059858,0.507988,1.275614,51.200348,30.964466,-0.041382,0.791559,0.047481,0.607839,-0.889368,4.249081,36.250240,-0.042081,0.936071,0.041241,0.346843,-14.025736,0.749603,-5.030365,-0.041382,0.791559,0.047481,0.607839,12.564850,0.200925,32.695328
1054,8.783333,-0.013549,0.849461,0.028912,0.526684,-6.166270,87.430084,14.693138,-0.075074,0.831691,0.124217,0.535932,-6.555001,94.684807,14.946452,-0.034747,0.834679,0.096728,0.541062,-9.787186,106.683876,16.526730,0.022133,0.857338,-0.063478,0.510345,-12.226609,121.362640,18.384270,0.033788,0.868210,-0.159280,0.468721,-9.268229,134.746597,16.363857,-0.034486,0.757620,0.226994,0.610980,-13.798651,115.863213,14.908737,0.249858,-0.288816,0.221653,-0.897232,-18.170795,119.784187,-1.488228,0.266923,0.431383,-0.431987,-0.745686,0.189666,106.241371,-11.669089,0.371735,0.480286,-0.304955,-0.733581,5.111682,123.148537,-3.689228,-0.149371,0.869736,0.160778,0.442039,-10.876631,115.532318,21.360933,0.329855,0.886858,0.162468,-0.279792,-1.043392,117.582062,35.589642,-0.127325,0.278603,0.506200,-0.806183,14.591760,105.236458,20.513424,0.002723,0.103366,0.476643,-0.872995,7.926586,123.030807,14.088247,0.075874,0.850846,0.056948,0.516779,-10.109906,87.496002,6.753565,0.077834,0.896053,-0.096956,0.426181,-12.728618,50.893127,0.218408,-0.042283,0.936058,0.041112,0.346869,-23.234705,5.057979,5.298708,-0.098368,0.851648,-0.072270,0.509702,-2.222635,87.364166,22.632711,-0.008783,0.859260,-0.059870,0.507948,1.276524,51.201057,30.958683,-0.041060,0.791473,0.047892,0.607939,-0.886266,4.249978,36.247025,-0.042283,0.936058,0.041112,0.346869,-14.025039,0.749178,-5.028789,-0.041060,0.791473,0.047892,0.607939,12.568601,0.205410,32.690491
1055,8.791667,-0.013524,0.849445,0.029042,0.526703,-6.170380,87.431267,14.685483,-0.074971,0.831520,0.124730,0.536094,-6.559806,94.685890,14.940598,-0.034954,0.834486,0.096597,0.541370,-9.799246,106.690727,16.533232,0.022395,0.857177,-0.063537,0.510597,-12.242417,121.369812,18.383274,0.033669,0.868182,-0.159149,0.468827,-9.276295,134.752625,16.366528,-0.034494,0.757461,0.227008,0.611172,-13.810909,115.868805,14.908632,0.249819,-0.288842,0.221638,-0.897239,-18.174885,119.791557,-1.490088,0.266894,0.431429,-0.431948,-0.745692,0.185165,106.249580,-11.672812,0.371674,0.480367,-0.304899,-0.733582,5.106750,123.155167,-3.690901,-0.149066,0.869900,0.161044,0.441721,-10.893819,115.540840,21.363211,0.329714,0.886918,0.162425,-0.279791,-1.047605,117.579887,35.584484,-0.127504,0.278591,0.506106,-0.806217,14.592207,105.238937,20.509281,0.002595,0.103329,0.476497,-0.873079,7.922787,123.033371,14.087123,0.075772,0.850789,0.057022,0.516881,-10.113677,87.498802,6.745753,0.077852,0.896008,-0.097084,0.426244,-12.722300,50.895405,0.209491,-0.042055,0.936061,0.041055,0.346895,-23.235386,5.062896,5.299102,-0.098415,0.851605,-0.072172,0.509778,-2.227084,87.363739,22.625214,-0.008838,0.859179,-0.059983,0.508070,1.278083,51.200260,30.947083,-0.041091,0.791475,0.047852,0.607939,-0.886448,4.250545,36.246853,-0.042055,0.936061,0.041055,0.346895,-14.027411,0.750348,-5.028343,-0.041091,0.791475,0.047852,0.607939,12.568438,0.205612,32.690788
1056,8.800000,-0.013491,0.849485,0.029082,0.526637,-6.175070,87.430511,14.680561,-0.075027,0.831452,0.124877,0.536157,-6.564363,94.685112,14.936449,-0.035067,0.834395,0.096623,0.541498,-9.808103,106.692841,16.531601,0.022467,0.857119,-0.063405,0.510708,-12.254807,121.371529,18.380051,0.033685,0.868174,-0.159029,0.468880,-9.288462,134.754974,16.367943,-0.034569,0.757299,0.227037,0.611357,-13.821051,115.870033,14.905180,0.249824,-0.288754,0.221547,-0.897288,-18.176933,119.793083,-1.495618,0.266790,0.431531,-0.432019,-0.745630,0.187691,106.255699,-11.676194,0.371441,0.480475,-0.305028,-0.733575,5.103346,123.161003,-3.691669,-0.149049,0.869980,0.161280,0.441485,-10.906040,115.542999,21.360744,0.329512,0.887023,0.162231,-0.279808,-1.052380,117.579628,35.577202,-0.127803,0.278584,0.505961,-0.806263,14.593617,105.243324,20.504612,0.002447,0.103324,0.476381,-0.873144,7.918439,123.036530,14.087757,0.075674,0.850903,0.057116,0.516697,-10.119617,87.498871,6.741460,0.077874,0.896256,-0.097085,0.425717,-12.719822,50.895164,0.203604,-0.042128,0.936083,0.041040,0.346828,-23.231810,5.062997,5.298567,-0.098460,0.851651,-0.072191,0.509690,-2.230523,87.362152,22.619661,-0.008833,0.859265,-0.060061,0.507916,1.277567,51.199554,30.944092,-0.041679,0.791566,0.047185,0.607833,-0.890205,4.250735,36.250401,-0.042128,0.936083,0.041040,0.346828,-14.024651,0.750760,-5.029735,-0.041679,0.791566,0.047185,0.607833,12.564582,0.201104,32.699310
1057,8.808333,-0.013851,0.849429,0.029293,0.526707,-6.166059,87.424126,14.674433,-0.075126,0.831410,0.125064,0.536165,-6.561433,94.678406,14.930134,-0.035111,0.834379,0.096687,0.541508,-9.811236,106.690323,16.528488,0.022429,0.857095,-0.063277,0.510765,-12.260098,121.368553,18.377766,0.033659,0.868146,-0.158860,0.468992,-9.296195,134.752945,16.368349,-0.034557,0.757176,0.227211,0.611446,-13.825425,115.867058,14.902492,0.249769,-0.288743,0.221449,-0.897331,-18.177567,119.794991,-1.498127,0.266705,0.431642,-0.432034,-0.745587,0.189529,106.262421,-11.680650,0.371385,0.480566,-0.305057,-0.733533,5.100990,123.167191,-3.692363,-0.148968,0.869926,0.161277,0.441619,-10.910615,115.540016,21.358145,0.329265,0.887097,0.162313,-0.279818,-1.060236,117.573212,35.577366,-0.128004,0.278686,0.505808,-0.806292,14.593598,105.247864,20.503969,0.002173,0.103407,0.476245,-0.873208,7.914680,123.039032,14.086935,0.075830,0.850978,0.057113,0.516551,-10.109127,87.489082,6.734570,0.077810,0.896248,-0.097181,0.425724,-12.720388,50.887119,0.191346,-0.042311,0.936089,0.041139,0.346777,-23.230743,5.055761,5.296927,-0.098373,0.851762,-0.072233,0.509516,-2.222990,87.359169,22.614294,-0.008886,0.859125,-0.060065,0.508151,1.279726,51.195740,30.937391,-0.041010,0.791477,0.047917,0.607936,-0.885388,4.247046,36.245926,-0.042311,0.936089,0.041139,0.346777,-14.022750,0.747878,-5.032444,-0.041010,0.791477,0.047917,0.607936,12.569223,0.202183,32.688755
1058,8.816667,-0.014278,0.849551,0.029461,0.526489,-6.157159,87.431824,14.670238,-0.075453,0.831362,0.125446,0.536104,-6.559028,94.685783,14.924842,-0.035066,0.834358,0.096723,0.541537,-9.819044,106.688644,16.525991,0.022379,0.857056,-0.063403,0.510817,-12.267435,121.366760,18.376802,0.033583,0.868123,-0.158518,0.469155,-9.302790,134.750488,16.364059,-0.034614,0.757024,0.227330,0.611587,-13.832773,115.865723,14.900802,0.249689,-0.288674,0.221407,-0.897386,-18.178780,119.795967,-1.500894,0.266609,0.431710,-0.432096,-0.745546,0.191249,106.266724,-11.682542,0.371229,0.480698,-0.305117,-0.733500,5.098591,123.172401,-3.691656,-0.149092,0.869906,0.161545,0.441519,-10.918364,115.537819,21.356594,0.329162,0.887128,0.162230,-0.279888,-1.066188,117.571091,35.574566,-0.128154,0.278670,0.505761,-0.806304,14.589077,105.249214,20.499819,0.002014,0.103326,0.476348,-0.873162,7.907483,123.041679,14.085618,0.075926,0.851070,0.057036,0.516394,-10.104087,87.491783,6.732252,0.077667,0.896187,-0.097012,0.425918,-12.725599,50.890236,0.190768,-0.041778,0.936132,0.041201,0.346720,-23.218359,5.053669,5.285738,-0.098156,0.851711,-0.072227,0.509644,-2.210232,87.371864,22.608223,-0.008966,0.859083,-0.060156,0.508209,1.277903,51.205193,30.923349,-0.040843,0.791478,0.047625,0.607969,-0.885381,4.257667,36.242977,-0.041778,0.936132,0.041201,0.346720,-14.016396,0.741940,-5.047404,-0.040843,0.791478,0.047625,0.607969,12.566927,0.203517,32.687656
1059,8.825000,-0.014240,0.849534,0.029519,0.526516,-6.162397,87.430176,14.665468,-0.075455,0.831335,0.125463,0.536142,-6.564250,94.684097,14.921057,-0.035091,0.834329,0.096723,0.541579,-9.825214,106.689140,16.522696,0.022371,0.856991,-0.063458,0.510920,-12.274319,121.367203,18.372971,0.033560,0.868056,-0.158253,0.469371,-9.308745,134.750610,16.359404,-0.034637,0.756942,0.227375,0.611669,-13.839093,115.866051,14.896906,0.249650,-0.288504,0.221375,-0.897459,-18.181520,119.797409,-1.505475,0.266613,0.431825,-0.432172,-0.745434,0.194088,106.271431,-11.681385,0.371252,0.480796,-0.305114,-0.733425,5.094549,123.176956,-3.690734,-0.149113,0.869878,0.161727,0.441500,-10.925361,115.538383,21.353018,0.329065,0.887177,0.162197,-0.279868,-1.072843,117.569473,35.571068,-0.128401,0.278740,0.505647,-0.806311,14.586195,105.250465,20.497881,0.001661,0.103384,0.476056,-0.873316,7.901447,123.042870,14.085615,0.075814,0.851112,0.057060,0.516338,-10.108848,87.491257,6.727253,0.077694,0.896297,-0.096996,0.425685,-12.722760,50.888645,0.188690,-0.042095,0.936170,0.040954,0.346606,-23.215815,5.052173,5.283951,-0.098197,0.851752,-0.072170,0.509575,-2.215947,87.369102,22.603683,-0.008980,0.859189,-0.060216,0.508023,1.277602,51.202423,30.916491,-0.040866,0.791459,0.047564,0.607997,-0.886314,4.255608,36.242111,-0.042095,0.936170,0.040954,0.346606,-14.013997,0.737218,-5.047976,-0.040866,0.791459,0.047564,0.607997,12.566105,0.200512,32.688290
1060,8.833333,-0.014252,0.849508,0.029568,0.526554,-6.168620,87.429237,14.661254,-0.075390,0.831322,0.125395,0.536187,-6.571012,94.683113,14.917336,-0.035128,0.834295,0.096835,0.541610,-9.830136,106.689987,16.518438,0.022456,0.856930,-0.063421,0.511023,-12.282024,121.367332,18.370787,0.033465,0.868002,-0.158069,0.469539,-9.314653,134.750717,16.359814,-0.034560,0.757000,0.227341,0.611614,-13.845513,115.866432,14.893730,0.249766,-0.288396,0.221222,-0.897500,-18.190475,119.798592,-1.507790,0.266689,0.431899,-0.432121,-0.745393,0.191671,106.278740,-11.680059,0.371192,0.480988,-0.305123,-0.733326,5.091410,123.184410,-3.688593,-0.149042,0.869869,0.161784,0.441522,-10.932281,115.538277,21.350042,0.328806,0.887272,0.162297,-0.279813,-1.079678,117.566147,35.568493,-0.128503,0.278653,0.505537,-0.806394,14.589432,105.258011,20.496881,0.001807,0.103353,0.476065,-0.873314,7.898386,123.048843,14.088145,0.075776,0.851095,0.057087,0.516368,-10.114351,87.490616,6.722683,0.077640,0.896224,-0.097037,0.425838,-12.724649,50.887806,0.183774,-0.042163,0.936144,0.040900,0.346676,-23.215693,5.051297,5.282856,-0.098291,0.851725,-0.072092,0.509613,-2.222889,87.367859,22.599825,-0.009013,0.859053,-0.060243,0.508250,1.279203,51.201706,30.911324,-0.040795,0.791428,0.047624,0.608037,-0.884745,4.255250,36.240089,-0.042163,0.936144,0.040900,0.346676,-14.011854,0.735685,-5.047002,-0.040795,0.791428,0.047624,0.608037,12.567822,0.200262,32.686691
1061,8.841667,-0.014316,0.849524,0.029636,0.526522,-6.174223,87.429321,14.658398,-0.075312,0.831291,0.125310,0.536265,-6.577919,94.683113,14.914852,-0.035178,0.834214,0.096975,0.541706,-9.834972,106.692673,16.515257,0.022660,0.856861,-0.063516,0.511119,-12.290588,121.369102,18.369951,0.033341,0.868005,-0.157832,0.469621,-9.316832,134.751251,16.360174,-0.034641,0.756984,0.227426,0.611598,-13.851990,115.868546,14.891401,0.249637,-0.288225,0.221165,-0.897605,-18.197432,119.800270,-1.510094,0.266644,0.431951,-0.432166,-0.745353,0.190893,106.285820,-11.678343,0.371089,0.481172,-0.305065,-0.733281,5.087179,123.191154,-3.686126,-0.149112,0.869795,0.161835,0.441624,-10.940288,115.539742,21.348370,0.328255,0.887523,0.162651,-0.279457,-1.091558,117.567993,35.569447,-0.128331,0.278683,0.504951,-0.806779,14.605551,105.282234,20.508728,0.001708,0.103399,0.475993,-0.873348,7.893349,123.055061,14.090067,0.075754,0.851219,0.057182,0.516157,-10.120522,87.490349,6.720106,0.077532,0.896080,-0.097137,0.426139,-12.727313,50.888107,0.176630,-0.042144,0.936150,0.040905,0.346662,-23.214964,5.051863,5.285048,-0.098351,0.851745,-0.072029,0.509578,-2.227924,87.368294,22.596689,-0.009033,0.858981,-0.060295,0.508365,1.280730,51.202347,30.906343,-0.040805,0.791434,0.047590,0.608032,-0.884807,4.256514,36.239986,-0.042144,0.936150,0.040905,0.346662,-14.011595,0.736189,-5.045200,-0.040805,0.791434,0.047590,0.608032,12.567617,0.200953,32.686722
1062,8.850000,-0.014384,0.849531,0.029740,0.526503,-6.177462,87.430954,14.654428,-0.075306,0.831267,0.125354,0.536294,-6.582779,94.684624,14.911654,-0.035230,0.834172,0.097084,0.541747,-9.840377,106.694092,16.512932,0.022581,0.856863,-0.063374,0.511136,-12.299128,121.369766,18.369362,0.033437,0.868012,-0.157778,0.469620,-9.329123,134.753082,16.361828,-0.034718,0.756864,0.227532,0.611703,-13.859031,115.869392,14.889871,0.249561,-0.288152,0.221045,-0.897679,-18.199816,119.802330,-1.512566,0.266535,0.432104,-0.432198,-0.745285,0.193265,106.294441,-11.680930,0.370956,0.481325,-0.305099,-0.733235,5.083285,123.198990,-3.684055,-0.149374,0.869757,0.161982,0.441556,-10.948014,115.540276,21.347134,0.328162,0.887584,0.162609,-0.279397,-1.099926,117.574394,35.567822,-0.128450,0.278811,0.504757,-0.806837,14.601934,105.290688,20.510376,0.001295,0.103511,0.475905,-0.873383,7.884983,123.059830,14.088528,0.075528,0.851476,0.057194,0.515764,-10.124076,87.491920,6.716291,0.077666,0.896340,-0.097025,0.425592,-12.719218,50.887238,0.181884,-0.042238,0.936172,0.040904,0.346590,-23.210531,5.050886,5.281791,-0.098390,0.851690,-0.071959,0.509672,-2.230848,87.369987,22.592564,-0.009063,0.858876,-0.060345,0.508536,1.282010,51.203857,30.899641,-0.040862,0.791400,0.047496,0.608079,-0.884548,4.258654,36.238335,-0.042238,0.936172,0.040904,0.346590,-14.007878,0.736067,-5.049452,-0.040862,0.791400,0.047496,0.608079,12.568228,0.201992,32.687645
1063,8.858333,-0.014395,0.849511,0.029867,0.526528,-6.184005,87.430885,14.650376,-0.075240,0.831242,0.125302,0.536354,-6.590440,94.684448,14.909075,-0.035298,0.834122,0.097121,0.541814,-9.846044,106.694267,16.509939,0.022572,0.856746,-0.063318,0.511339,-12.307243,121.369591,18.365971,0.033410,0.867852,-0.157622,0.469971,-9.337534,134.753311,16.360680,-0.034846,0.756751,0.227721,0.611765,-13.865738,115.868988,14.886193,0.249664,-0.288024,0.220979,-0.897707,-18.203575,119.803215,-1.516712,0.266576,0.432233,-0.432243,-0.745170,0.194646,106.298088,-11.679447,0.370823,0.481521,-0.305088,-0.733178,5.078869,123.204041,-3.681932,-0.149483,0.869716,0.162198,0.441521,-10.955812,115.540276,21.343966,0.327977,0.887663,0.162683,-0.279321,-1.107794,117.574371,35.564697,-0.128566,0.278764,0.504672,-0.806887,14.602238,105.297997,20.509800,0.001446,0.103532,0.475566,-0.873565,7.880825,123.066376,14.090843,0.075486,0.851422,0.057233,0.515855,-10.130141,87.492905,6.712013,0.077595,0.896220,-0.097105,0.425841,-12.720440,50.888073,0.176468,-0.042101,0.936200,0.040974,0.346524,-23.210390,5.052152,5.283060,-0.098466,0.851497,-0.071804,0.510002,-2.237868,87.368874,22.588739,-0.009135,0.858756,-0.060438,0.508726,1.282537,51.202202,30.890251,-0.040757,0.791410,0.047621,0.608064,-0.883809,4.258189,36.239475,-0.042101,0.936200,0.040974,0.346524,-14.010254,0.737714,-5.050579,-0.040757,0.791410,0.047621,0.608064,12.568715,0.202505,32.686729
1064,8.866667,-0.014428,0.849509,0.029928,0.526527,-6.188726,87.428680,14.646384,-0.075422,0.831243,0.125343,0.536317,-6.596035,94.682175,14.905572,-0.035292,0.834154,0.097170,0.541757,-9.856627,106.693825,16.505289,0.022627,0.856745,-0.063308,0.511340,-12.318334,121.368874,18.362782,0.033456,0.867832,-0.157474,0.470053,-9.347487,134.752502,16.358500,-0.034926,0.756585,0.227784,0.611943,-13.877012,115.868462,14.882788,0.249771,-0.287930,0.220861,-0.897737,-18.207096,119.803528,-1.521966,0.266644,0.432521,-0.432175,-0.745017,0.196429,106.303001,-11.681221,0.370893,0.481696,-0.305123,-0.733012,5.073421,123.209084,-3.678127,-0.149454,0.869614,0.162158,0.441746,-10.966203,115.539406,21.340147,0.327690,0.887774,0.162719,-0.279284,-1.124771,117.571434,35.565739,-0.128549,0.278818,0.504477,-0.806993,14.595695,105.306152,20.512691,0.001330,0.103403,0.476019,-0.873334,7.867544,123.070618,14.089385,0.075453,0.851456,0.057277,0.515799,-10.134879,87.490753,6.708027,0.077574,0.896185,-0.097131,0.425910,-12.721783,50.885929,0.171158,-0.042208,0.936167,0.040913,0.346606,-23.211426,5.050185,5.279990,-0.098540,0.851506,-0.071754,0.509979,-2.242574,87.366608,22.584742,-0.009144,0.858818,-0.060503,0.508614,1.284628,51.200485,30.885769,-0.040765,0.791427,0.047606,0.608042,-0.883422,4.257223,36.240936,-0.042208,0.936167,0.040913,0.346606,-14.008674,0.735320,-5.051146,-0.040765,0.791427,0.047606,0.608042,12.568882,0.201312,32.687603
1065,8.875000,-0.014501,0.849442,0.029929,0.526633,-6.191329,87.425911,14.644143,-0.075529,0.831197,0.125428,0.536353,-6.599580,94.679375,14.902732,-0.035301,0.834137,0.097211,0.541775,-9.864081,106.691994,16.502821,0.022435,0.856739,-0.063208,0.511370,-12.326729,121.366776,18.361128,0.033574,0.867788,-0.157418,0.470145,-9.361630,134.751633,16.356594,-0.035008,0.756514,0.227863,0.611997,-13.884920,115.866508,14.880711,0.249782,-0.287850,0.220708,-0.897797,-18.212492,119.801620,-1.524697,0.266658,0.432730,-0.432183,-0.744886,0.196706,106.308113,-11.683006,0.370850,0.482055,-0.305048,-0.732830,5.066009,123.213135,-3.677122,-0.149676,0.869531,0.162363,0.441760,-10.974402,115.537201,21.338188,0.327499,0.887862,0.162487,-0.279363,-1.135726,117.572273,35.565250,-0.128822,0.279001,0.504330,-0.806979,14.588809,105.311440,20.512823,0.001187,0.103653,0.475666,-0.873497,7.859222,123.073669,14.088956,0.075545,0.851278,0.057427,0.516063,-10.135452,87.486961,6.704771,0.077495,0.895968,-0.097372,0.426326,-12.720307,50.884460,0.154080,-0.042155,0.936162,0.040828,0.346638,-23.215158,5.051985,5.281502,-0.098570,0.851533,-0.071658,0.509942,-2.247205,87.364861,22.583515,-0.009191,0.858758,-0.060553,0.508708,1.285934,51.198151,30.879446,-0.041232,0.791449,0.047096,0.608022,-0.881361,4.255551,36.240715,-0.042155,0.936162,0.040828,0.346638,-14.012408,0.734410,-5.048501,-0.041232,0.791449,0.047096,0.608022,12.571528,0.196347,32.693371
1066,8.883333,-0.014447,0.849420,0.029911,0.526670,-6.201171,87.424454,14.641866,-0.075398,0.831190,0.125318,0.536408,-6.608625,94.677956,14.900631,-0.035340,0.834096,0.097300,0.541819,-9.869377,106.692848,16.500219,0.022587,0.856644,-0.063261,0.511517,-12.334517,121.367035,18.359955,0.033385,0.867686,-0.157409,0.470349,-9.364660,134.751099,16.357126,-0.035190,0.756573,0.227615,0.612005,-13.891445,115.866920,14.878708,0.249776,-0.287670,0.220436,-0.897923,-18.218208,119.791939,-1.529327,0.266586,0.432902,-0.432292,-0.744749,0.202160,106.311569,-11.684824,0.370720,0.482300,-0.305007,-0.732751,5.062521,123.219467,-3.675482,-0.149766,0.869485,0.162481,0.441775,-10.981638,115.537323,21.336491,0.327433,0.887882,0.162441,-0.279403,-1.144374,117.572990,35.564442,-0.128863,0.278999,0.504295,-0.806994,14.581161,105.314423,20.511234,0.001218,0.103666,0.475576,-0.873544,7.850038,123.076584,14.087794,0.075317,0.851514,0.057381,0.515712,-10.144624,87.486183,6.702167,0.077570,0.896409,-0.097124,0.425443,-12.719625,50.880718,0.164132,-0.042100,0.936198,0.041025,0.346523,-23.205954,5.044779,5.278013,-0.098718,0.851481,-0.071559,0.510014,-2.257719,87.362732,22.581566,-0.009183,0.858696,-0.060580,0.508810,1.287796,51.197140,30.877125,-0.039550,0.791502,0.047946,0.607998,-0.882057,4.254833,36.239941,-0.042100,0.936198,0.041025,0.346523,-14.005730,0.731646,-5.056094,-0.039550,0.791502,0.047946,0.607998,12.563023,0.185736,32.674370
1067,8.891667,-0.014539,0.849407,0.030033,0.526682,-6.204852,87.426071,14.640177,-0.075466,0.831145,0.125394,0.536451,-6.614374,94.679428,14.899744,-0.035416,0.834047,0.097345,0.541882,-9.877378,106.692680,16.499645,0.022203,0.856640,-0.062424,0.511643,-12.345287,121.366440,18.359085,0.033597,0.867560,-0.157835,0.470425,-9.395482,134.757095,16.370714,-0.035263,0.756503,0.227697,0.612057,-13.900703,115.866104,14.877528,0.249678,-0.287517,0.220350,-0.898021,-18.225077,119.791435,-1.531062,0.266524,0.433101,-0.432313,-0.744644,0.201604,106.317184,-11.683223,0.370727,0.482416,-0.305064,-0.732648,5.054540,123.224709,-3.669206,-0.149824,0.869499,0.162613,0.441679,-10.991941,115.536926,21.335802,0.327290,0.887940,0.162490,-0.279359,-1.152328,117.572914,35.562084,-0.128914,0.278887,0.504156,-0.807112,14.579126,105.320061,20.510395,0.001229,0.103650,0.475439,-0.873621,7.839513,123.080917,14.089298,0.075466,0.851234,0.057554,0.516133,-10.148033,87.487572,6.700340,0.077400,0.895978,-0.097448,0.426305,-12.722443,50.885262,0.144464,-0.042089,0.936155,0.040867,0.346660,-23.212198,5.052790,5.282368,-0.098812,0.851503,-0.071515,0.509965,-2.261671,87.364571,22.580013,-0.009168,0.858663,-0.060598,0.508862,1.291883,51.199890,30.876087,-0.041222,0.791462,0.047060,0.608009,-0.880339,4.257760,36.239502,-0.042089,0.936155,0.040867,0.346660,-14.009484,0.735556,-5.047810,-0.041222,0.791462,0.047060,0.608009,12.572187,0.197595,32.691879
1068,8.900000,-0.014570,0.849353,0.030156,0.526762,-6.210670,87.426636,14.637751,-0.075393,0.831158,0.125255,0.536474,-6.621542,94.679871,14.898555,-0.035438,0.834047,0.097492,0.541854,-9.879409,106.687569,16.495647,0.022095,0.856590,-0.062464,0.511726,-12.350183,121.360420,18.358425,0.033537,0.867447,-0.157754,0.470664,-9.402076,134.751144,16.368040,-0.035355,0.756485,0.227933,0.611986,-13.904675,115.860535,14.875748,0.249581,-0.287380,0.220198,-0.898129,-18.231850,119.787910,-1.531619,0.266397,0.433320,-0.432385,-0.744520,0.202107,106.322395,-11.682149,0.370735,0.482399,-0.305083,-0.732647,5.045441,123.230530,-3.662291,-0.150029,0.869374,0.162556,0.441877,-10.995500,115.530525,21.333796,0.327020,0.888037,0.162593,-0.279306,-1.164108,117.571854,35.564999,-0.129003,0.278928,0.503964,-0.807204,14.577663,105.330399,20.514828,0.001222,0.103749,0.475120,-0.873782,7.831653,123.086914,14.092620,0.075430,0.851186,0.057574,0.516215,-10.152359,87.488869,6.697178,0.077342,0.895808,-0.097533,0.426654,-12.723127,50.886326,0.141151,-0.042241,0.936172,0.040794,0.346603,-23.213398,5.054587,5.284524,-0.098948,0.851519,-0.071444,0.509921,-2.268981,87.364403,22.578323,-0.009106,0.858760,-0.060649,0.508694,1.296291,51.200985,30.874876,-0.039521,0.791478,0.047964,0.608030,-0.882453,4.259336,36.239826,-0.042241,0.936172,0.040794,0.346603,-14.010684,0.736973,-5.045496,-0.039521,0.791478,0.047964,0.608030,12.562794,0.190142,32.674988
1069,8.908333,-0.014674,0.849348,0.030312,0.526759,-6.212526,87.425758,14.634598,-0.075371,0.831118,0.125325,0.536522,-6.625872,94.678810,14.896530,-0.035567,0.833983,0.097588,0.541927,-9.884724,106.687752,16.495367,0.022136,0.856473,-0.062548,0.511911,-12.360429,121.359764,18.358168,0.033392,0.867310,-0.157709,0.470942,-9.409584,134.749832,16.367414,-0.035500,0.756408,0.228147,0.611993,-13.912485,115.859520,14.874961,0.249495,-0.287280,0.220156,-0.898195,-18.238995,119.787804,-1.532364,0.266357,0.433430,-0.432385,-0.744470,0.198743,106.325912,-11.680872,0.370702,0.482560,-0.305171,-0.732521,5.038313,123.233246,-3.658210,-0.150265,0.869320,0.162691,0.441855,-11.004569,115.530182,21.333609,0.326872,0.888117,0.162587,-0.279228,-1.174960,117.576408,35.565334,-0.128970,0.278932,0.503787,-0.807318,14.573849,105.339516,20.518808,0.001223,0.103775,0.475135,-0.873771,7.820855,123.092178,14.093639,0.075209,0.851451,0.057483,0.515821,-10.154218,87.487885,6.694025,0.077501,0.896097,-0.097350,0.426059,-12.717599,50.882076,0.153332,-0.042158,0.936160,0.040988,0.346622,-23.210598,5.049297,5.281824,-0.099052,0.851526,-0.071448,0.509890,-2.270835,87.363632,22.575171,-0.009080,0.858765,-0.060651,0.508686,1.301111,51.201797,30.875755,-0.041336,0.791416,0.046993,0.608066,-0.879779,4.260120,36.239628,-0.042158,0.936160,0.040988,0.346622,-14.007774,0.735860,-5.049844,-0.041336,0.791416,0.046993,0.608066,12.573724,0.200437,32.695141
1070,8.916667,-0.014734,0.849345,0.030412,0.526756,-6.218657,87.426407,14.632795,-0.075393,0.831249,0.124956,0.536403,-6.633514,94.679344,14.895502,-0.035474,0.834115,0.097873,0.541677,-9.885638,106.682777,16.485960,0.022242,0.856507,-0.063103,0.511781,-12.363071,121.353317,18.358061,0.033179,0.867314,-0.157344,0.471072,-9.402540,134.739471,16.355366,-0.035417,0.756481,0.228187,0.611894,-13.916145,115.854630,14.872850,0.249469,-0.287208,0.220027,-0.898257,-18.247112,119.785072,-1.532777,0.266300,0.433570,-0.432399,-0.744400,0.195530,106.329552,-11.680795,0.370582,0.482696,-0.305049,-0.732543,5.030046,123.237137,-3.654239,-0.150703,0.869148,0.162706,0.442037,-11.004304,115.522423,21.329582,0.326810,0.888151,0.162510,-0.279237,-1.184915,117.579742,35.566757,-0.128993,0.278906,0.503728,-0.807360,14.565637,105.344048,20.521090,0.001304,0.103773,0.475000,-0.873845,7.809590,123.095993,14.096379,0.075163,0.851466,0.057511,0.515800,-10.160366,87.488564,6.692235,0.077460,0.896103,-0.097349,0.426055,-12.719949,50.882484,0.151601,-0.042161,0.936180,0.040990,0.346567,-23.209351,5.049059,5.281693,-0.099209,0.851462,-0.071266,0.509992,-2.276948,87.364250,22.573359,-0.009027,0.858803,-0.060788,0.508606,1.310831,51.202793,30.868744,-0.041205,0.791466,0.047101,0.608001,-0.880428,4.262596,36.241322,-0.042161,0.936180,0.040990,0.346567,-14.007690,0.735678,-5.051032,-0.041205,0.791466,0.047101,0.608001,12.572116,0.203051,32.693054
1071,8.925000,-0.014710,0.849306,0.030478,0.526815,-6.225768,87.426254,14.632320,-0.075315,0.831086,0.125336,0.536576,-6.640849,94.679138,14.896001,-0.035756,0.833928,0.097609,0.541995,-9.898607,106.687462,16.495506,0.022381,0.856315,-0.063309,0.512069,-12.379508,121.358955,18.355534,0.033088,0.867213,-0.157333,0.471267,-9.411942,134.743362,16.351610,-0.035447,0.756314,0.228456,0.611997,-13.929036,115.857674,14.872850,0.249504,-0.287167,0.220138,-0.898233,-18.255505,119.794106,-1.532526,0.266456,0.433560,-0.432237,-0.744445,0.185895,106.333908,-11.676610,0.370819,0.482559,-0.305045,-0.732514,5.025896,123.239120,-3.650995,-0.150439,0.869255,0.162845,0.441866,-11.022359,115.530273,21.332153,0.326699,0.888209,0.162284,-0.279315,-1.194941,117.579010,35.565029,-0.129304,0.278951,0.503654,-0.807341,14.557070,105.344788,20.519691,0.001191,0.103968,0.474805,-0.873928,7.798501,123.099014,14.099106,0.075092,0.851481,0.057603,0.515775,-10.166389,87.489433,6.691227,0.077482,0.896076,-0.097385,0.426100,-12.718105,50.883339,0.147592,-0.042153,0.936161,0.040898,0.346632,-23.211050,5.050910,5.279305,-0.099274,0.851448,-0.071177,0.510015,-2.285147,87.363068,22.573414,-0.009060,0.858789,-0.060804,0.508629,1.309939,51.201630,30.865717,-0.041084,0.791459,0.047207,0.608010,-0.879586,4.261675,36.241131,-0.042153,0.936161,0.040898,0.346632,-14.008270,0.735117,-5.051416,-0.041084,0.791459,0.047207,0.608010,12.572718,0.202417,32.691620
1072,8.933333,-0.014711,0.849267,0.030540,0.526875,-6.232733,87.426979,14.632135,-0.075383,0.831083,0.125330,0.536574,-6.648324,94.679817,14.896530,-0.035808,0.833938,0.097673,0.541964,-9.907544,106.688454,16.495071,0.022303,0.856337,-0.063147,0.512056,-12.390738,121.359459,18.355923,0.033109,0.867198,-0.157547,0.471222,-9.427250,134.745148,16.354538,-0.035475,0.756222,0.228445,0.612114,-13.939566,115.858063,14.873071,0.249465,-0.287123,0.220147,-0.898255,-18.260992,119.794556,-1.533625,0.266521,0.433631,-0.432301,-0.744343,0.181445,106.334778,-11.676372,0.370961,0.482856,-0.305092,-0.732227,5.017027,123.242332,-3.652013,-0.150460,0.869249,0.162888,0.441855,-11.032465,115.530861,21.332193,0.326796,0.888170,0.161904,-0.279545,-1.204909,117.579590,35.564983,-0.129699,0.279065,0.503871,-0.807103,14.537501,105.338226,20.515392,0.001104,0.104035,0.474670,-0.873993,7.788914,123.103157,14.101644,0.075035,0.851449,0.057745,0.515820,-10.172235,87.490753,6.690490,0.077451,0.896134,-0.097455,0.425968,-12.714479,50.885246,0.139888,-0.042225,0.936169,0.040760,0.346618,-23.206827,5.053651,5.280264,-0.099332,0.851387,-0.071027,0.510127,-2.293230,87.363205,22.573780,-0.009080,0.858632,-0.060913,0.508879,1.310177,51.201023,30.859211,-0.040037,0.791577,0.047245,0.607923,-0.884480,4.262361,36.243782,-0.042225,0.936169,0.040760,0.346618,-14.004025,0.735017,-5.049255,-0.040037,0.791577,0.047245,0.607923,12.559896,0.186087,32.683746
1073,8.941667,-0.014271,0.849137,0.030436,0.527101,-6.255942,87.420639,14.629795,-0.075100,0.831025,0.125236,0.536725,-6.665374,94.673752,14.896176,-0.035933,0.833852,0.097679,0.542088,-9.920795,106.695152,16.497572,0.022439,0.856219,-0.063372,0.512220,-12.407472,121.365845,18.356163,0.033013,0.867101,-0.157573,0.471399,-9.437172,134.749680,16.352415,-0.035512,0.756136,0.228407,0.612231,-13.954088,115.863823,14.873356,0.249616,-0.287013,0.220148,-0.898248,-18.270435,119.799568,-1.534854,0.266495,0.433744,-0.432335,-0.744266,0.175147,106.339050,-11.670884,0.370702,0.482886,-0.305372,-0.732222,5.005926,123.247528,-3.644239,-0.150633,0.869266,0.163136,0.441671,-11.049021,115.537811,21.333452,0.326698,0.888271,0.161854,-0.279369,-1.217618,117.589104,35.563213,-0.129659,0.279062,0.503695,-0.807220,14.532908,105.348335,20.521650,0.001141,0.104074,0.474794,-0.873921,7.777176,123.109497,14.104965,0.074855,0.851370,0.057890,0.515960,-10.191438,87.490227,6.686214,0.077386,0.895776,-0.097648,0.426687,-12.715636,50.883953,0.132894,-0.042242,0.936147,0.040782,0.346672,-23.214296,5.054977,5.283731,-0.099751,0.851247,-0.070726,0.510319,-2.320446,87.351059,22.573376,-0.009052,0.858694,-0.060931,0.508774,1.318915,51.191925,30.856386,-0.041421,0.791448,0.047190,0.608002,-0.878262,4.253432,36.241383,-0.042242,0.936147,0.040782,0.346672,-14.010118,0.737108,-5.044876,-0.041421,0.791448,0.047190,0.608002,12.576238,0.199529,32.694088
1074,8.950000,-0.014424,0.849143,0.030724,0.527071,-6.260403,87.426254,14.628841,-0.075002,0.831110,0.124943,0.536675,-6.673921,94.679054,14.897617,-0.035887,0.833907,0.097920,0.541962,-9.919945,106.690048,16.492901,0.022186,0.856241,-0.063291,0.512204,-12.409069,121.359428,18.358574,0.032854,0.867029,-0.157606,0.471531,-9.445838,134.744553,16.353016,-0.035581,0.756215,0.228529,0.612085,-13.955595,115.858589,14.873844,0.249280,-0.286926,0.220114,-0.898378,-18.277987,119.793846,-1.532891,0.266277,0.433785,-0.432487,-0.744233,0.170839,106.339333,-11.671001,0.370700,0.482972,-0.305474,-0.732124,4.995722,123.250267,-3.640789,-0.150944,0.869116,0.163032,0.441899,-11.048545,115.530380,21.332941,0.326605,0.888264,0.162166,-0.279318,-1.227422,117.590591,35.568504,-0.129571,0.278919,0.503665,-0.807302,14.527596,105.358017,20.524971,0.001287,0.104127,0.474875,-0.873870,7.767692,123.117485,14.110338,0.074752,0.851448,0.057957,0.515839,-10.196380,87.496216,6.685501,0.077450,0.895849,-0.097646,0.426523,-12.712415,50.889378,0.132211,-0.042100,0.936143,0.040689,0.346711,-23.215456,5.061298,5.282092,-0.099763,0.851278,-0.070669,0.510274,-2.324425,87.356300,22.572180,-0.009072,0.858548,-0.061017,0.509009,1.318354,51.196743,30.851847,-0.041128,0.791449,0.047340,0.608010,-0.882817,4.259276,36.244164,-0.042100,0.936143,0.040689,0.346711,-14.011966,0.739645,-5.045546,-0.041128,0.791449,0.047340,0.608010,12.570444,0.203694,32.694088
1075,8.958333,-0.014435,0.849097,0.030829,0.527138,-6.266994,87.426422,14.627568,-0.075078,0.830978,0.125214,0.536806,-6.681474,94.679115,14.897529,-0.036100,0.833771,0.097829,0.542174,-9.935967,106.699516,16.498302,0.022034,0.856092,-0.063572,0.512425,-12.429413,121.368965,18.357595,0.032890,0.866874,-0.157626,0.471807,-9.465094,134.752731,16.344616,-0.035639,0.756115,0.228449,0.612234,-13.972789,115.866592,14.873898,0.249420,-0.286741,0.220219,-0.898373,-18.288685,119.799934,-1.535004,0.266446,0.433752,-0.432626,-0.744111,0.163138,106.341064,-11.661870,0.370792,0.483026,-0.305538,-0.732015,4.984323,123.255798,-3.639208,-0.150811,0.869234,0.163246,0.441633,-11.069211,115.541252,21.334700,0.326560,0.888343,0.162146,-0.279130,-1.238512,117.596306,35.564404,-0.129740,0.278923,0.503569,-0.807334,14.523199,105.362610,20.528793,0.001270,0.104299,0.474598,-0.874001,7.759061,123.122551,14.116198,0.074719,0.851380,0.057981,0.515952,-10.201708,87.497253,6.683612,0.077418,0.895875,-0.097689,0.426463,-12.713882,50.890255,0.129741,-0.042321,0.936149,0.040622,0.346676,-23.215603,5.062509,5.285284,-0.099899,0.851253,-0.070565,0.510303,-2.332278,87.355598,22.571526,-0.009062,0.858486,-0.061040,0.509110,1.322804,51.196968,30.849859,-0.041208,0.791439,0.047359,0.608017,-0.880949,4.259748,36.243240,-0.042321,0.936149,0.040622,0.346676,-14.010990,0.741334,-5.041553,-0.041208,0.791439,0.047359,0.608017,12.573019,0.205944,32.693817
1076,8.966667,-0.014466,0.849072,0.031021,0.527167,-6.273822,87.429489,14.625645,-0.075123,0.830938,0.125176,0.536870,-6.690160,94.681999,14.897717,-0.036149,0.833720,0.097912,0.542234,-9.945350,106.702957,16.496914,0.021953,0.856034,-0.063590,0.512523,-12.441492,121.371826,18.357248,0.032744,0.866801,-0.157692,0.471929,-9.478477,134.755737,16.343212,-0.035615,0.756152,0.228379,0.612217,-13.983412,115.869545,14.872766,0.249596,-0.286652,0.220207,-0.898355,-18.300119,119.801842,-1.536173,0.266613,0.433822,-0.432525,-0.744068,0.154500,106.342293,-11.657027,0.370991,0.483056,-0.305849,-0.731765,4.976563,123.256706,-3.634955,-0.150838,0.869220,0.163391,0.441597,-11.080812,115.544037,21.333998,0.326399,0.888430,0.162211,-0.279003,-1.249300,117.597786,35.563324,-0.129836,0.278873,0.503440,-0.807416,14.521168,105.369690,20.532358,0.001296,0.104289,0.474390,-0.874114,7.750674,123.128128,14.121678,0.074617,0.851361,0.058050,0.515991,-10.207989,87.501663,6.681429,0.077442,0.895840,-0.097751,0.426518,-12.710732,50.894131,0.126973,-0.042204,0.936144,0.040579,0.346709,-23.217249,5.067879,5.286042,-0.099926,0.851071,-0.070373,0.510629,-2.339656,87.357315,22.569860,-0.009169,0.858210,-0.061036,0.509575,1.321336,51.197060,30.838451,-0.040803,0.791244,0.047920,0.608253,-0.876471,4.259980,36.235497,-0.042204,0.936144,0.040579,0.346709,-14.013115,0.744412,-5.040264,-0.040803,0.791244,0.047920,0.608253,12.579499,0.211682,32.687386
1077,8.975000,-0.014510,0.849047,0.031097,0.527201,-6.280115,87.429802,14.625751,-0.075149,0.830895,0.125295,0.536905,-6.697588,94.682220,14.898403,-0.036269,0.833677,0.097899,0.542294,-9.955592,106.704651,16.499838,0.021831,0.855989,-0.063763,0.512582,-12.454652,121.373329,18.357708,0.032650,0.866758,-0.157703,0.472010,-9.491879,134.756470,16.338297,-0.035645,0.756096,0.228384,0.612281,-13.995002,115.870285,14.873727,0.249731,-0.286598,0.220233,-0.898328,-18.308878,119.802498,-1.535982,0.266656,0.433810,-0.432693,-0.743962,0.146726,106.340813,-11.652220,0.370987,0.483070,-0.305990,-0.731699,4.963431,123.258354,-3.634931,-0.150863,0.869228,0.163443,0.441554,-11.093446,115.546204,21.335501,0.326303,0.888494,0.162126,-0.278962,-1.260850,117.600204,35.564049,-0.129974,0.278939,0.503361,-0.807420,14.513925,105.373825,20.536201,0.001204,0.104347,0.474376,-0.874116,7.741704,123.131691,14.125690,0.074584,0.851327,0.058135,0.516043,-10.213615,87.502052,6.681204,0.077439,0.895758,-0.097815,0.426677,-12.710611,50.894894,0.122428,-0.042132,0.936126,0.040565,0.346767,-23.220316,5.069783,5.285132,-0.100067,0.851119,-0.070231,0.510540,-2.346616,87.357559,22.570301,-0.009091,0.858431,-0.061092,0.509196,1.329543,51.197922,30.834898,-0.040383,0.791191,0.048345,0.608317,-0.874878,4.261342,36.233620,-0.042132,0.936126,0.040565,0.346767,-14.015624,0.745282,-5.040242,-0.040383,0.791191,0.048345,0.608317,12.580826,0.215291,32.681911
1078,8.983333,-0.014488,0.849019,0.031163,0.527244,-6.288698,87.430481,14.624971,-0.075130,0.830876,0.125348,0.536925,-6.706417,94.682846,14.898584,-0.036254,0.833670,0.097833,0.542319,-9.963996,106.702164,16.500898,0.021928,0.855905,-0.063984,0.512691,-12.461682,121.371254,18.357323,0.032211,0.866705,-0.157532,0.472196,-9.493233,134.752670,16.334791,-0.035597,0.756119,0.228325,0.612278,-14.002407,115.868057,14.873758,0.249842,-0.286555,0.220154,-0.898330,-18.316551,119.800201,-1.535897,0.266682,0.433885,-0.432768,-0.743866,0.142023,106.340981,-11.649983,0.371070,0.483082,-0.306156,-0.731579,4.953797,123.260544,-3.633232,-0.150873,0.869116,0.163199,0.441861,-11.101211,115.544258,21.335707,0.326158,0.888577,0.162135,-0.278862,-1.278185,117.599960,35.570614,-0.130115,0.279205,0.503304,-0.807341,14.504087,105.377983,20.547060,0.001108,0.104514,0.474242,-0.874168,7.735761,123.134819,14.131582,0.074467,0.851446,0.058268,0.515848,-10.221422,87.503700,6.680049,0.077444,0.895760,-0.097866,0.426660,-12.707388,50.896393,0.117930,-0.042267,0.936130,0.040446,0.346755,-23.219421,5.072302,5.284920,-0.100125,0.851085,-0.070132,0.510598,-2.355974,87.357254,22.569893,-0.009160,0.858295,-0.061127,0.509420,1.327094,51.197456,30.830679,-0.040959,0.791209,0.047722,0.608304,-0.874793,4.261410,36.235046,-0.042267,0.936130,0.040446,0.346755,-14.014014,0.746080,-5.039095,-0.040959,0.791209,0.047722,0.608304,12.581751,0.211418,32.691032
1079,8.991667,-0.014076,0.848970,0.031054,0.527341,-6.309247,87.435936,14.623957,-0.074935,0.830897,0.125193,0.536956,-6.721082,94.688576,14.899351,-0.036329,0.833668,0.097905,0.542303,-9.970272,106.700943,16.499908,0.021802,0.855969,-0.063671,0.512628,-12.470934,121.369461,18.356922,0.032087,0.866781,-0.157758,0.471990,-9.509943,134.753281,16.339468,-0.035626,0.756156,0.228392,0.612206,-14.010584,115.866074,14.873174,0.249900,-0.286483,0.220105,-0.898349,-18.327711,119.798294,-1.535678,0.266674,0.433838,-0.432825,-0.743863,0.134021,106.341156,-11.646770,0.370983,0.483187,-0.306486,-0.731415,4.945623,123.262383,-3.631564,-0.150997,0.869050,0.163226,0.441939,-11.109222,115.542625,21.335068,0.326067,0.888634,0.162082,-0.278817,-1.289901,117.600906,35.572159,-0.130259,0.279281,0.503242,-0.807331,14.496599,105.380943,20.551403,0.000994,0.104581,0.474270,-0.874145,7.727169,123.138275,14.135912,0.074256,0.851303,0.058317,0.516109,-10.240363,87.514427,6.678288,0.077429,0.895790,-0.097787,0.426618,-12.709117,50.905193,0.120386,-0.042101,0.936163,0.040300,0.346703,-23.216522,5.079412,5.281829,-0.100388,0.850967,-0.069852,0.510782,-2.378131,87.357452,22.569626,-0.009275,0.858473,-0.061307,0.509097,1.330442,51.198650,30.823374,-0.040879,0.791398,0.047724,0.608063,-0.868802,4.264885,36.248634,-0.042101,0.936163,0.040300,0.346703,-14.014159,0.747709,-5.042605,-0.040879,0.791398,0.047724,0.608063,12.585071,0.213525,32.696045
1080,9.000000,-0.014163,0.848950,0.031232,0.527359,-6.313202,87.436508,14.622540,-0.075022,0.830931,0.125113,0.536910,-6.727483,94.688950,14.899442,-0.036300,0.833722,0.098002,0.542205,-9.977262,106.701195,16.497318,0.021555,0.855933,-0.063980,0.512660,-12.478554,121.369209,18.357512,0.031800,0.866675,-0.157533,0.472277,-9.518941,134.751770,16.329641,-0.035613,0.756195,0.228357,0.612172,-14.018620,115.866318,14.873150,0.249935,-0.286427,0.220152,-0.898346,-18.337234,119.797791,-1.535486,0.266733,0.433916,-0.432878,-0.743766,0.125052,106.338776,-11.643072,0.371154,0.483063,-0.306370,-0.731459,4.932046,123.260704,-3.629252,-0.151135,0.869016,0.163338,0.441916,-11.115724,115.541931,21.334307,0.325935,0.888708,0.162144,-0.278698,-1.297152,117.602600,35.571568,-0.130390,0.279216,0.503089,-0.807427,14.496943,105.387177,20.555105,0.000936,0.104700,0.474089,-0.874229,7.719850,123.142769,14.142455,0.074232,0.851279,0.058408,0.516142,-10.243936,87.515350,6.676687,0.077400,0.895653,-0.097920,0.426881,-12.707336,50.906647,0.113816,-0.041949,0.936167,0.040279,0.346712,-23.219042,5.082899,5.284582,-0.100458,0.850987,-0.069800,0.510743,-2.382468,87.357674,22.568394,-0.009251,0.858510,-0.061324,0.509034,1.332859,51.199375,30.821318,-0.040884,0.791320,0.047766,0.608160,-0.868736,4.265761,36.246948,-0.041949,0.936167,0.040279,0.346712,-14.017948,0.749119,-5.040112,-0.040884,0.791320,0.047766,0.608160,12.586233,0.215436,32.697342
1081,9.008333,-0.014220,0.848880,0.031276,0.527468,-6.320963,87.439125,14.621910,-0.074858,0.830929,0.125026,0.536956,-6.736317,94.691505,14.898870,-0.036494,0.833674,0.098345,0.542203,-9.983116,106.710365,16.497765,0.021716,0.855859,-0.064449,0.512718,-12.494801,121.375931,18.363234,0.031445,0.866642,-0.157478,0.472381,-9.524755,134.754944,16.327194,-0.035717,0.756196,0.228287,0.612191,-14.030793,115.873253,14.876740,0.249995,-0.286392,0.220213,-0.898325,-18.348347,119.800652,-1.533152,0.266840,0.433801,-0.432896,-0.743784,0.113598,106.338676,-11.637430,0.371314,0.482937,-0.306372,-0.731460,4.923658,123.261429,-3.628857,-0.151072,0.869054,0.163356,0.441857,-11.128073,115.548515,21.337955,0.325826,0.888789,0.162059,-0.278620,-1.307009,117.607536,35.573738,-0.130460,0.279237,0.502899,-0.807527,14.492819,105.393829,20.561903,0.000760,0.104862,0.474379,-0.874053,7.708289,123.146805,14.147636,0.074196,0.851275,0.058478,0.516146,-10.249633,87.517609,6.675033,0.077366,0.895461,-0.098021,0.427265,-12.708073,50.909126,0.109097,-0.042159,0.936076,0.040419,0.346917,-23.223209,5.086774,5.285185,-0.100608,0.850927,-0.069608,0.510840,-2.392293,87.360641,22.568789,-0.009253,0.858631,-0.061462,0.508812,1.338898,51.202614,30.815691,-0.040718,0.791261,0.047998,0.608230,-0.867761,4.270610,36.253109,-0.042159,0.936076,0.040419,0.346917,-14.015349,0.758885,-5.035945,-0.040718,0.791261,0.047998,0.608230,12.587802,0.222574,32.703144
1082,9.016667,-0.014316,0.848829,0.031437,0.527538,-6.327392,87.439873,14.622158,-0.075010,0.830916,0.125031,0.536953,-6.745186,94.692062,14.900334,-0.036387,0.833706,0.098356,0.542159,-9.995463,106.711319,16.497381,0.021804,0.855872,-0.064552,0.512681,-12.504549,121.377052,18.365011,0.031039,0.866697,-0.157429,0.472323,-9.531169,134.755127,16.327658,-0.035659,0.756194,0.228218,0.612222,-14.041883,115.875053,14.878029,0.250035,-0.286352,0.220255,-0.898317,-18.358263,119.802765,-1.532102,0.266896,0.433822,-0.432901,-0.743749,0.103907,106.338951,-11.633505,0.371378,0.482962,-0.306452,-0.731378,4.913152,123.262581,-3.625849,-0.151103,0.869080,0.163420,0.441771,-11.138368,115.549049,21.338827,0.325724,0.888852,0.162102,-0.278512,-1.314970,117.608665,35.572914,-0.130606,0.279248,0.502784,-0.807571,14.491185,105.398163,20.565130,0.000647,0.104985,0.474196,-0.874137,7.702241,123.150101,14.152325,0.074133,0.851249,0.058603,0.516184,-10.254691,87.518471,6.674604,0.077427,0.895594,-0.098211,0.426933,-12.704001,50.910378,0.103105,-0.042141,0.936090,0.040313,0.346893,-23.229862,5.092442,5.296480,-0.100692,0.850888,-0.069466,0.510906,-2.400092,87.361267,22.569712,-0.009289,0.858663,-0.061477,0.508756,1.341226,51.203026,30.811092,-0.040955,0.791369,0.047771,0.608092,-0.862900,4.271257,36.251595,-0.042141,0.936090,0.040313,0.346893,-14.022948,0.761613,-5.024259,-0.040955,0.791369,0.047771,0.608092,12.591988,0.222231,32.700203
1083,9.025000,-0.014371,0.848780,0.031442,0.527615,-6.335340,87.442955,14.623380,-0.075128,0.830900,0.125127,0.536940,-6.753870,94.695114,14.901146,-0.036286,0.833737,0.098370,0.542115,-10.007671,106.712700,16.498508,0.021908,0.855859,-0.064690,0.512680,-12.514360,121.378578,18.368254,0.030622,0.866705,-0.157455,0.472327,-9.536659,134.755417,16.329193,-0.035687,0.756175,0.228135,0.612274,-14.052945,115.877235,14.880795,0.250130,-0.286305,0.220276,-0.898300,-18.367014,119.802856,-1.530439,0.266885,0.433886,-0.433074,-0.743614,0.096025,106.337479,-11.628174,0.371173,0.483208,-0.306553,-0.731277,4.897184,123.263809,-3.622778,-0.151154,0.869082,0.163349,0.441777,-11.148659,115.550003,21.341183,0.325672,0.888904,0.162085,-0.278417,-1.325997,117.612228,35.575397,-0.130656,0.279330,0.502732,-0.807567,14.484519,105.402222,20.571817,0.000581,0.104994,0.474193,-0.874138,7.695484,123.152901,14.157340,0.074072,0.851268,0.058647,0.516155,-10.261181,87.520821,6.675098,0.077433,0.895559,-0.098208,0.427004,-12.705149,50.912430,0.103232,-0.042092,0.936085,0.040250,0.346920,-23.231802,5.094513,5.295236,-0.100834,0.850922,-0.069319,0.510843,-2.409498,87.365082,22.571663,-0.009216,0.858737,-0.061496,0.508630,1.347008,51.207447,30.808783,-0.041189,0.791234,0.047400,0.608281,-0.863164,4.275775,36.247643,-0.042092,0.936085,0.040250,0.346920,-14.024899,0.761598,-5.024638,-0.041189,0.791234,0.047400,0.608281,12.593201,0.222602,32.706581
1084,9.033333,-0.014383,0.848711,0.031544,0.527719,-6.344977,87.441841,14.620690,-0.074974,0.830864,0.125143,0.537013,-6.764480,94.693909,14.899571,-0.036291,0.833694,0.098336,0.542188,-10.015599,106.712547,16.499163,0.021825,0.855786,-0.065042,0.512761,-12.522018,121.378616,18.367786,0.030185,0.866686,-0.157177,0.472482,-9.541101,134.753387,16.319908,-0.035647,0.756265,0.228096,0.612180,-14.060227,115.877167,14.880323,0.250255,-0.286292,0.220247,-0.898276,-18.378414,119.802155,-1.529978,0.266953,0.433886,-0.433043,-0.743608,0.085628,106.336716,-11.625786,0.371174,0.483201,-0.306598,-0.731262,4.887649,123.262619,-3.621558,-0.151195,0.869075,0.163368,0.441770,-11.157062,115.550125,21.341223,0.325749,0.888905,0.162071,-0.278332,-1.334607,117.613289,35.575439,-0.130644,0.279322,0.502777,-0.807544,14.475769,105.398956,20.575233,0.000671,0.105000,0.474138,-0.874167,7.687268,123.153214,14.160241,0.074011,0.851227,0.058729,0.516222,-10.268854,87.520546,6.671448,0.077395,0.895533,-0.098273,0.427053,-12.705304,50.912212,0.096497,-0.042028,0.936092,0.040280,0.346905,-23.231556,5.094945,5.294959,-0.101023,0.851030,-0.069180,0.510644,-2.421100,87.363129,22.569933,-0.009128,0.858912,-0.061636,0.508318,1.354511,51.206909,30.804529,-0.040768,0.791283,0.047711,0.608221,-0.867546,4.276720,36.251305,-0.042028,0.936092,0.040280,0.346905,-14.025505,0.762147,-5.025725,-0.040768,0.791283,0.047711,0.608221,12.586874,0.223217,32.703255
1085,9.041667,-0.014388,0.848692,0.031601,0.527747,-6.351943,87.443153,14.619165,-0.075074,0.830873,0.125264,0.536958,-6.771948,94.695168,14.898692,-0.036377,0.833736,0.098258,0.542131,-10.026436,106.712082,16.499504,0.021911,0.855792,-0.065083,0.512742,-12.533632,121.378410,18.364954,0.029878,0.866731,-0.157102,0.472444,-9.550209,134.752670,16.317265,-0.035618,0.756239,0.228115,0.612207,-14.071876,115.876045,14.878972,0.250326,-0.286175,0.220303,-0.898280,-18.388983,119.802452,-1.531272,0.267004,0.433812,-0.433150,-0.743571,0.077182,106.334938,-11.620422,0.371098,0.483207,-0.306639,-0.731280,4.878247,123.263908,-3.620692,-0.151436,0.869056,0.163563,0.441652,-11.167933,115.550735,21.339609,0.325670,0.889017,0.161696,-0.278284,-1.344402,117.618752,35.572380,-0.130781,0.279421,0.502625,-0.807582,14.469862,105.400490,20.579464,0.000587,0.105067,0.474310,-0.874066,7.677228,123.153259,14.162591,0.073915,0.851253,0.058786,0.516187,-10.275295,87.522346,6.669670,0.077394,0.895562,-0.098261,0.426994,-12.703727,50.913441,0.094908,-0.042125,0.936103,0.040128,0.346882,-23.229116,5.095935,5.293043,-0.101143,0.851127,-0.069051,0.510475,-2.428592,87.363968,22.568661,-0.009045,0.858983,-0.061677,0.508196,1.361153,51.208218,30.798864,-0.040598,0.791154,0.047786,0.608394,-0.868865,4.278359,36.245312,-0.042125,0.936103,0.040128,0.346882,-14.023044,0.760175,-5.026374,-0.040598,0.791154,0.047786,0.608394,12.586263,0.223623,32.701355
1086,9.050000,-0.014387,0.848634,0.031619,0.527839,-6.361569,87.442322,14.618644,-0.075052,0.830886,0.125239,0.536946,-6.781734,94.694313,14.898361,-0.036407,0.833763,0.098306,0.542080,-10.035994,106.713570,16.499287,0.022041,0.855810,-0.065057,0.512710,-12.544589,121.379555,18.365583,0.029368,0.866815,-0.157085,0.472328,-9.558630,134.753586,16.320156,-0.035594,0.756251,0.228058,0.612215,-14.082621,115.877151,14.879563,0.250385,-0.286123,0.220314,-0.898278,-18.399437,119.803009,-1.530886,0.267052,0.433841,-0.433157,-0.743532,0.067994,106.334831,-11.616854,0.371162,0.483164,-0.306701,-0.731249,4.867876,123.264481,-3.617785,-0.151470,0.869075,0.163650,0.441571,-11.177913,115.551903,21.339859,0.325617,0.889074,0.161656,-0.278189,-1.352237,117.620178,35.571110,-0.130849,0.279468,0.502558,-0.807596,14.466421,105.402039,20.582729,0.000586,0.105110,0.474132,-0.874157,7.672184,123.153893,14.165166,0.073836,0.851265,0.058916,0.516164,-10.283205,87.521759,6.668304,0.077401,0.895506,-0.098340,0.427092,-12.701832,50.913143,0.088396,-0.042162,0.936083,0.040103,0.346934,-23.231459,5.097213,5.291768,-0.101379,0.851284,-0.068835,0.510196,-2.439933,87.362877,22.568983,-0.008912,0.859214,-0.061840,0.507788,1.375645,51.208485,30.793184,-0.040351,0.791197,0.047976,0.608340,-0.870430,4.280308,36.247463,-0.042162,0.936083,0.040103,0.346934,-14.023969,0.761230,-5.026290,-0.040351,0.791197,0.047976,0.608340,12.583426,0.225560,32.698700
1087,9.058333,-0.014472,0.848607,0.031770,0.527870,-6.366847,87.444641,14.616706,-0.075038,0.830879,0.125275,0.536950,-6.789226,94.696465,14.897614,-0.036380,0.833765,0.098330,0.542073,-10.043647,106.715408,16.499434,0.021940,0.855794,-0.065224,0.512720,-12.551936,121.381310,18.366795,0.029035,0.866819,-0.156940,0.472390,-9.565978,134.754532,16.316158,-0.035714,0.756259,0.228137,0.612169,-14.090141,115.879181,14.880424,0.250362,-0.286029,0.220251,-0.898330,-18.408644,119.803192,-1.530030,0.267005,0.433955,-0.433281,-0.743411,0.062861,106.338791,-11.613575,0.371389,0.482874,-0.306659,-0.731344,4.855303,123.272339,-3.612821,-0.151464,0.869090,0.163626,0.441552,-11.185306,115.553429,21.340641,0.325439,0.889179,0.161314,-0.278261,-1.358983,117.622078,35.571396,-0.131005,0.279512,0.502441,-0.807628,14.463450,105.405975,20.585344,0.000660,0.105128,0.474281,-0.874074,7.665074,123.157677,14.168152,0.073805,0.851273,0.058909,0.516156,-10.287860,87.524239,6.666059,0.077373,0.895535,-0.098331,0.427039,-12.704844,50.915207,0.087816,-0.042118,0.936079,0.040122,0.346947,-23.231516,5.098706,5.292201,-0.101592,0.851320,-0.068727,0.510108,-2.445833,87.365036,22.567352,-0.008713,0.859480,-0.061792,0.507345,1.388089,51.212753,30.792290,-0.040147,0.790948,0.048184,0.608661,-0.869028,4.283681,36.234318,-0.042118,0.936079,0.040122,0.346947,-14.024115,0.762771,-5.025960,-0.040147,0.790948,0.048184,0.608661,12.587253,0.230061,32.693455
1088,9.066667,-0.014566,0.848563,0.031873,0.527933,-6.372722,87.446175,14.613883,-0.074963,0.830884,0.125344,0.536936,-6.797073,94.697861,14.895312,-0.036461,0.833771,0.098429,0.542041,-10.050986,106.717209,16.499714,0.022000,0.855778,-0.065303,0.512733,-12.562829,121.382355,18.368275,0.028668,0.866837,-0.156881,0.472399,-9.574338,134.754883,16.316736,-0.035686,0.756281,0.228123,0.612148,-14.099844,115.880081,14.881581,0.250341,-0.286005,0.220260,-0.898341,-18.419283,119.804359,-1.528567,0.267006,0.433833,-0.433247,-0.743501,0.052686,106.339981,-11.611298,0.371281,0.483064,-0.307003,-0.731128,4.849842,123.271034,-3.613039,-0.151472,0.869116,0.163697,0.441471,-11.194597,115.554596,21.341625,0.325364,0.889215,0.161409,-0.278176,-1.365866,117.623009,35.570751,-0.130987,0.279438,0.502384,-0.807693,14.461376,105.410240,20.587040,0.000755,0.105048,0.474089,-0.874188,7.658949,123.161003,14.170819,0.073806,0.851221,0.058930,0.516239,-10.292510,87.525375,6.662627,0.077325,0.895427,-0.098407,0.427255,-12.708062,50.916542,0.082745,-0.041981,0.936042,0.040154,0.347061,-23.234940,5.100748,5.292960,-0.101799,0.851377,-0.068542,0.509997,-2.452935,87.366966,22.565138,-0.008608,0.859671,-0.062069,0.506990,1.402174,51.215935,30.785688,-0.040000,0.791099,0.048163,0.608475,-0.874572,4.289931,36.245960,-0.041981,0.936042,0.040154,0.347061,-14.026245,0.764336,-5.023850,-0.040000,0.791099,0.048163,0.608475,12.578943,0.233334,32.698002
1089,9.075000,-0.014667,0.848565,0.031973,0.527921,-6.378205,87.449394,14.611691,-0.074989,0.830901,0.125434,0.536886,-6.804564,94.700943,14.893574,-0.036526,0.833797,0.098471,0.541989,-10.059683,106.718079,16.499435,0.022144,0.855732,-0.065453,0.512785,-12.573716,121.382835,18.368128,0.028148,0.866830,-0.156699,0.472504,-9.579606,134.753937,16.315477,-0.035660,0.756295,0.228154,0.612120,-14.110199,115.880287,14.881643,0.250244,-0.285817,0.220255,-0.898429,-18.430899,119.805672,-1.527904,0.266955,0.433819,-0.433441,-0.743414,0.046547,106.344292,-11.604589,0.371454,0.482752,-0.306917,-0.731283,4.838038,123.279762,-3.608710,-0.151585,0.869128,0.163814,0.441366,-11.204226,115.555321,21.341387,0.325352,0.889228,0.161471,-0.278111,-1.373468,117.626022,35.568779,-0.130963,0.279390,0.502341,-0.807740,14.455954,105.413910,20.586843,0.000672,0.104986,0.474255,-0.874105,7.650693,123.163780,14.170898,0.073743,0.851212,0.058981,0.516258,-10.298170,87.528000,6.660517,0.077280,0.895425,-0.098434,0.427262,-12.707678,50.918926,0.079762,-0.042076,0.936085,0.040031,0.346948,-23.231869,5.102974,5.293993,-0.101911,0.851478,-0.068506,0.509810,-2.458241,87.370796,22.562864,-0.008419,0.859491,-0.061737,0.507340,1.407076,51.221085,30.784458,-0.039890,0.790481,0.048272,0.609276,-0.871260,4.290891,36.207947,-0.042076,0.936085,0.040031,0.346948,-14.025058,0.764263,-5.023529,-0.039890,0.790481,0.048272,0.609276,12.589046,0.234871,32.685177
1090,9.083333,-0.014704,0.848546,0.032024,0.527947,-6.384206,87.449348,14.608616,-0.074939,0.830889,0.125574,0.536879,-6.811426,94.700836,14.890825,-0.036520,0.833797,0.098459,0.541992,-10.067287,106.717094,16.500240,0.022038,0.855723,-0.065562,0.512790,-12.580976,121.381927,18.368721,0.027816,0.866855,-0.156509,0.472540,-9.587814,134.752625,16.312092,-0.035641,0.756317,0.228189,0.612083,-14.117578,115.879379,14.882308,0.250290,-0.285729,0.220143,-0.898471,-18.439934,119.805672,-1.526584,0.266882,0.433630,-0.433471,-0.743534,0.042500,106.349289,-11.600808,0.371146,0.482784,-0.307241,-0.731282,4.839883,123.286201,-3.606595,-0.151653,0.869155,0.163843,0.441279,-11.211635,115.554428,21.342066,0.325320,0.889250,0.161420,-0.278111,-1.378912,117.627357,35.567772,-0.130976,0.279386,0.502300,-0.807764,14.451567,105.415642,20.586645,0.000641,0.104911,0.474190,-0.874149,7.644533,123.164894,14.170581,0.073667,0.851183,0.059092,0.516302,-10.303655,87.527885,6.657187,0.077283,0.895423,-0.098502,0.427249,-12.703699,50.918949,0.072210,-0.041881,0.936099,0.040064,0.346929,-23.230787,5.104309,5.292132,-0.102112,0.851457,-0.068269,0.509836,-2.464757,87.370811,22.560043,-0.008424,0.859786,-0.062033,0.506802,1.422033,51.221745,30.774338,-0.039403,0.790711,0.048588,0.608985,-0.866794,4.295024,36.223419,-0.041881,0.936099,0.040064,0.346929,-14.026110,0.764473,-5.026816,-0.039403,0.790711,0.048588,0.608985,12.589123,0.237668,32.685463
1091,9.091667,-0.014686,0.848519,0.032016,0.527991,-6.393795,87.448555,14.606751,-0.074995,0.830899,0.125696,0.536827,-6.820752,94.700058,14.888988,-0.036373,0.833868,0.098210,0.541937,-10.077764,106.709740,16.499586,0.021967,0.855754,-0.065423,0.512759,-12.583637,121.376373,18.364515,0.027468,0.866904,-0.156346,0.472523,-9.594160,134.748215,16.309919,-0.035583,0.756364,0.228300,0.611986,-14.123672,115.873650,14.879879,0.250324,-0.285747,0.220116,-0.898463,-18.450285,119.803001,-1.527157,0.266824,0.433536,-0.433529,-0.743575,0.032230,106.347252,-11.602061,0.370880,0.482880,-0.307279,-0.731338,4.830017,123.281792,-3.610823,-0.151840,0.869105,0.163838,0.441314,-11.216734,115.548981,21.339205,0.325148,0.889312,0.161352,-0.278153,-1.387081,117.627190,35.566265,-0.131093,0.279396,0.502137,-0.807843,14.447811,105.421486,20.584894,0.000559,0.104983,0.473877,-0.874311,7.634974,123.166977,14.169645,0.073603,0.851152,0.059179,0.516353,-10.312435,87.527321,6.654927,0.077242,0.895437,-0.098509,0.427227,-12.704651,50.918449,0.066765,-0.041825,0.936111,0.040080,0.346902,-23.228434,5.103335,5.289192,-0.102303,0.851508,-0.068052,0.509742,-2.475154,87.369789,22.558577,-0.008222,0.859652,-0.062022,0.507036,1.432851,51.221432,30.765921,-0.039477,0.790414,0.048449,0.609377,-0.873340,4.294258,36.203785,-0.041825,0.936111,0.040080,0.346902,-14.024824,0.763314,-5.030635,-0.039477,0.790414,0.048449,0.609377,12.585836,0.235124,32.680290
1092,9.100000,-0.014712,0.848536,0.032031,0.527962,-6.400282,87.449692,14.603054,-0.075037,0.830940,0.125820,0.536729,-6.827652,94.701172,14.885293,-0.036440,0.833929,0.098254,0.541831,-10.087067,106.710243,16.498262,0.021731,0.855789,-0.065145,0.512747,-12.595089,121.376465,18.363497,0.027337,0.866867,-0.156422,0.472575,-9.614969,134.750854,16.311861,-0.035585,0.756337,0.228333,0.612007,-14.134968,115.873405,14.879325,0.250416,-0.285725,0.220013,-0.898470,-18.460676,119.803619,-1.527746,0.266831,0.433533,-0.433516,-0.743582,0.024731,106.351379,-11.602028,0.370899,0.482816,-0.307443,-0.731301,4.823323,123.286804,-3.610247,-0.151985,0.869094,0.164047,0.441208,-11.226465,115.549377,21.337978,0.325069,0.889351,0.161248,-0.278180,-1.395090,117.629311,35.563599,-0.131103,0.279415,0.502059,-0.807884,14.441631,105.425262,20.582811,0.000413,0.104765,0.473938,-0.874304,7.626431,123.168327,14.166604,0.073560,0.851164,0.059171,0.516341,-10.319448,87.528206,6.651486,0.077177,0.895390,-0.098510,0.427337,-12.709364,50.918789,0.065514,-0.041899,0.936125,0.040039,0.346860,-23.228380,5.102757,5.289418,-0.102484,0.851678,-0.067860,0.509447,-2.481116,87.371185,22.554625,-0.008224,0.859900,-0.062320,0.506578,1.448461,51.223637,30.755222,-0.039483,0.790662,0.048270,0.609068,-0.868954,4.299974,36.218529,-0.041899,0.936125,0.040039,0.346860,-14.025119,0.762389,-5.030570,-0.039483,0.790662,0.048270,0.609068,12.586680,0.236974,32.685959
1093,9.108333,-0.014821,0.848563,0.032100,0.527911,-6.403246,87.450943,14.599922,-0.075099,0.830949,0.125946,0.536677,-6.832483,94.702309,14.882194,-0.036476,0.833946,0.098342,0.541786,-10.094978,106.711220,16.497185,0.021659,0.855817,-0.065072,0.512713,-12.605227,121.376846,18.364126,0.027145,0.866904,-0.156387,0.472529,-9.627903,134.751923,16.312965,-0.035633,0.756321,0.228354,0.612015,-14.144529,115.873886,14.879547,0.250320,-0.285694,0.219892,-0.898536,-18.469769,119.803360,-1.527821,0.266683,0.433461,-0.433648,-0.743600,0.019196,106.357574,-11.604209,0.370645,0.482954,-0.307442,-0.731339,4.815574,123.293159,-3.613417,-0.151858,0.869171,0.164051,0.441099,-11.235373,115.549683,21.337894,0.324911,0.889374,0.161186,-0.278328,-1.399291,117.626747,35.560673,-0.131231,0.279267,0.501997,-0.807953,14.438423,105.429665,20.575272,0.000419,0.104691,0.474030,-0.874263,7.617139,123.173393,14.165127,0.073542,0.851158,0.059278,0.516341,-10.323305,87.528412,6.648786,0.077196,0.895526,-0.098567,0.427035,-12.707967,50.919746,0.056704,-0.041883,0.936138,0.039933,0.346840,-23.229023,5.105033,5.288144,-0.102608,0.851752,-0.067697,0.509321,-2.483186,87.373474,22.551060,-0.008044,0.859770,-0.062353,0.506796,1.461677,51.226189,30.745449,-0.039439,0.790432,0.048126,0.609381,-0.873346,4.302636,36.202194,-0.041883,0.936138,0.039933,0.346840,-14.026608,0.761767,-5.031380,-0.039439,0.790432,0.048126,0.609381,12.583998,0.235725,32.680679
1094,9.116667,-0.014876,0.848594,0.032238,0.527852,-6.409607,87.452293,14.594862,-0.075027,0.830983,0.125994,0.536623,-6.840554,94.703506,14.878437,-0.036524,0.833966,0.098472,0.541729,-10.101827,106.711426,16.495491,0.021548,0.855857,-0.064812,0.512684,-12.615232,121.376183,18.365005,0.027003,0.866922,-0.156503,0.472465,-9.644195,134.753311,16.318083,-0.035701,0.756252,0.228467,0.612056,-14.153673,115.873405,14.879748,0.250291,-0.285707,0.219753,-0.898574,-18.477032,119.803932,-1.527868,0.266572,0.433468,-0.433683,-0.743616,0.014608,106.364227,-11.607461,0.370588,0.482921,-0.307564,-0.731339,4.809765,123.299835,-3.614467,-0.151762,0.869204,0.164158,0.441028,-11.243692,115.548859,21.337709,0.324668,0.889417,0.161231,-0.278445,-1.404412,117.621933,35.558861,-0.131342,0.279083,0.501871,-0.808076,14.437932,105.436531,20.568850,0.000392,0.104568,0.474109,-0.874235,7.607195,123.179626,14.164577,0.073453,0.851185,0.059300,0.516306,-10.330746,87.530182,6.644259,0.077161,0.895606,-0.098564,0.426873,-12.709160,50.920738,0.054282,-0.041696,0.936156,0.040022,0.346803,-23.226257,5.105477,5.288875,-0.102755,0.851695,-0.067426,0.509423,-2.488469,87.374405,22.545464,-0.008138,0.859772,-0.062676,0.506752,1.475018,51.226624,30.728695,-0.039468,0.790674,0.047925,0.609081,-0.867590,4.307034,36.216198,-0.041696,0.936156,0.040022,0.346803,-14.026159,0.762586,-5.032873,-0.039468,0.790674,0.047925,0.609081,12.586337,0.236157,32.686203
1095,9.125000,-0.014871,0.848611,0.032227,0.527825,-6.420115,87.454391,14.590766,-0.074869,0.831021,0.126026,0.536579,-6.850913,94.705620,14.874260,-0.036572,0.833981,0.098599,0.541679,-10.108730,106.711937,16.494040,0.021800,0.855857,-0.064643,0.512694,-12.625262,121.375832,18.366087,0.026645,0.866971,-0.156487,0.472402,-9.650655,134.753311,16.326656,-0.035711,0.756334,0.228552,0.611921,-14.162807,115.873253,14.880127,0.250411,-0.285739,0.219463,-0.898601,-18.491863,119.804123,-1.525901,0.266461,0.433307,-0.433695,-0.743742,0.005241,106.375038,-11.609601,0.370093,0.483151,-0.307692,-0.731384,4.805597,123.310539,-3.616943,-0.151778,0.869234,0.164271,0.440921,-11.252109,115.548370,21.337744,0.324454,0.889471,0.161218,-0.278532,-1.409722,117.620979,35.556812,-0.131508,0.279013,0.501731,-0.808160,14.437148,105.444740,20.564138,0.000237,0.104446,0.473851,-0.874389,7.599065,123.186897,14.163655,0.073429,0.851199,0.059301,0.516287,-10.341766,87.532234,6.640418,0.077079,0.895559,-0.098590,0.426980,-12.718846,50.922531,0.051359,-0.041712,0.936104,0.039996,0.346945,-23.230696,5.106556,5.290218,-0.102933,0.851648,-0.067202,0.509494,-2.498463,87.376549,22.541113,-0.008135,0.859792,-0.062847,0.506697,1.484155,51.229263,30.717224,-0.039385,0.790700,0.047856,0.609058,-0.866497,4.311705,36.218605,-0.041712,0.936104,0.039996,0.346945,-14.027423,0.763248,-5.028523,-0.039385,0.790700,0.047856,0.609058,12.586305,0.237883,32.687725
1096,9.133333,-0.014900,0.848661,0.032422,0.527732,-6.423944,87.453293,14.582929,-0.075511,0.831021,0.126316,0.536421,-6.856549,94.704323,14.868651,-0.036170,0.834128,0.098741,0.541453,-10.134191,106.717506,16.487638,0.021934,0.855926,-0.064611,0.512578,-12.642471,121.381439,18.370445,0.026462,0.866962,-0.156544,0.472409,-9.665595,134.758728,16.333036,-0.036056,0.756127,0.228550,0.612157,-14.184854,115.881790,14.882001,0.250308,-0.285723,0.219368,-0.898658,-18.502995,119.805679,-1.528580,0.266328,0.433341,-0.433704,-0.743765,-0.003368,106.381882,-11.614709,0.370078,0.482981,-0.307701,-0.731499,4.795088,123.314369,-3.619339,-0.151652,0.869394,0.164504,0.440561,-11.270274,115.551445,21.337595,0.324216,0.889557,0.161117,-0.278592,-1.415470,117.619576,35.548721,-0.131609,0.278804,0.501537,-0.808337,14.437453,105.451569,20.555744,0.000283,0.104290,0.473795,-0.874438,7.586516,123.191849,14.160806,0.073319,0.851244,0.059317,0.516227,-10.347313,87.532463,6.633438,0.077079,0.895716,-0.098566,0.426657,-12.717277,50.921703,0.047745,-0.041524,0.936142,0.040093,0.346851,-23.226244,5.105266,5.288374,-0.103040,0.851729,-0.067208,0.509337,-2.500575,87.374123,22.532419,-0.007951,0.859679,-0.062761,0.506903,1.490016,51.228535,30.712196,-0.039627,0.790385,0.047639,0.609469,-0.872773,4.309669,36.197227,-0.041524,0.936142,0.040093,0.346851,-14.026510,0.762483,-5.033752,-0.039627,0.790385,0.047639,0.609469,12.584242,0.235233,32.683136
1097,9.141667,-0.014968,0.848680,0.032530,0.527693,-6.426901,87.451569,14.577577,-0.075064,0.831023,0.126302,0.536483,-6.861159,94.702461,14.864129,-0.036550,0.834015,0.098821,0.541589,-10.127779,106.711174,16.487888,0.021737,0.855878,-0.064341,0.512700,-12.647134,121.373795,18.366022,0.026365,0.866962,-0.156442,0.472449,-9.678154,134.753448,16.332670,-0.036053,0.756211,0.228898,0.611924,-14.184197,115.872215,14.878291,0.250297,-0.285820,0.219037,-0.898711,-18.512280,119.801651,-1.528344,0.266109,0.433372,-0.433779,-0.743781,-0.008181,106.391075,-11.623853,0.369813,0.483095,-0.307737,-0.731543,4.786801,123.323181,-3.624181,-0.151779,0.869261,0.164367,0.440830,-11.272088,115.545509,21.335184,0.324039,0.889575,0.161236,-0.278674,-1.426913,117.617371,35.552441,-0.131584,0.278830,0.501456,-0.808382,14.429472,105.459305,20.555075,0.000237,0.104162,0.473514,-0.874605,7.576316,123.196587,14.158260,0.073279,0.851293,0.059392,0.516143,-10.350973,87.530693,6.628434,0.077039,0.895649,-0.098662,0.426784,-12.716176,50.920166,0.039703,-0.041712,0.936147,0.039988,0.346830,-23.226400,5.104959,5.288565,-0.103175,0.851725,-0.066998,0.509343,-2.502828,87.372437,22.526720,-0.008080,0.859844,-0.063364,0.506545,1.504230,51.226826,30.698311,-0.039141,0.791061,0.047713,0.608617,-0.874788,4.315355,36.239281,-0.041712,0.936147,0.039988,0.346830,-14.025648,0.761374,-5.032312,-0.039141,0.791061,0.047713,0.608617,12.571719,0.234203,32.692921
1098,9.150000,-0.015117,0.848724,0.032637,0.527612,-6.426091,87.449036,14.573209,-0.075663,0.831084,0.126532,0.536250,-6.862979,94.699768,14.859974,-0.036283,0.834218,0.098912,0.541277,-10.146819,106.712997,16.482227,0.021487,0.855962,-0.064601,0.512537,-12.660276,121.375671,18.367941,0.026450,0.866892,-0.156229,0.472643,-9.694063,134.754364,16.324211,-0.036244,0.755999,0.228997,0.612138,-14.201776,115.875862,14.879351,0.250252,-0.285931,0.218887,-0.898725,-18.520264,119.804344,-1.530039,0.265922,0.433367,-0.433801,-0.743838,-0.016034,106.399628,-11.633091,0.369528,0.483204,-0.307849,-0.731568,4.778197,123.329437,-3.630020,-0.151745,0.869329,0.164538,0.440646,-11.284609,115.545845,21.333792,0.323913,0.889608,0.161098,-0.278792,-1.433401,117.615425,35.547195,-0.131767,0.278838,0.501306,-0.808443,14.423755,105.461395,20.547365,-0.000053,0.104204,0.473325,-0.874703,7.564617,123.197403,14.152405,0.073438,0.851202,0.059523,0.516255,-10.351588,87.526871,6.624757,0.076865,0.895416,-0.098865,0.427257,-12.720807,50.919224,0.021438,-0.041749,0.936147,0.039922,0.346831,-23.227175,5.105260,5.288856,-0.103104,0.851784,-0.067082,0.509249,-2.500594,87.371208,22.521662,-0.007969,0.859648,-0.062972,0.506928,1.499699,51.225334,30.695408,-0.039263,0.790441,0.047711,0.609414,-0.871952,4.309020,36.198341,-0.041749,0.936147,0.039922,0.346831,-14.026213,0.760345,-5.031275,-0.039263,0.790441,0.047711,0.609414,12.582387,0.229961,32.679382
1099,9.158333,-0.015050,0.848795,0.032707,0.527495,-6.432792,87.448502,14.565974,-0.075652,0.831121,0.126681,0.536160,-6.869356,94.699196,14.854175,-0.036324,0.834258,0.098899,0.541215,-10.153973,106.708611,16.479570,0.020879,0.856014,-0.064340,0.512508,-12.668097,121.371269,18.364450,0.026672,0.866830,-0.156122,0.472779,-9.719718,134.753479,16.317963,-0.036423,0.755937,0.229352,0.612071,-14.209731,115.871094,14.876517,0.250165,-0.285938,0.218656,-0.898803,-18.530622,119.801949,-1.531669,0.265688,0.433327,-0.433946,-0.743861,-0.021547,106.407906,-11.639981,0.369235,0.483299,-0.307982,-0.731597,4.769213,123.337982,-3.635211,-0.151807,0.869329,0.164676,0.440572,-11.291649,115.541771,21.330580,0.323725,0.889650,0.161072,-0.278893,-1.438832,117.611542,35.542843,-0.131843,0.278770,0.501148,-0.808552,14.421597,105.465660,20.539881,-0.000148,0.104102,0.472960,-0.874913,7.554163,123.200371,14.146200,0.073365,0.851218,0.059558,0.516235,-10.360514,87.527901,6.618638,0.076858,0.895619,-0.098846,0.426836,-12.723909,50.919769,0.015911,-0.041633,0.936157,0.039917,0.346819,-23.226479,5.105364,5.287009,-0.103091,0.851649,-0.066916,0.509499,-2.505069,87.369102,22.513311,-0.008228,0.859626,-0.063248,0.506927,1.498405,51.221371,30.677254,-0.039549,0.790732,0.047340,0.609047,-0.865447,4.308745,36.214931,-0.041633,0.936157,0.039917,0.346819,-14.026880,0.759143,-5.033784,-0.039549,0.790732,0.047340,0.609047,12.585844,0.226343,32.688213
1100,9.166667,-0.015144,0.848853,0.032786,0.527394,-6.434376,87.446915,14.560354,-0.075670,0.831158,0.126737,0.536086,-6.872676,94.697495,14.848855,-0.036384,0.834280,0.099113,0.541137,-10.158338,106.706795,16.475481,0.021142,0.856030,-0.064191,0.512489,-12.677252,121.368050,18.364910,0.026421,0.866887,-0.156054,0.472711,-9.724901,134.750458,16.325468,-0.036477,0.755964,0.229415,0.612010,-14.217528,115.868332,14.875664,0.249965,-0.285992,0.218394,-0.898905,-18.540874,119.798599,-1.532014,0.265465,0.433289,-0.434084,-0.743881,-0.027615,106.417397,-11.649666,0.369143,0.483474,-0.307991,-0.731524,4.759602,123.347160,-3.643563,-0.151893,0.869339,0.164803,0.440475,-11.298311,115.538193,21.329168,0.323527,0.889688,0.161051,-0.279014,-1.443452,117.609238,35.539825,-0.131832,0.278635,0.500986,-0.808700,14.420009,105.472229,20.532883,-0.000185,0.103945,0.472981,-0.874920,7.542873,123.204277,14.140670,0.073375,0.851268,0.059641,0.516142,-10.363944,87.525558,6.613923,0.076763,0.895460,-0.098967,0.427158,-12.725493,50.918282,0.005835,-0.041743,0.936143,0.039894,0.346846,-23.226780,5.104759,5.287160,-0.103193,0.851755,-0.066873,0.509306,-2.504808,87.368271,22.506786,-0.008218,0.859751,-0.063622,0.506669,1.508546,51.221691,30.670971,-0.039385,0.791128,0.047327,0.608544,-0.872409,4.313540,36.239113,-0.041743,0.936143,0.039894,0.346846,-14.025617,0.759065,-5.032460,-0.039385,0.791128,0.047327,0.608544,12.573254,0.228029,32.694572
1101,9.175000,-0.015161,0.848919,0.032864,0.527282,-6.437307,87.445877,14.553902,-0.075749,0.831196,0.126899,0.535978,-6.876368,94.696381,14.843299,-0.036498,0.834323,0.099245,0.541039,-10.165880,106.705429,16.472725,0.020766,0.856054,-0.064136,0.512472,-12.689548,121.365654,18.363831,0.026660,0.866807,-0.155909,0.472893,-9.746729,134.749527,16.320244,-0.036557,0.755958,0.229630,0.611932,-14.228587,115.865662,14.874443,0.250038,-0.286107,0.218098,-0.898920,-18.555046,119.797791,-1.531971,0.265305,0.433268,-0.434144,-0.743916,-0.038637,106.427231,-11.657933,0.368932,0.483477,-0.308036,-0.731610,4.747231,123.356094,-3.649931,-0.152030,0.869366,0.165082,0.440271,-11.307988,115.536034,21.327349,0.323357,0.889727,0.160962,-0.279138,-1.448305,117.608276,35.534485,-0.131851,0.278406,0.500806,-0.808888,14.417203,105.477966,20.524296,-0.000212,0.103841,0.473192,-0.874818,7.527403,123.207703,14.136593,0.073337,0.851358,0.059674,0.515994,-10.368961,87.524925,6.608506,0.076756,0.895409,-0.099034,0.427252,-12.727961,50.917519,0.000208,-0.041747,0.936112,0.039903,0.346929,-23.231846,5.105144,5.286320,-0.103140,0.851683,-0.066861,0.509438,-2.505653,87.366829,22.499296,-0.008324,0.859666,-0.063669,0.506805,1.503628,51.219307,30.661335,-0.039630,0.791081,0.047179,0.608601,-0.871780,4.311883,36.237953,-0.041747,0.936112,0.039903,0.346929,-14.028814,0.759793,-5.031777,-0.039630,0.791081,0.047179,0.608601,12.575372,0.227287,32.698013
1102,9.183333,-0.015224,0.848971,0.032975,0.527191,-6.436956,87.444756,14.547411,-0.075905,0.831213,0.127155,0.535868,-6.877610,94.695122,14.837737,-0.036525,0.834375,0.099349,0.540938,-10.173958,106.703636,16.470892,0.020636,0.856081,-0.064045,0.512443,-12.699731,121.363190,18.364439,0.026706,0.866779,-0.155809,0.472975,-9.761287,134.748032,16.320942,-0.036648,0.755978,0.229763,0.611853,-14.238614,115.863373,14.874701,0.250129,-0.286235,0.217781,-0.898931,-18.568241,119.795265,-1.530935,0.264996,0.433159,-0.434302,-0.743997,-0.048576,106.435928,-11.665771,0.368493,0.483243,-0.308214,-0.731911,4.735450,123.363838,-3.656287,-0.152123,0.869402,0.165189,0.440126,-11.316486,115.533424,21.326902,0.323233,0.889756,0.160797,-0.279283,-1.453347,117.607864,35.531322,-0.131898,0.278369,0.500705,-0.808955,14.412107,105.481430,20.517941,-0.000195,0.103768,0.472939,-0.874963,7.517447,123.209549,14.131101,0.073411,0.851416,0.059626,0.515894,-10.370283,87.523827,6.602842,0.076673,0.895588,-0.098966,0.426907,-12.736626,50.916809,-0.004956,-0.041692,0.936117,0.039982,0.346914,-23.228781,5.101955,5.282981,-0.103001,0.851717,-0.066998,0.509392,-2.503629,87.365685,22.491980,-0.008315,0.859390,-0.063247,0.507326,1.492120,51.217400,30.657282,-0.039530,0.790452,0.047589,0.609392,-0.867160,4.304892,36.197910,-0.041692,0.936117,0.039982,0.346914,-14.026403,0.758079,-5.036322,-0.039530,0.790452,0.047589,0.609392,12.588247,0.227675,32.680885
1103,9.191667,-0.015180,0.849014,0.032998,0.527121,-6.441621,87.441650,14.540419,-0.075882,0.831284,0.127186,0.535754,-6.881886,94.692017,14.831400,-0.036664,0.834436,0.099533,0.540801,-10.178382,106.702042,16.466166,0.020376,0.856183,-0.063778,0.512316,-12.710275,121.360184,18.362375,0.027051,0.866814,-0.155774,0.472901,-9.781999,134.747528,16.320671,-0.036857,0.756011,0.229928,0.611737,-14.247638,115.860138,14.872334,0.250050,-0.286340,0.217461,-0.898997,-18.581671,119.789085,-1.532838,0.264694,0.433068,-0.434435,-0.744081,-0.058076,106.443199,-11.678190,0.368202,0.483203,-0.308373,-0.732016,4.724552,123.370338,-3.666211,-0.152175,0.869409,0.165334,0.440040,-11.323559,115.530655,21.323671,0.323135,0.889758,0.160509,-0.279557,-1.458328,117.604980,35.526649,-0.132075,0.278333,0.500661,-0.808965,14.402647,105.481079,20.506512,-0.000337,0.103681,0.472943,-0.874972,7.505155,123.210526,14.123795,0.073321,0.851566,0.059700,0.515651,-10.376273,87.521538,6.596518,0.076635,0.895624,-0.099008,0.426828,-12.735963,50.914204,-0.011898,-0.041782,0.936142,0.040023,0.346830,-23.226135,5.099588,5.282009,-0.102968,0.851638,-0.066901,0.509544,-2.506968,87.361763,22.484320,-0.008456,0.859086,-0.063346,0.507825,1.488969,51.211990,30.642935,-0.039893,0.790467,0.047310,0.609371,-0.866892,4.300892,36.196980,-0.041782,0.936142,0.040023,0.346830,-14.024642,0.757600,-5.038877,-0.039893,0.790467,0.047310,0.609371,12.589487,0.223715,32.683651
1104,9.200000,-0.015096,0.849019,0.033020,0.527113,-6.448647,87.437859,14.531403,-0.075788,0.831360,0.127231,0.535639,-6.888055,94.688240,14.823309,-0.036714,0.834520,0.099678,0.540642,-10.183013,106.698502,16.460768,0.020631,0.856202,-0.063716,0.512282,-12.718121,121.355667,18.360231,0.026861,0.866835,-0.155602,0.472931,-9.784882,134.742661,16.323372,-0.036940,0.755988,0.230177,0.611667,-14.255270,115.855774,14.869860,0.250085,-0.286457,0.217260,-0.898999,-18.592054,119.787308,-1.533969,0.264471,0.433002,-0.434621,-0.744090,-0.067413,106.448509,-11.686712,0.367962,0.483158,-0.308606,-0.732069,4.711030,123.376320,-3.674837,-0.152264,0.869398,0.165475,0.439977,-11.328796,115.526031,21.320099,0.322973,0.889790,0.160309,-0.279757,-1.462591,117.601189,35.522278,-0.132070,0.278175,0.500555,-0.809087,14.398034,105.482780,20.497326,-0.000127,0.103514,0.472691,-0.875127,7.492671,123.210487,14.117654,0.073265,0.851623,0.059715,0.515563,-10.383480,87.519218,6.587605,0.076584,0.895711,-0.099010,0.426654,-12.739706,50.911404,-0.019380,-0.041818,0.936112,0.040020,0.346906,-23.224634,5.096084,5.278826,-0.102982,0.851542,-0.066904,0.509701,-2.513813,87.356506,22.475199,-0.008571,0.859132,-0.063395,0.507740,1.481407,51.206993,30.635292,-0.039788,0.790511,0.047490,0.609307,-0.866855,4.296666,36.199009,-0.041818,0.936112,0.040020,0.346906,-14.021164,0.754451,-5.040445,-0.039788,0.790511,0.047490,0.609307,12.589131,0.221681,32.681637
1105,9.208333,-0.015642,0.849182,0.033299,0.526818,-6.432484,87.443527,14.525537,-0.076294,0.831348,0.127687,0.535477,-6.880657,94.693390,14.816845,-0.036693,0.834562,0.099780,0.540559,-10.190533,106.694290,16.456665,0.020337,0.856303,-0.063252,0.512183,-12.726564,121.350899,18.359232,0.027161,0.866864,-0.155692,0.472830,-9.806916,134.741776,16.328346,-0.036978,0.756032,0.230298,0.611565,-14.263908,115.851501,14.868180,0.250349,-0.286667,0.216946,-0.898934,-18.604935,119.783745,-1.534350,0.264367,0.432940,-0.434713,-0.744109,-0.079505,106.453346,-11.696682,0.367767,0.483106,-0.308739,-0.732145,4.697887,123.381760,-3.685467,-0.152349,0.869430,0.165600,0.439838,-11.336151,115.520859,21.317791,0.322934,0.889774,0.160210,-0.279909,-1.466586,117.597649,35.517399,-0.132099,0.278113,0.500513,-0.809129,14.391029,105.481064,20.487816,-0.000113,0.103461,0.472286,-0.875352,7.482362,123.208916,14.109813,0.073493,0.851637,0.059765,0.515501,-10.372546,87.519043,6.584276,0.076470,0.895609,-0.099177,0.426850,-12.741725,50.914162,-0.034350,-0.041633,0.936130,0.039897,0.346894,-23.224844,5.100331,5.280249,-0.102567,0.851700,-0.067132,0.509490,-2.492421,87.368004,22.466799,-0.008724,0.859079,-0.063408,0.507825,1.470049,51.214409,30.624786,-0.039951,0.790525,0.047013,0.609315,-0.866992,4.304495,36.196690,-0.041633,0.936130,0.039897,0.346894,-14.023660,0.753645,-5.038931,-0.039951,0.790525,0.047013,0.609315,12.587831,0.221767,32.683857
1106,9.216667,-0.015641,0.849210,0.033415,0.526765,-6.434132,87.441727,14.516733,-0.076393,0.831376,0.127842,0.535382,-6.883163,94.691475,14.809505,-0.036775,0.834608,0.099985,0.540444,-10.197021,106.691269,16.451548,0.020257,0.856365,-0.063162,0.512094,-12.738135,121.346458,18.358198,0.027310,0.866900,-0.155550,0.472804,-9.821900,134.738159,16.327805,-0.037010,0.756001,0.230466,0.611537,-14.274238,115.847305,14.866211,0.250418,-0.286860,0.216705,-0.898911,-18.616373,119.782112,-1.535419,0.264206,0.432924,-0.434886,-0.744074,-0.091253,106.459366,-11.708354,0.367720,0.483061,-0.308780,-0.732181,4.680778,123.388992,-3.697402,-0.152373,0.869474,0.165676,0.439714,-11.344807,115.516243,21.315041,0.322769,0.889793,0.160011,-0.280153,-1.471700,117.593536,35.512115,-0.132250,0.277985,0.500485,-0.809165,14.384420,105.483162,20.475933,-0.000041,0.103249,0.472128,-0.875463,7.472140,123.210907,14.104909,0.073528,0.851599,0.059747,0.515561,-10.375179,87.518303,6.575969,0.076329,0.895592,-0.099105,0.426927,-12.746753,50.913639,-0.042982,-0.041723,0.936171,0.039982,0.346764,-23.215570,5.096406,5.270520,-0.102526,0.851755,-0.067243,0.509393,-2.493085,87.365143,22.457499,-0.008818,0.859043,-0.063404,0.507885,1.463435,51.212025,30.620459,-0.039830,0.790515,0.047127,0.609327,-0.866196,4.302225,36.196392,-0.041723,0.936171,0.039982,0.346764,-14.016170,0.752717,-5.051514,-0.039830,0.790515,0.047127,0.609327,12.588453,0.219950,32.682362
1107,9.225000,-0.015720,0.849249,0.033523,0.526693,-6.433244,87.440666,14.508902,-0.076531,0.831394,0.128055,0.535284,-6.884050,94.690277,14.802448,-0.036847,0.834651,0.100100,0.540352,-10.203438,106.688416,16.447372,0.020066,0.856397,-0.063025,0.512065,-12.747995,121.342758,18.355947,0.027506,0.866865,-0.155421,0.472898,-9.838188,134.735901,16.325838,-0.037080,0.756025,0.230598,0.611454,-14.283347,115.843544,14.863724,0.250440,-0.286975,0.216496,-0.898919,-18.628868,119.778618,-1.536945,0.264003,0.432869,-0.435061,-0.744076,-0.102532,106.463409,-11.717532,0.367617,0.482954,-0.309029,-0.732199,4.665653,123.394775,-3.706194,-0.152371,0.869512,0.165803,0.439593,-11.352576,115.512619,21.311951,0.322619,0.889792,0.159950,-0.280363,-1.475736,117.588821,35.506588,-0.132329,0.277772,0.500453,-0.809246,14.379353,105.485954,20.463284,0.000049,0.103045,0.472074,-0.875516,7.460930,123.214218,14.099630,0.073586,0.851651,0.059769,0.515465,-10.375600,87.517021,6.568784,0.076236,0.895384,-0.099222,0.427353,-12.750700,50.913193,-0.053532,-0.041819,0.936123,0.039982,0.346880,-23.218874,5.096814,5.268631,-0.102533,0.851807,-0.067403,0.509283,-2.490889,87.364304,22.449020,-0.008831,0.859125,-0.063385,0.507748,1.460994,51.212906,30.621868,-0.039707,0.790530,0.047332,0.609299,-0.865748,4.302889,36.197212,-0.041819,0.936123,0.039982,0.346880,-14.016047,0.754200,-5.050805,-0.039707,0.790530,0.047332,0.609299,12.588816,0.223041,32.680031
1108,9.233333,-0.016193,0.849246,0.033834,0.526663,-6.421234,87.435379,14.500231,-0.076701,0.831383,0.128283,0.535222,-6.880247,94.684464,14.793998,-0.036893,0.834666,0.100280,0.540292,-10.208046,106.687759,16.442455,0.019955,0.856459,-0.062763,0.511996,-12.756517,121.340919,18.354919,0.027678,0.866908,-0.155368,0.472828,-9.853147,134.736069,16.328899,-0.037116,0.756077,0.230783,0.611317,-14.290738,115.842117,14.861539,0.250495,-0.287166,0.216261,-0.898899,-18.641972,119.779015,-1.537177,0.263795,0.432699,-0.435166,-0.744187,-0.116038,106.471382,-11.728401,0.367299,0.482880,-0.309087,-0.732382,4.654394,123.402657,-3.717566,-0.152434,0.869547,0.165983,0.439433,-11.359087,115.510452,21.309328,0.322461,0.889814,0.159943,-0.280477,-1.478028,117.586914,35.500992,-0.132443,0.277622,0.500343,-0.809347,14.378938,105.491493,20.453661,0.000030,0.102961,0.471680,-0.875738,7.452904,123.218239,14.095594,0.073786,0.851771,0.059707,0.515245,-10.363883,87.507492,6.560220,0.076139,0.895376,-0.099331,0.427362,-12.755722,50.905312,-0.065153,-0.041936,0.936105,0.040208,0.346889,-23.220123,5.089587,5.269965,-0.102368,0.851801,-0.067624,0.509296,-2.478584,87.363258,22.440241,-0.008904,0.859048,-0.063343,0.507884,1.454308,51.211571,30.620947,-0.039958,0.790511,0.047130,0.609324,-0.865347,4.301172,36.196033,-0.041936,0.936105,0.040208,0.346889,-14.015457,0.753969,-5.050767,-0.039958,0.790511,0.047130,0.609324,12.590185,0.221136,32.682777
1109,9.241667,-0.016216,0.849237,0.033956,0.526669,-6.421693,87.432945,14.490766,-0.076415,0.831367,0.128461,0.535245,-6.881930,94.681900,14.785853,-0.037328,0.834577,0.100427,0.540373,-10.204852,106.680275,16.441116,0.019928,0.856422,-0.062628,0.512076,-12.766726,121.331581,18.349848,0.027803,0.866919,-0.155189,0.472859,-9.865591,134.727692,16.326969,-0.037033,0.756101,0.231050,0.611193,-14.295056,115.830742,14.857097,0.250597,-0.287372,0.215970,-0.898875,-18.651815,119.774483,-1.538512,0.263612,0.432723,-0.435267,-0.744179,-0.125502,106.476166,-11.741198,0.367341,0.482689,-0.309361,-0.732371,4.640819,123.407707,-3.727600,-0.152485,0.869590,0.166077,0.439295,-11.365112,115.502945,21.305859,0.322332,0.889797,0.159991,-0.280654,-1.480345,117.580536,35.494774,-0.132497,0.277390,0.500286,-0.809452,14.375834,105.493233,20.440105,-0.000097,0.102681,0.471765,-0.875725,7.442134,123.220146,14.088963,0.073727,0.851790,0.059700,0.515222,-10.364204,87.505852,6.550693,0.076141,0.895402,-0.099400,0.427292,-12.752800,50.902969,-0.071965,-0.041510,0.936112,0.040288,0.346912,-23.219713,5.088573,5.269639,-0.102334,0.851668,-0.067678,0.509519,-2.479181,87.360039,22.430838,-0.008998,0.859042,-0.063369,0.507889,1.447330,51.208366,30.614716,-0.039977,0.790526,0.047254,0.609293,-0.865948,4.298443,36.196472,-0.041510,0.936112,0.040288,0.346912,-14.018299,0.750723,-5.053056,-0.039977,0.790526,0.047254,0.609293,12.590067,0.221473,32.681499
1110,9.250000,-0.016159,0.849258,0.034090,0.526628,-6.426796,87.430374,14.480922,-0.076979,0.831461,0.128729,0.534954,-6.887333,94.679222,14.778113,-0.036911,0.834854,0.100521,0.539955,-10.227039,106.681503,16.433329,0.020101,0.856594,-0.062723,0.511771,-12.779042,121.333168,18.352476,0.027820,0.867006,-0.154977,0.472767,-9.873570,134.728149,16.328260,-0.037098,0.755991,0.230973,0.611354,-14.314100,115.834961,14.858529,0.250700,-0.287623,0.215860,-0.898792,-18.663824,119.776787,-1.539405,0.263534,0.432578,-0.435224,-0.744316,-0.142325,106.479683,-11.752413,0.367212,0.482617,-0.309488,-0.732429,4.630317,123.409561,-3.738932,-0.152608,0.869620,0.166246,0.439129,-11.377310,115.502235,21.303925,0.322182,0.889850,0.159829,-0.280750,-1.488771,117.582092,35.489880,-0.132525,0.277405,0.500192,-0.809501,14.369517,105.499092,20.433973,-0.000049,0.102558,0.471611,-0.875822,7.433300,123.221909,14.082718,0.073730,0.851808,0.059723,0.515189,-10.370113,87.505363,6.541268,0.076046,0.895426,-0.099462,0.427244,-12.758221,50.902714,-0.082857,-0.042046,0.936141,0.039984,0.346804,-23.219282,5.088112,5.268455,-0.102274,0.851529,-0.067668,0.509764,-2.483479,87.355385,22.420574,-0.009191,0.858839,-0.063409,0.508223,1.437325,51.202702,30.602705,-0.040109,0.790519,0.047334,0.609286,-0.864376,4.293585,36.196026,-0.042046,0.936141,0.039984,0.346804,-14.016006,0.747795,-5.051544,-0.040109,0.790519,0.047334,0.609286,12.592904,0.220625,32.681255
1111,9.258333,-0.016159,0.849255,0.034182,0.526628,-6.429595,87.427490,14.471044,-0.076833,0.831466,0.128718,0.534970,-6.890841,94.676247,14.769377,-0.036992,0.834825,0.100650,0.539970,-10.227314,106.678795,16.426277,0.019881,0.856658,-0.062411,0.511710,-12.783466,121.329514,18.347219,0.028020,0.867085,-0.154842,0.472654,-9.887650,134.727142,16.326769,-0.037065,0.756128,0.231166,0.611113,-14.316789,115.831352,14.852440,0.250699,-0.287779,0.215694,-0.898782,-18.676844,119.776024,-1.542060,0.263358,0.432561,-0.435262,-0.744366,-0.156280,106.484520,-11.764051,0.367105,0.482538,-0.309679,-0.732455,4.615914,123.414055,-3.747241,-0.152439,0.869639,0.166263,0.439142,-11.380323,115.498566,21.297979,0.322041,0.889825,0.159887,-0.280957,-1.490415,117.573074,35.483761,-0.132623,0.277185,0.500166,-0.809576,14.366611,105.499229,20.419189,-0.000110,0.102322,0.471507,-0.875906,7.424676,123.222244,14.076231,0.073642,0.851956,0.059850,0.514943,-10.372915,87.503342,6.531403,0.076062,0.895310,-0.099633,0.427444,-12.752522,50.900852,-0.096674,-0.041891,0.936083,0.040003,0.346978,-23.222893,5.089694,5.265878,-0.102308,0.851613,-0.067799,0.509599,-2.486276,87.351639,22.410685,-0.009201,0.859015,-0.063425,0.507924,1.433216,51.200794,30.601585,-0.040087,0.790541,0.047386,0.609256,-0.866442,4.291883,36.197464,-0.041891,0.936083,0.040003,0.346978,-14.017217,0.748406,-5.051567,-0.040087,0.790541,0.047386,0.609256,12.590673,0.219696,32.681187
1112,9.266667,-0.016194,0.849201,0.034242,0.526709,-6.432573,87.424545,14.461716,-0.075646,0.831437,0.128770,0.535171,-6.894731,94.673225,14.760483,-0.037961,0.834537,0.100570,0.540363,-10.201981,106.659317,16.431076,0.019659,0.856462,-0.062057,0.512089,-12.781939,121.308327,18.333023,0.028036,0.867023,-0.154448,0.472896,-9.894911,134.708908,16.319525,-0.036720,0.756456,0.231558,0.610579,-14.303085,115.804115,14.842468,0.250671,-0.288009,0.215236,-0.898826,-18.686754,119.761505,-1.542670,0.263039,0.432569,-0.435345,-0.744425,-0.162937,106.487633,-11.781666,0.366959,0.482441,-0.309782,-0.732548,4.606263,123.415756,-3.758901,-0.152700,0.869496,0.166281,0.439330,-11.373658,115.482689,21.291788,0.321937,0.889758,0.160137,-0.281146,-1.492251,117.562958,35.482647,-0.132634,0.277045,0.500040,-0.809700,14.362815,105.499817,20.407442,-0.000452,0.102305,0.471149,-0.876100,7.413204,123.219284,14.067677,0.073586,0.852022,0.059876,0.514838,-10.374353,87.500504,6.521309,0.076060,0.895470,-0.099663,0.427101,-12.750273,50.897633,-0.106003,-0.041963,0.936104,0.040008,0.346912,-23.219589,5.087009,5.263216,-0.102326,0.851584,-0.067850,0.509638,-2.490793,87.348587,22.402122,-0.009275,0.859168,-0.063454,0.507659,1.427451,51.198536,30.597094,-0.039877,0.790601,0.047586,0.609176,-0.865912,4.290107,36.199581,-0.041963,0.936104,0.040008,0.346912,-14.014658,0.746542,-5.055245,-0.039877,0.790601,0.047586,0.609176,12.590025,0.218730,32.677849
1113,9.275000,-0.016266,0.849222,0.034490,0.526658,-6.428738,87.423500,14.450685,-0.075794,0.831440,0.128978,0.535096,-6.893663,94.671898,14.751975,-0.037989,0.834572,0.100695,0.540284,-10.206923,106.657433,16.425251,0.019675,0.856471,-0.062015,0.512079,-12.789401,121.305634,18.330063,0.027989,0.867023,-0.154208,0.472978,-9.902607,134.706421,16.317707,-0.036698,0.756466,0.231690,0.610518,-14.310077,115.801689,14.838862,0.250670,-0.288171,0.215063,-0.898816,-18.696392,119.761948,-1.544873,0.262830,0.432503,-0.435432,-0.744487,-0.173523,106.493950,-11.793187,0.366739,0.482363,-0.309892,-0.732663,4.594646,123.420265,-3.769207,-0.152745,0.869531,0.166364,0.439213,-11.379478,115.479782,21.287622,0.321835,0.889761,0.160139,-0.281252,-1.494978,117.560997,35.476185,-0.132708,0.276880,0.499959,-0.809795,14.360406,105.503227,20.397013,-0.000516,0.102242,0.471139,-0.876113,7.403662,123.222336,14.062420,0.073626,0.852005,0.059857,0.514863,-10.371432,87.500641,6.510744,0.076005,0.895367,-0.099829,0.427288,-12.750344,50.898041,-0.116996,-0.041983,0.936101,0.039932,0.346927,-23.222727,5.089754,5.266149,-0.102266,0.851482,-0.067970,0.509804,-2.486043,87.346352,22.390625,-0.009363,0.859090,-0.063470,0.507787,1.422182,51.196594,30.591679,-0.040079,0.790590,0.047549,0.609180,-0.865658,4.288509,36.199356,-0.041983,0.936101,0.039932,0.346927,-14.017485,0.747532,-5.051295,-0.040079,0.790590,0.047549,0.609180,12.591542,0.219763,32.679409
1114,9.283333,-0.016305,0.849229,0.034715,0.526630,-6.430038,87.424339,14.443196,-0.076395,0.831499,0.129023,0.534908,-6.897158,94.672485,14.746978,-0.037557,0.834782,0.100884,0.539955,-10.225481,106.664131,16.414896,0.019845,0.856568,-0.062145,0.511895,-12.799456,121.312164,18.332434,0.027895,0.867031,-0.154000,0.473036,-9.907524,134.711624,16.318542,-0.036762,0.756461,0.231585,0.610560,-14.325765,115.811432,14.838642,0.250603,-0.288304,0.214986,-0.898811,-18.710146,119.768120,-1.546480,0.262722,0.432405,-0.435335,-0.744639,-0.189422,106.502937,-11.802335,0.366594,0.482307,-0.309880,-0.732778,4.584960,123.424934,-3.776429,-0.152574,0.869624,0.166529,0.439025,-11.389650,115.483543,21.284594,0.321665,0.889795,0.160193,-0.281309,-1.497575,117.558670,35.468777,-0.132784,0.276715,0.499852,-0.809905,14.361686,105.509140,20.387089,-0.000510,0.102183,0.471142,-0.876118,7.396951,123.227036,14.057580,0.073666,0.851854,0.059935,0.515098,-10.373237,87.502975,6.503520,0.075919,0.895311,-0.099994,0.427382,-12.749871,50.901508,-0.131300,-0.042033,0.936115,0.039800,0.346896,-23.222202,5.095124,5.268103,-0.102213,0.851405,-0.067853,0.509958,-2.486839,87.345703,22.382874,-0.009502,0.858863,-0.063554,0.508159,1.421143,51.193954,30.575254,-0.040607,0.790549,0.047009,0.609240,-0.861814,4.287127,36.195385,-0.042033,0.936115,0.039800,0.346896,-14.017479,0.749999,-5.048583,-0.040607,0.790549,0.047009,0.609240,12.596943,0.215512,32.684708
1115,9.291667,-0.016401,0.849235,0.034819,0.526610,-6.429808,87.424484,14.435868,-0.076002,0.831405,0.129123,0.535085,-6.898901,94.672485,14.740205,-0.037963,0.834557,0.100995,0.540253,-10.217142,106.651978,16.413004,0.019961,0.856492,-0.061791,0.512060,-12.803741,121.298409,18.325727,0.027799,0.867132,-0.153820,0.472915,-9.913449,134.699814,16.322453,-0.036641,0.756517,0.231905,0.610377,-14.323050,115.795876,14.831715,0.250445,-0.288415,0.214751,-0.898875,-18.715513,119.761024,-1.549192,0.262416,0.432498,-0.435441,-0.744631,-0.192979,106.506577,-11.815621,0.366452,0.482239,-0.309929,-0.732873,4.575226,123.429146,-3.782263,-0.152740,0.869614,0.166535,0.438986,-11.391940,115.471413,21.280115,0.321521,0.889792,0.160114,-0.281529,-1.500424,117.551628,35.463940,-0.133016,0.276633,0.499872,-0.809882,14.357278,105.509186,20.374949,-0.000495,0.102128,0.470851,-0.876281,7.391234,123.230232,14.052831,0.073674,0.851820,0.059966,0.515149,-10.373325,87.502632,6.496345,0.075844,0.895048,-0.100144,0.427912,-12.748839,50.901527,-0.140844,-0.041968,0.936095,0.039818,0.346957,-23.223978,5.096903,5.268054,-0.102231,0.851441,-0.067964,0.509880,-2.486291,87.346336,22.375389,-0.009495,0.859007,-0.063587,0.507911,1.419274,51.195992,30.575102,-0.040119,0.790540,0.047592,0.609239,-0.864298,4.289556,36.198250,-0.041968,0.936095,0.039818,0.346957,-14.018509,0.751624,-5.047901,-0.040119,0.790540,0.047592,0.609239,12.593922,0.222465,32.680286
1116,9.300000,-0.016322,0.849098,0.034586,0.526848,-6.436335,87.419617,14.427243,-0.075985,0.831407,0.129284,0.535046,-6.902753,94.667892,14.729188,-0.037981,0.834617,0.101148,0.540130,-10.223889,106.650772,16.406260,0.019921,0.856633,-0.061538,0.511856,-12.813121,121.296242,18.322853,0.027935,0.867299,-0.153768,0.472618,-9.927951,134.699371,16.323778,-0.036590,0.756512,0.231994,0.610352,-14.332211,115.794136,14.828078,0.250400,-0.288567,0.214616,-0.898871,-18.725870,119.762314,-1.551777,0.262224,0.432417,-0.435451,-0.744739,-0.204799,106.512711,-11.827113,0.366187,0.482221,-0.310003,-0.732986,4.565717,123.433243,-3.791209,-0.152701,0.869665,0.166636,0.438859,-11.399240,115.468895,21.275595,0.321494,0.889749,0.160366,-0.281552,-1.503442,117.547417,35.456680,-0.132959,0.276425,0.499891,-0.809951,14.354456,105.510620,20.363417,-0.000491,0.101940,0.470852,-0.876303,7.384591,123.231842,14.046279,0.073552,0.851826,0.060063,0.515146,-10.375440,87.496971,6.485523,0.075917,0.895144,-0.100290,0.427663,-12.739493,50.895393,-0.153159,-0.042037,0.936067,0.039892,0.347016,-23.225058,5.094582,5.267801,-0.102255,0.851364,-0.067868,0.510017,-2.497230,87.342262,22.368963,-0.009634,0.858942,-0.063663,0.508008,1.412243,51.191307,30.564148,-0.040120,0.790576,0.047807,0.609176,-0.864318,4.286039,36.199844,-0.042037,0.936067,0.039892,0.347016,-14.017466,0.751942,-5.047368,-0.040120,0.790576,0.047807,0.609176,12.594414,0.223682,32.678371
1117,9.308333,-0.016231,0.849059,0.034689,0.526908,-6.440864,87.417511,14.418119,-0.076588,0.831470,0.129390,0.534837,-6.906971,94.665733,14.721990,-0.037423,0.834876,0.101235,0.539753,-10.242594,106.649399,16.394325,0.019648,0.856817,-0.061494,0.511564,-12.818398,121.295609,18.323336,0.028108,0.867327,-0.153537,0.472630,-9.941157,134.699799,16.319908,-0.037135,0.755811,0.232560,0.610973,-14.345381,115.797020,14.826460,0.250343,-0.288815,0.214730,-0.898780,-18.711233,119.768799,-1.559949,0.261976,0.432681,-0.435640,-0.744563,-0.199775,106.512787,-11.844306,0.366022,0.482162,-0.309916,-0.733144,4.556400,123.437164,-3.800129,-0.152729,0.869704,0.166722,0.438740,-11.406042,115.465202,21.270739,0.321422,0.889759,0.160294,-0.281644,-1.506896,117.544136,35.449421,-0.133057,0.276384,0.499883,-0.809953,14.350726,105.510094,20.353682,-0.000472,0.101881,0.470689,-0.876397,7.379291,123.232910,14.039406,0.073448,0.851868,0.060138,0.515082,-10.378912,87.497238,6.475900,0.075931,0.895071,-0.100399,0.427788,-12.734035,50.895191,-0.163412,-0.042077,0.936084,0.039808,0.346974,-23.225843,5.096644,5.264593,-0.102361,0.851206,-0.067686,0.510283,-2.502815,87.337791,22.360338,-0.009819,0.859022,-0.064166,0.507806,1.417731,51.186615,30.549236,-0.040660,0.791183,0.047059,0.608409,-0.866622,4.287767,36.234985,-0.042077,0.936084,0.039808,0.346974,-14.019007,0.752219,-5.050495,-0.040660,0.791183,0.047059,0.608409,12.585476,0.218055,32.696709
1118,9.316667,-0.016114,0.849014,0.034722,0.526982,-6.447927,87.416145,14.408171,-0.076518,0.831481,0.129459,0.534813,-6.912877,94.664383,14.713317,-0.037406,0.834908,0.101273,0.539697,-10.247426,106.646072,16.387856,0.019528,0.856862,-0.061477,0.511495,-12.823290,121.292091,18.318239,0.028147,0.867381,-0.153247,0.472624,-9.949310,134.696716,16.313147,-0.036654,0.756394,0.232142,0.610438,-14.350623,115.793716,14.821182,0.250419,-0.288829,0.214392,-0.898835,-18.740454,119.764206,-1.559141,0.261974,0.432362,-0.435503,-0.744829,-0.222155,106.521515,-11.848353,0.365790,0.482259,-0.309970,-0.733173,4.548409,123.440079,-3.808957,-0.152792,0.869702,0.166870,0.438666,-11.410411,115.461502,21.265045,0.321513,0.889676,0.160606,-0.281622,-1.509669,117.540504,35.442612,-0.132942,0.276175,0.499975,-0.809987,14.345634,105.507935,20.343235,-0.000471,0.101695,0.470718,-0.876403,7.373334,123.231712,14.033690,0.073355,0.851791,0.060139,0.515222,-10.384649,87.498009,6.465313,0.075938,0.895113,-0.100443,0.427688,-12.732733,50.894958,-0.170913,-0.042036,0.936064,0.039789,0.347036,-23.226261,5.097353,5.261703,-0.102380,0.851230,-0.067813,0.510223,-2.511204,87.334290,22.351030,-0.009784,0.858970,-0.063777,0.507944,1.406170,51.184677,30.548365,-0.040814,0.790658,0.047116,0.609076,-0.863242,4.281053,36.200581,-0.042036,0.936064,0.039789,0.347036,-14.018499,0.752079,-5.052209,-0.040814,0.790658,0.047116,0.609076,12.596062,0.215305,32.685204
1119,9.325000,-0.016147,0.848985,0.034814,0.527021,-6.446669,87.415108,14.400187,-0.076658,0.831488,0.129442,0.534787,-6.912739,94.663239,14.706193,-0.037357,0.834946,0.101385,0.539621,-10.250014,106.644951,16.378632,0.019573,0.856894,-0.061369,0.511452,-12.826281,121.290398,18.312841,0.028105,0.867421,-0.153003,0.472632,-9.952879,134.695602,16.310667,-0.036611,0.756447,0.232202,0.610353,-14.353980,115.792740,14.814812,0.249885,-0.288771,0.214442,-0.898991,-18.747562,119.764877,-1.564103,0.261666,0.432249,-0.435563,-0.744967,-0.228629,106.526718,-11.858028,0.365642,0.482268,-0.309988,-0.733233,4.543606,123.442818,-3.815094,-0.152780,0.869671,0.166946,0.438702,-11.412549,115.459206,21.258051,0.321459,0.889661,0.160650,-0.281708,-1.512786,117.536308,35.436581,-0.133005,0.276098,0.499986,-0.809996,14.341858,105.507721,20.333334,-0.000463,0.101681,0.470677,-0.876427,7.368050,123.232994,14.027246,0.073296,0.851876,0.060193,0.515084,-10.382654,87.497368,6.456969,0.075965,0.895050,-0.100595,0.427779,-12.726026,50.894154,-0.180033,-0.041930,0.936046,0.039793,0.347098,-23.228466,5.099836,5.263098,-0.102341,0.851135,-0.067855,0.510384,-2.510683,87.332848,22.343407,-0.009878,0.858853,-0.063789,0.508139,1.401133,51.183083,30.542690,-0.040899,0.790647,0.047163,0.609081,-0.862492,4.279778,36.199932,-0.041930,0.936046,0.039793,0.347098,-14.020339,0.753633,-5.050095,-0.040899,0.790647,0.047163,0.609081,12.597685,0.216512,32.685028
1120,9.333333,-0.016166,0.848990,0.034911,0.527006,-6.446863,87.416031,14.392124,-0.076685,0.831443,0.129589,0.534816,-6.913899,94.664047,14.699186,-0.037372,0.834902,0.101467,0.539673,-10.253540,106.644096,16.374046,0.019710,0.856856,-0.061465,0.511498,-12.831608,121.289001,18.309870,0.027947,0.867451,-0.152692,0.472686,-9.953527,134.693192,16.307640,-0.036749,0.756428,0.232257,0.610346,-14.358267,115.791656,14.810911,0.249783,-0.288838,0.214245,-0.899044,-18.751764,119.761292,-1.568630,0.261426,0.432271,-0.435621,-0.745005,-0.230581,106.532036,-11.869933,0.365456,0.482175,-0.310027,-0.733370,4.539101,123.447083,-3.822076,-0.152762,0.869712,0.166992,0.438610,-11.417646,115.457573,21.254488,0.321385,0.889657,0.160753,-0.281746,-1.514904,117.534172,35.431004,-0.132971,0.275952,0.499917,-0.810094,14.341037,105.510674,20.325087,-0.000518,0.101630,0.470955,-0.876283,7.361105,123.234795,14.021513,0.073225,0.851885,0.060244,0.515073,-10.383113,87.498894,6.449045,0.075961,0.894944,-0.100780,0.427959,-12.720121,50.895370,-0.188450,-0.041909,0.936057,0.039700,0.347080,-23.230648,5.104521,5.268213,-0.102322,0.850882,-0.067828,0.510812,-2.510614,87.333160,22.335203,-0.010011,0.858604,-0.063817,0.508554,1.396894,51.182823,30.534029,-0.041032,0.790619,0.047104,0.609114,-0.860097,4.280123,36.198826,-0.041909,0.936057,0.039700,0.347080,-14.023347,0.755686,-5.044604,-0.041032,0.790619,0.047104,0.609114,12.601002,0.217842,32.686333
1121,9.341667,-0.015689,0.848858,0.034830,0.527240,-6.462325,87.408470,14.383483,-0.076499,0.831403,0.129327,0.534968,-6.922947,94.656792,14.693078,-0.037349,0.834848,0.101503,0.539752,-10.257303,106.645378,16.365396,0.019609,0.856782,-0.061479,0.511625,-12.835550,121.290123,18.302240,0.027950,0.867369,-0.152361,0.472945,-9.959216,134.694534,16.298910,-0.036772,0.756399,0.232423,0.610318,-14.361638,115.793144,14.802441,0.249765,-0.288876,0.214201,-0.899047,-18.756271,119.765511,-1.576138,0.261297,0.432319,-0.435654,-0.745004,-0.235230,106.537964,-11.879905,0.365217,0.482103,-0.309889,-0.733595,4.531794,123.452377,-3.828777,-0.152674,0.869686,0.167083,0.438657,-11.422196,115.458382,21.246523,0.321219,0.889720,0.160780,-0.281722,-1.519940,117.530533,35.424034,-0.133092,0.275934,0.499796,-0.810155,14.342007,105.513611,20.319180,-0.000666,0.101609,0.471036,-0.876242,7.356780,123.236259,14.017302,0.073051,0.851874,0.060329,0.515106,-10.394481,87.497940,6.438445,0.075981,0.894802,-0.100975,0.428206,-12.716974,50.893284,-0.197906,-0.041826,0.936007,0.039721,0.347222,-23.238420,5.106437,5.271301,-0.102519,0.850638,-0.067668,0.511200,-2.530169,87.319000,22.328520,-0.010158,0.858333,-0.063856,0.509003,1.392146,51.170052,30.526424,-0.041228,0.790608,0.047440,0.609089,-0.857702,4.268089,36.200249,-0.041826,0.936007,0.039721,0.347222,-14.028740,0.757404,-5.039311,-0.041228,0.790608,0.047440,0.609089,12.606205,0.216546,32.686100
1122,9.350000,-0.015616,0.848843,0.034871,0.527263,-6.465678,87.407639,14.376424,-0.076402,0.831413,0.129457,0.534936,-6.925718,94.655952,14.687079,-0.037409,0.834862,0.101531,0.539721,-10.258603,106.640030,16.362938,0.019416,0.856816,-0.061362,0.511590,-12.838737,121.284470,18.299570,0.028057,0.867386,-0.152205,0.472957,-9.968638,134.690170,16.296024,-0.036753,0.756392,0.232497,0.610299,-14.364272,115.787193,14.799993,0.249660,-0.288965,0.213995,-0.899097,-18.759764,119.761513,-1.577881,0.261128,0.432258,-0.435719,-0.745060,-0.236902,106.543091,-11.890059,0.365096,0.482141,-0.309819,-0.733660,4.529943,123.456932,-3.837540,-0.152782,0.869682,0.167097,0.438623,-11.424418,115.452995,21.243916,0.321252,0.889678,0.160952,-0.281717,-1.522258,117.528358,35.421021,-0.133085,0.275930,0.499867,-0.810114,14.338771,105.512978,20.313974,-0.000609,0.101580,0.470501,-0.876533,7.356498,123.236481,14.013118,0.072818,0.852216,0.060332,0.514573,-10.397429,87.498619,6.431206,0.076085,0.894956,-0.100932,0.427875,-12.709275,50.891449,-0.195034,-0.041999,0.936026,0.039720,0.347151,-23.235720,5.105272,5.270131,-0.102529,0.850535,-0.067652,0.511372,-2.533927,87.316658,22.321644,-0.010262,0.858177,-0.063880,0.509261,1.387962,51.167702,30.519712,-0.042107,0.790611,0.046674,0.609084,-0.856265,4.266229,36.199818,-0.041999,0.936026,0.039720,0.347151,-14.025972,0.757931,-5.041135,-0.042107,0.790611,0.046674,0.609084,12.609963,0.212834,32.696732
1123,9.358333,-0.015646,0.848833,0.034987,0.527271,-6.462602,87.406578,14.366179,-0.076617,0.831375,0.129517,0.534950,-6.923895,94.654762,14.678018,-0.037361,0.834857,0.101557,0.539726,-10.262278,106.638489,16.352234,0.019398,0.856805,-0.061286,0.511617,-12.841643,121.282890,18.290274,0.028064,0.867380,-0.151962,0.473045,-9.972906,134.689133,16.288374,-0.036725,0.756412,0.232597,0.610238,-14.367461,115.786026,14.790162,0.249446,-0.288872,0.214006,-0.899184,-18.765602,119.762672,-1.586433,0.261049,0.432132,-0.435739,-0.745149,-0.240271,106.547104,-11.897839,0.364984,0.482263,-0.309857,-0.733619,4.529970,123.459770,-3.846628,-0.152718,0.869649,0.167198,0.438672,-11.427639,115.451035,21.234058,0.321232,0.889677,0.160927,-0.281760,-1.526312,117.522491,35.412319,-0.133234,0.275912,0.499946,-0.810046,14.334157,105.508041,20.303947,-0.000638,0.101502,0.470570,-0.876505,7.354226,123.235497,14.007415,0.072765,0.852272,0.060329,0.514488,-10.394200,87.498184,6.420892,0.076100,0.894979,-0.101008,0.427807,-12.703447,50.890423,-0.202932,-0.042044,0.936028,0.039691,0.347144,-23.233730,5.105919,5.268837,-0.102339,0.850303,-0.067701,0.511789,-2.531003,87.314964,22.311466,-0.010490,0.857922,-0.063904,0.509683,1.373116,51.163601,30.507397,-0.041433,0.790573,0.047518,0.609114,-0.856610,4.262874,36.199303,-0.042044,0.936028,0.039691,0.347144,-14.023791,0.758274,-5.042129,-0.041433,0.790573,0.047518,0.609114,12.609327,0.216558,32.686909
1124,9.366667,-0.015614,0.848827,0.035035,0.527278,-6.461428,87.404182,14.356881,-0.076872,0.831373,0.129652,0.534883,-6.922706,94.652328,14.669563,-0.037218,0.834928,0.101571,0.539624,-10.268568,106.636177,16.343580,0.019427,0.856833,-0.061186,0.511582,-12.844345,121.280800,18.284636,0.028021,0.867377,-0.151805,0.473103,-9.976452,134.687607,16.285267,-0.036765,0.756309,0.232673,0.610335,-14.372277,115.784813,14.784082,0.249408,-0.288903,0.213959,-0.899195,-18.766195,119.762932,-1.593290,0.260945,0.432088,-0.435777,-0.745189,-0.240776,106.549477,-11.907255,0.364816,0.482270,-0.309917,-0.733673,4.529726,123.462067,-3.855139,-0.152680,0.869633,0.167256,0.438694,-11.430742,115.448204,21.227112,0.321180,0.889695,0.160893,-0.281778,-1.529688,117.517380,35.405899,-0.133320,0.275926,0.499951,-0.810025,14.331922,105.504585,20.297396,-0.000730,0.101414,0.470707,-0.876442,7.352286,123.233238,14.002254,0.072742,0.852283,0.060338,0.514472,-10.392900,87.496735,6.411542,0.076096,0.895017,-0.101074,0.427712,-12.700495,50.888802,-0.211947,-0.042044,0.936027,0.039692,0.347145,-23.232443,5.105481,5.266563,-0.102223,0.850191,-0.067728,0.511995,-2.529956,87.311623,22.302221,-0.010667,0.857756,-0.063984,0.509948,1.363878,51.158760,30.496454,-0.040844,0.790580,0.048302,0.609083,-0.857079,4.259351,36.202667,-0.042044,0.936027,0.039692,0.347145,-14.022478,0.757862,-5.044393,-0.040844,0.790580,0.048302,0.609083,12.608342,0.220263,32.680000
1125,9.375000,-0.015550,0.848786,0.035063,0.527344,-6.461442,87.402489,14.348236,-0.076638,0.831358,0.129616,0.534949,-6.922168,94.650635,14.661716,-0.037391,0.834861,0.101669,0.539696,-10.261832,106.631958,16.337431,0.019229,0.856828,-0.061001,0.511620,-12.843662,121.275604,18.277864,0.028071,0.867396,-0.151650,0.473116,-9.982805,134.684158,16.280142,-0.036676,0.756396,0.232751,0.610202,-14.368713,115.779022,14.776998,0.249220,-0.288854,0.213819,-0.899296,-18.768524,119.759941,-1.598111,0.260808,0.432030,-0.435802,-0.745256,-0.238688,106.555031,-11.915094,0.364850,0.482184,-0.309968,-0.733691,4.532670,123.465683,-3.861885,-0.152858,0.869525,0.167306,0.438827,-11.428465,115.443550,21.220675,0.321190,0.889682,0.160964,-0.281767,-1.533366,117.516029,35.403133,-0.133331,0.275964,0.499945,-0.810013,14.328230,105.503914,20.294085,-0.000907,0.101416,0.470807,-0.876387,7.349505,123.231743,13.998265,0.072736,0.852242,0.060324,0.514543,-10.391726,87.496315,6.402324,0.076059,0.894909,-0.101193,0.427917,-12.698973,50.888187,-0.220203,-0.042005,0.936026,0.039723,0.347150,-23.233805,5.106622,5.267385,-0.102190,0.850135,-0.067835,0.512081,-2.531157,87.308655,22.294147,-0.010776,0.857626,-0.063959,0.510167,1.355575,51.156380,30.494278,-0.040751,0.790631,0.048423,0.609013,-0.856834,4.256880,36.203079,-0.042005,0.936026,0.039723,0.347150,-14.024025,0.759398,-5.043900,-0.040751,0.790631,0.048423,0.609013,12.607916,0.218864,32.676617
1126,9.383333,-0.015520,0.848749,0.035048,0.527406,-6.460446,87.403595,14.341042,-0.076498,0.831302,0.129584,0.535063,-6.920710,94.651779,14.654530,-0.037637,0.834734,0.102034,0.539808,-10.258262,106.637314,16.331549,0.019273,0.856761,-0.060979,0.511733,-12.852354,121.278168,18.276600,0.028081,0.867358,-0.151664,0.473181,-9.990402,134.686737,16.280600,-0.036754,0.756354,0.232726,0.610259,-14.371840,115.781700,14.773133,0.249309,-0.288820,0.213770,-0.899294,-18.769016,119.760574,-1.603176,0.260822,0.431957,-0.435874,-0.745251,-0.237167,106.557022,-11.918261,0.364816,0.482154,-0.310080,-0.733680,4.534003,123.468437,-3.868533,-0.152817,0.869551,0.167413,0.438750,-11.433563,115.446136,21.217705,0.321308,0.889614,0.161474,-0.281557,-1.535670,117.516304,35.398544,-0.133232,0.275910,0.500033,-0.809994,14.328048,105.505547,20.290646,-0.000963,0.101475,0.470588,-0.876498,7.352113,123.233292,13.995692,0.072678,0.852340,0.060322,0.514389,-10.389587,87.497780,6.394570,0.076112,0.894878,-0.101279,0.427952,-12.694387,50.889004,-0.225212,-0.042167,0.935991,0.039567,0.347243,-23.237368,5.109868,5.266994,-0.102170,0.850155,-0.067820,0.512053,-2.531305,87.309410,22.287512,-0.010823,0.857615,-0.064003,0.510180,1.355083,51.156677,30.485825,-0.040732,0.790540,0.048497,0.609127,-0.855683,4.257804,36.200409,-0.042167,0.935991,0.039567,0.347243,-14.024440,0.760360,-5.040510,-0.040732,0.790540,0.048497,0.609127,12.610292,0.221118,32.677124
1127,9.391667,-0.015558,0.848734,0.035088,0.527426,-6.456309,87.403336,14.332327,-0.076524,0.831218,0.129741,0.535152,-6.917359,94.651451,14.645997,-0.037778,0.834628,0.102159,0.539937,-10.258815,106.639931,16.326059,0.019393,0.856658,-0.061099,0.511887,-12.858738,121.279701,18.271503,0.028044,0.867294,-0.151500,0.473353,-9.991827,134.687180,16.275225,-0.036906,0.756225,0.232876,0.610353,-14.375065,115.783012,14.767019,0.249391,-0.288748,0.213711,-0.899309,-18.767860,119.761993,-1.610443,0.260857,0.431941,-0.435846,-0.745264,-0.232637,106.560684,-11.922333,0.364841,0.482083,-0.310261,-0.733638,4.540117,123.472420,-3.872918,-0.152664,0.869584,0.167516,0.438698,-11.438922,115.447914,21.212585,0.320989,0.889750,0.161665,-0.281381,-1.537802,117.512344,35.392010,-0.133296,0.275879,0.499752,-0.810167,14.341098,105.514847,20.289526,-0.001029,0.101550,0.470546,-0.876512,7.354020,123.235390,13.994223,0.072636,0.852343,0.060243,0.514399,-10.385056,87.497330,6.385657,0.076141,0.894961,-0.101324,0.427764,-12.690199,50.887383,-0.227569,-0.041995,0.935860,0.039792,0.347590,-23.236158,5.109504,5.269410,-0.102133,0.850111,-0.067969,0.512114,-2.527563,87.309334,22.278997,-0.010897,0.857416,-0.063947,0.510520,1.350120,51.157539,30.485561,-0.041084,0.790447,0.048384,0.609233,-0.854236,4.258141,36.198322,-0.041995,0.935860,0.039792,0.347590,-14.016742,0.764289,-5.034104,-0.041084,0.790447,0.048384,0.609233,12.614563,0.224977,32.681793
1128,9.400000,-0.015758,0.848729,0.035423,0.527404,-6.449943,87.408195,14.322784,-0.076596,0.831184,0.129844,0.535170,-6.916012,94.655884,14.639065,-0.037788,0.834599,0.102219,0.539971,-10.258627,106.637276,16.319311,0.019366,0.856629,-0.060890,0.511962,-12.859840,121.276649,18.265963,0.027999,0.867252,-0.151480,0.473438,-9.996195,134.685547,16.274506,-0.036946,0.756140,0.233017,0.610402,-14.375446,115.780190,14.760810,0.249232,-0.288646,0.213686,-0.899392,-18.766073,119.761612,-1.616643,0.260757,0.431826,-0.435916,-0.745325,-0.227369,106.564102,-11.927156,0.364734,0.482058,-0.310283,-0.733699,4.546936,123.476151,-3.879000,-0.152836,0.869542,0.167615,0.438682,-11.439829,115.444687,21.206596,0.321002,0.889758,0.161705,-0.281318,-1.540072,117.512688,35.386459,-0.133373,0.275923,0.499781,-0.810122,14.340180,105.514526,20.285921,-0.001099,0.101541,0.470436,-0.876572,7.355240,123.236176,13.991374,0.072660,0.852297,0.060153,0.514482,-10.378978,87.502312,6.376257,0.076128,0.894979,-0.101362,0.427719,-12.688523,50.891830,-0.232425,-0.041301,0.935849,0.040081,0.347670,-23.234653,5.114508,5.268808,-0.102036,0.850069,-0.068071,0.512190,-2.520908,87.314079,22.269312,-0.010413,0.857261,-0.064352,0.510738,1.346063,51.161850,30.478977,-0.040884,0.790401,0.048417,0.609303,-0.918570,4.266408,36.200577,-0.041301,0.935849,0.040081,0.347670,-14.019212,0.769756,-5.038459,-0.040884,0.790401,0.048417,0.609303,12.549618,0.230574,32.684769
1129,9.408333,-0.015589,0.848697,0.035426,0.527462,-6.445722,87.402428,14.311486,-0.076632,0.831134,0.129985,0.535208,-6.909748,94.650192,14.629065,-0.037831,0.834563,0.102292,0.540009,-10.256150,106.634453,16.312086,0.019210,0.856652,-0.060652,0.511957,-12.859726,121.273277,18.259714,0.028069,0.867281,-0.151472,0.473384,-10.003006,134.684128,16.271494,-0.036880,0.756138,0.232980,0.610423,-14.374150,115.776894,14.753933,0.249219,-0.288540,0.213608,-0.899448,-18.764063,119.759453,-1.623434,0.260765,0.431783,-0.435944,-0.745331,-0.220644,106.566345,-11.931093,0.364697,0.482097,-0.310258,-0.733702,4.554058,123.478676,-3.884628,-0.152942,0.869466,0.167721,0.438756,-11.439167,115.441277,21.199999,0.321094,0.889720,0.161757,-0.281302,-1.542799,117.510048,35.382114,-0.133516,0.275996,0.499916,-0.809990,14.334957,105.509018,20.281233,-0.001244,0.101573,0.470427,-0.876573,7.356311,123.236382,13.988709,0.072754,0.852161,0.059991,0.514713,-10.373775,87.499153,6.364507,0.076067,0.894929,-0.101411,0.427822,-12.693693,50.888229,-0.238100,-0.041383,0.935847,0.040151,0.347657,-23.237309,5.110961,5.268459,-0.102064,0.850033,-0.068171,0.512230,-2.517670,87.305702,22.258467,-0.010451,0.857191,-0.064410,0.510848,1.346760,51.154900,30.475658,-0.041178,0.790499,0.048308,0.609166,-0.918310,4.260230,36.203445,-0.041383,0.935847,0.040151,0.347657,-14.021214,0.768826,-5.039325,-0.041178,0.790499,0.048308,0.609166,12.550187,0.226996,32.685829
1130,9.416667,-0.015129,0.848673,0.035300,0.527522,-6.454018,87.404274,14.300092,-0.076526,0.831086,0.130129,0.535264,-6.911427,94.652374,14.619620,-0.037803,0.834524,0.102291,0.540072,-10.255490,106.628395,16.305710,0.019274,0.856609,-0.060592,0.512034,-12.858484,121.267296,18.253569,0.027947,0.867263,-0.151379,0.473454,-10.000867,134.678345,16.268045,-0.036871,0.756086,0.233010,0.610475,-14.372735,115.771141,14.747349,0.249316,-0.288475,0.213472,-0.899474,-18.760422,119.755081,-1.630279,0.260784,0.431899,-0.435970,-0.745242,-0.212239,106.567230,-11.936083,0.364751,0.482072,-0.310229,-0.733704,4.557975,123.481140,-3.887928,-0.152833,0.869449,0.167727,0.438826,-11.438683,115.435089,21.193815,0.320920,0.889752,0.161860,-0.281343,-1.543288,117.499947,35.377174,-0.133720,0.275978,0.499840,-0.810009,14.338906,105.507912,20.273825,-0.001505,0.101643,0.470694,-0.876421,7.356543,123.235977,13.985115,0.072556,0.852100,0.059946,0.514848,-10.381196,87.506798,6.352753,0.076097,0.894952,-0.101402,0.427771,-12.689352,50.893318,-0.239861,-0.041259,0.935846,0.040018,0.347690,-23.234797,5.116311,5.265347,-0.102242,0.850053,-0.068159,0.512163,-2.526839,87.301758,22.247431,-0.010429,0.857291,-0.064479,0.510671,1.349791,51.153553,30.470297,-0.040967,0.790506,0.048457,0.609158,-0.919287,4.259682,36.203064,-0.041259,0.935846,0.040018,0.347690,-14.019465,0.769516,-5.041159,-0.040967,0.790506,0.048457,0.609158,12.548404,0.226118,32.682739
1131,9.425000,-0.015189,0.848635,0.035311,0.527581,-6.446938,87.399704,14.291285,-0.076663,0.831012,0.130254,0.535328,-6.905197,94.647758,14.610465,-0.037829,0.834468,0.102332,0.540148,-10.254806,106.625786,16.297432,0.019022,0.856564,-0.060650,0.512111,-12.859294,121.264374,18.245646,0.028083,0.867185,-0.151234,0.473634,-10.006471,134.675781,16.255615,-0.036943,0.755971,0.233083,0.610587,-14.372456,115.768303,14.738817,0.249335,-0.288344,0.213482,-0.899508,-18.755228,119.752930,-1.639959,0.260859,0.431925,-0.435948,-0.745213,-0.203477,106.565620,-11.940042,0.364812,0.482117,-0.310307,-0.733611,4.566730,123.480568,-3.892387,-0.152833,0.869416,0.167843,0.438846,-11.439603,115.432098,21.185825,0.320875,0.889772,0.161924,-0.281292,-1.544824,117.494919,35.369915,-0.133832,0.275960,0.499806,-0.810018,14.340240,105.505051,20.267859,-0.001668,0.101623,0.470705,-0.876417,7.356159,123.233223,13.981756,0.072601,0.852102,0.059875,0.514845,-10.372978,87.501480,6.343374,0.076120,0.894937,-0.101493,0.427777,-12.686751,50.887863,-0.246479,-0.041415,0.935810,0.039998,0.347771,-23.237749,5.112931,5.265335,-0.102269,0.850057,-0.068111,0.512157,-2.520896,87.297928,22.239197,-0.011104,0.857667,-0.064656,0.510004,1.359396,51.149654,30.460007,-0.041078,0.791197,0.048242,0.608270,-0.858983,4.259321,36.241283,-0.041415,0.935810,0.039998,0.347771,-14.019273,0.767247,-5.038825,-0.041078,0.791197,0.048242,0.608270,12.600641,0.222823,32.693584
1132,9.433333,-0.015145,0.848605,0.035357,0.527627,-6.439772,87.399414,14.283130,-0.076703,0.830968,0.130432,0.535347,-6.897859,94.647446,14.603184,-0.037967,0.834431,0.102411,0.540181,-10.250398,106.623161,16.292997,0.019037,0.856536,-0.060606,0.512163,-12.859663,121.260956,18.240803,0.028076,0.867171,-0.151176,0.473680,-10.006950,134.672592,16.252256,-0.037004,0.755808,0.233183,0.610747,-14.370708,115.764389,14.733837,0.249294,-0.288269,0.213421,-0.899558,-18.746521,119.751038,-1.646310,0.260838,0.432014,-0.435919,-0.745186,-0.191313,106.567444,-11.944913,0.364770,0.482207,-0.310296,-0.733578,4.576807,123.481323,-3.894651,-0.152799,0.869349,0.167810,0.439003,-11.438501,115.429138,21.181190,0.320601,0.889864,0.162116,-0.281203,-1.548156,117.490150,35.368633,-0.133876,0.276024,0.499617,-0.810105,14.348185,105.512978,20.268370,-0.001810,0.101653,0.470774,-0.876376,7.358939,123.235146,13.979965,0.072609,0.852085,0.059774,0.514885,-10.364983,87.502312,6.334822,0.076160,0.894929,-0.101550,0.427773,-12.682830,50.887882,-0.249055,-0.041936,0.935820,0.039828,0.347700,-23.239456,5.114621,5.265888,-0.102259,0.850121,-0.068303,0.512028,-2.514560,87.296524,22.231438,-0.010929,0.857511,-0.064225,0.510325,1.358930,51.150047,30.463367,-0.041108,0.790534,0.048360,0.609120,-0.854988,4.254097,36.200626,-0.041936,0.935820,0.039828,0.347700,-14.018085,0.769804,-5.036047,-0.041108,0.790534,0.048360,0.609120,12.612878,0.220812,32.680653
1133,9.441667,-0.015275,0.848595,0.035487,0.527630,-6.426468,87.399376,14.273745,-0.076904,0.830889,0.130770,0.535358,-6.887166,94.647217,14.594397,-0.037881,0.834415,0.102213,0.540249,-10.246340,106.612869,16.287283,0.018864,0.856536,-0.060224,0.512215,-12.850439,121.252083,18.231398,0.028079,0.867162,-0.151149,0.473703,-10.006854,134.666641,16.249456,-0.037010,0.755706,0.233417,0.610783,-14.363071,115.755272,14.725500,0.249128,-0.288103,0.213382,-0.899666,-18.737339,119.747185,-1.653776,0.260801,0.432098,-0.435935,-0.745141,-0.176533,106.568634,-11.948762,0.364837,0.482220,-0.310180,-0.733584,4.588369,123.482895,-3.896132,-0.152992,0.869245,0.167819,0.439140,-11.431808,115.420410,21.173302,0.320662,0.889822,0.162225,-0.281204,-1.547707,117.485764,35.364464,-0.134101,0.276044,0.499774,-0.809965,14.346642,105.508064,20.262512,-0.001879,0.101743,0.470535,-0.876494,7.363249,123.237289,13.979567,0.072657,0.852113,0.059598,0.514851,-10.351552,87.501526,6.325365,0.076217,0.895073,-0.101640,0.427441,-12.679556,50.886047,-0.249115,-0.042029,0.935828,0.039828,0.347668,-23.242479,5.115345,5.274981,-0.102326,0.850221,-0.068384,0.511838,-2.501385,87.297226,22.222126,-0.010770,0.857602,-0.064329,0.510162,1.374985,51.152592,30.460804,-0.041025,0.790495,0.048355,0.609177,-0.855719,4.257575,36.199223,-0.042029,0.935828,0.039828,0.347668,-14.020959,0.771443,-5.027205,-0.041025,0.790495,0.048355,0.609177,12.612046,0.222767,32.680611
1134,9.450000,-0.015530,0.848521,0.035631,0.527732,-6.414877,87.401192,14.267389,-0.076931,0.830819,0.130726,0.535473,-6.879848,94.648773,14.587800,-0.037963,0.834324,0.102354,0.540358,-10.238754,106.612953,16.278727,0.018930,0.856472,-0.060228,0.512319,-12.847419,121.251122,18.224623,0.028000,0.867144,-0.151008,0.473787,-10.001906,134.665482,16.244068,-0.037043,0.755692,0.233441,0.610789,-14.357540,115.754494,14.717342,0.248867,-0.287862,0.213457,-0.899798,-18.731472,119.746101,-1.662102,0.260762,0.432045,-0.435940,-0.745182,-0.165328,106.569527,-11.949994,0.364753,0.482311,-0.310108,-0.733597,4.601212,123.483536,-3.897555,-0.152995,0.869162,0.167833,0.439297,-11.428037,115.419327,21.165928,0.320513,0.889876,0.162358,-0.281125,-1.548769,117.483200,35.360676,-0.134213,0.276073,0.499696,-0.809984,14.352590,105.512497,20.260555,-0.002067,0.101739,0.470761,-0.876373,7.366653,123.241104,13.978258,0.072759,0.852097,0.059379,0.514890,-10.337903,87.500946,6.317962,0.076217,0.895165,-0.101604,0.427255,-12.680490,50.884636,-0.246667,-0.042045,0.935820,0.039905,0.347680,-23.240843,5.113229,5.276529,-0.102308,0.850217,-0.068402,0.511845,-2.491851,87.301437,22.216818,-0.010182,0.857533,-0.064755,0.510236,1.382594,51.156719,30.456018,-0.040991,0.790466,0.048132,0.609234,-0.916871,4.265728,36.200245,-0.042045,0.935820,0.039905,0.347680,-14.018718,0.771508,-5.026039,-0.040991,0.790466,0.048132,0.609234,12.550056,0.225407,32.684738
1135,9.458333,-0.015584,0.848482,0.035612,0.527795,-6.405829,87.398788,14.260277,-0.077611,0.830768,0.130850,0.535425,-6.871353,94.646362,14.580004,-0.037631,0.834404,0.102702,0.540191,-10.250834,106.624771,16.266792,0.019112,0.856551,-0.060491,0.512148,-12.856406,121.261536,18.227219,0.028086,0.867189,-0.151030,0.473692,-10.003583,134.673706,16.242308,-0.037321,0.755382,0.233300,0.611210,-14.368965,115.768341,14.715629,0.248918,-0.287761,0.213591,-0.899785,-18.724251,119.753456,-1.670362,0.260929,0.432101,-0.435769,-0.745191,-0.158066,106.571518,-11.951304,0.364788,0.482384,-0.310039,-0.733560,4.612252,123.483765,-3.898339,-0.152668,0.869291,0.167964,0.439106,-11.436547,115.426865,21.162558,0.320414,0.889938,0.162409,-0.281014,-1.547961,117.480644,35.352280,-0.134353,0.276100,0.499573,-0.810028,14.359702,105.513176,20.256231,-0.002337,0.101750,0.470756,-0.876373,7.369282,123.240746,13.974576,0.072841,0.852062,0.059256,0.514950,-10.327651,87.497604,6.310244,0.076224,0.895114,-0.101655,0.427349,-12.679735,50.881092,-0.249906,-0.041884,0.935813,0.040024,0.347704,-23.243231,5.110762,5.276181,-0.102384,0.850319,-0.068376,0.511665,-2.484009,87.299980,22.210310,-0.010612,0.857648,-0.064630,0.510049,1.397955,51.156151,30.449879,-0.041095,0.790622,0.048066,0.609030,-0.859376,4.264489,36.205254,-0.041884,0.935813,0.040024,0.347704,-14.021790,0.770462,-5.027598,-0.041095,0.790622,0.048066,0.609030,12.606174,0.224493,32.684105
1136,9.466667,-0.015431,0.848508,0.035503,0.527764,-6.397689,87.392403,14.250809,-0.077848,0.830718,0.131085,0.535410,-6.860480,94.640152,14.570390,-0.037523,0.834421,0.102446,0.540221,-10.246925,106.612541,16.258253,0.018908,0.856564,-0.060174,0.512171,-12.845753,121.251129,18.214058,0.028160,0.867182,-0.150904,0.473742,-10.001988,134.665878,16.233669,-0.037240,0.755365,0.233479,0.611167,-14.360762,115.757538,14.704132,0.248788,-0.287551,0.213569,-0.899893,-18.718079,119.748283,-1.679942,0.260957,0.432222,-0.435683,-0.745162,-0.145353,106.570686,-11.954628,0.364827,0.482481,-0.309950,-0.733515,4.623761,123.481323,-3.898428,-0.152804,0.869163,0.167923,0.439327,-11.428689,115.416702,21.151249,0.320250,0.890003,0.162433,-0.280980,-1.548304,117.473267,35.346275,-0.134507,0.276120,0.499507,-0.810036,14.365554,105.512131,20.251760,-0.002377,0.101790,0.470814,-0.876338,7.372658,123.240150,13.971864,0.072868,0.852043,0.059091,0.514996,-10.320171,87.492470,6.301120,0.076196,0.894929,-0.101692,0.427732,-12.679966,50.874794,-0.249723,-0.041997,0.935814,0.040068,0.347682,-23.244959,5.104786,5.276159,-0.102482,0.850473,-0.068440,0.511380,-2.475206,87.292328,22.200499,-0.010565,0.857926,-0.064884,0.509550,1.413100,51.150650,30.446493,-0.040662,0.790870,0.048438,0.608707,-0.857007,4.262006,36.221436,-0.041997,0.935814,0.040068,0.347682,-14.022830,0.766752,-5.027954,-0.040662,0.790870,0.048438,0.608707,12.604520,0.222788,32.684071
1137,9.475000,-0.015481,0.848487,0.035470,0.527799,-6.388915,87.388374,14.244013,-0.077943,0.830680,0.131139,0.535442,-6.852073,94.636139,14.562782,-0.037515,0.834398,0.102439,0.540259,-10.241233,106.607803,16.250305,0.018813,0.856596,-0.060042,0.512137,-12.839839,121.246460,18.205931,0.028262,0.867239,-0.150840,0.473651,-10.000234,134.662323,16.227064,-0.037340,0.755275,0.233578,0.611233,-14.354690,115.752922,14.695853,0.248750,-0.287422,0.213528,-0.899954,-18.708910,119.743797,-1.689012,0.261015,0.432365,-0.435580,-0.745118,-0.131619,106.569527,-11.959711,0.364893,0.482582,-0.309845,-0.733460,4.636283,123.479340,-3.899884,-0.152921,0.869077,0.167919,0.439457,-11.423187,115.411987,21.143229,0.320227,0.890040,0.162291,-0.280973,-1.548041,117.470909,35.341557,-0.134605,0.276183,0.499489,-0.810009,14.366749,105.508133,20.249311,-0.002445,0.101817,0.470955,-0.876258,7.374291,123.237076,13.969308,0.072870,0.852038,0.059079,0.515006,-10.310714,87.487411,6.293972,0.076296,0.895234,-0.101677,0.427078,-12.671023,50.869644,-0.256206,-0.041899,0.935848,0.040159,0.347592,-23.239820,5.100787,5.271922,-0.102437,0.850450,-0.068492,0.511421,-2.467115,87.289337,22.194052,-0.010475,0.857735,-0.064704,0.509896,1.415992,51.147495,30.441820,-0.041111,0.790554,0.048057,0.609119,-0.854957,4.256454,36.196953,-0.041899,0.935848,0.040159,0.347592,-14.020339,0.764031,-5.035099,-0.041111,0.790554,0.048057,0.609119,12.611428,0.216524,32.678940
1138,9.483333,-0.015515,0.848465,0.035403,0.527838,-6.378666,87.386307,14.237600,-0.078037,0.830627,0.131186,0.535499,-6.841753,94.634125,14.555255,-0.037578,0.834344,0.102490,0.540327,-10.233719,106.605621,16.242287,0.018740,0.856570,-0.059956,0.512194,-12.834899,121.243813,18.197933,0.028367,0.867214,-0.150776,0.473710,-9.997990,134.660416,16.220306,-0.037487,0.755151,0.233722,0.611323,-14.348280,115.750168,14.687397,0.248625,-0.287206,0.213551,-0.900052,-18.698320,119.741142,-1.698561,0.261077,0.432421,-0.435502,-0.745110,-0.115328,106.569275,-11.962030,0.364879,0.482799,-0.309791,-0.733347,4.653122,123.477509,-3.901346,-0.152957,0.869000,0.167902,0.439604,-11.417897,115.409454,21.135290,0.320196,0.890075,0.162343,-0.280865,-1.547612,117.468452,35.336990,-0.134748,0.276394,0.499484,-0.809916,14.371210,105.506340,20.248470,-0.002589,0.101984,0.470638,-0.876409,7.383479,123.235405,13.965699,0.072861,0.852037,0.059020,0.515015,-10.299721,87.484222,6.287179,0.076373,0.895317,-0.101700,0.426886,-12.661707,50.865849,-0.258960,-0.041945,0.935853,0.040167,0.347573,-23.236689,5.098546,5.270212,-0.102450,0.850425,-0.068445,0.511465,-2.457612,87.288383,22.188023,-0.010402,0.857694,-0.064858,0.509948,1.427687,51.146271,30.433516,-0.041062,0.790568,0.047946,0.609112,-0.857033,4.256985,36.197449,-0.041945,0.935853,0.040167,0.347573,-14.017171,0.762475,-5.037067,-0.041062,0.790568,0.047946,0.609112,12.608409,0.213772,32.679592
1139,9.491667,-0.015599,0.848471,0.035431,0.527824,-6.365640,87.385635,14.230526,-0.078097,0.830570,0.131247,0.535565,-6.829972,94.633392,14.547894,-0.037706,0.834263,0.102553,0.540432,-10.224382,106.605110,16.235203,0.018711,0.856512,-0.059991,0.512288,-12.829995,121.242630,18.189993,0.028426,0.867184,-0.150596,0.473819,-9.992971,134.659103,16.211630,-0.037595,0.755062,0.233791,0.611400,-14.340923,115.748550,14.679071,0.248606,-0.287025,0.213498,-0.900128,-18.687374,119.738914,-1.707988,0.261139,0.432656,-0.435433,-0.744992,-0.098056,106.571136,-11.965248,0.364939,0.482931,-0.309658,-0.733287,4.664904,123.479103,-3.899956,-0.153021,0.868939,0.167897,0.439705,-11.412280,115.408669,21.127800,0.320120,0.890125,0.162471,-0.280719,-1.545771,117.468765,35.331963,-0.134790,0.276485,0.499379,-0.809944,14.379570,105.509842,20.247782,-0.002715,0.102221,0.470739,-0.876327,7.389634,123.236893,13.962029,0.072925,0.852036,0.058909,0.515021,-10.286920,87.482544,6.280204,0.076385,0.895268,-0.101773,0.426969,-12.657228,50.863899,-0.261388,-0.041800,0.935863,0.040204,0.347559,-23.236591,5.098167,5.272399,-0.102428,0.850327,-0.068397,0.511639,-2.444359,87.288727,22.180847,-0.010372,0.857490,-0.064981,0.510275,1.439783,51.145779,30.423256,-0.041104,0.790527,0.047951,0.609162,-0.855445,4.257944,36.194782,-0.041800,0.935863,0.040204,0.347559,-14.018626,0.761563,-5.036045,-0.041104,0.790527,0.047951,0.609162,12.610748,0.215570,32.678837
1140,9.500000,-0.015740,0.848461,0.035491,0.527833,-6.349204,87.385361,14.224714,-0.078184,0.830513,0.131249,0.535638,-6.815738,94.632988,14.541738,-0.037646,0.834203,0.102634,0.540513,-10.211944,106.603691,16.227501,0.018486,0.856500,-0.059792,0.512338,-12.817557,121.240852,18.184996,0.028472,0.867158,-0.150562,0.473875,-9.988353,134.659225,16.208300,-0.037750,0.755068,0.233857,0.611358,-14.327982,115.747574,14.672608,0.248539,-0.286867,0.213455,-0.900207,-18.675816,119.734909,-1.714818,0.261126,0.432725,-0.435472,-0.744934,-0.081046,106.571159,-11.967364,0.364893,0.483015,-0.309577,-0.733288,4.678261,123.479546,-3.901327,-0.153212,0.868804,0.167855,0.439920,-11.400516,115.406227,21.121792,0.320170,0.890095,0.162678,-0.280639,-1.542658,117.470779,35.331314,-0.134731,0.276551,0.499419,-0.809906,14.383325,105.512383,20.247408,-0.002743,0.102370,0.470744,-0.876306,7.396984,123.238434,13.959403,0.073000,0.851991,0.058817,0.515095,-10.270233,87.480728,6.274250,0.076447,0.895246,-0.101874,0.426981,-12.648252,50.862091,-0.264616,-0.041905,0.935880,0.040164,0.347505,-23.236935,5.099216,5.274951,-0.102394,0.850252,-0.068416,0.511768,-2.428174,87.289993,22.175179,-0.010296,0.857415,-0.065073,0.510391,1.451846,51.146721,30.418110,-0.041061,0.790517,0.047849,0.609186,-0.854781,4.259863,36.193077,-0.041905,0.935880,0.040164,0.347505,-14.019262,0.762602,-5.033748,-0.041061,0.790517,0.047849,0.609186,12.610814,0.214501,32.678291
1141,9.508333,-0.015870,0.848453,0.035537,0.527838,-6.333586,87.383575,14.218165,-0.078283,0.830445,0.131314,0.535714,-6.802071,94.631096,14.534755,-0.037872,0.834108,0.102679,0.540636,-10.202044,106.603554,16.220537,0.018595,0.856407,-0.059723,0.512499,-12.814304,121.239922,18.175066,0.028465,0.867098,-0.150479,0.474012,-9.982991,134.658432,16.202311,-0.037743,0.754964,0.233870,0.611482,-14.321254,115.745529,14.662914,0.248569,-0.286699,0.213467,-0.900249,-18.663826,119.734451,-1.725522,0.261227,0.432892,-0.435420,-0.744832,-0.064489,106.571373,-11.970637,0.364981,0.483125,-0.309574,-0.733174,4.691031,123.480164,-3.902575,-0.153203,0.868757,0.167893,0.440002,-11.395926,115.406273,21.113178,0.320083,0.890147,0.162678,-0.280572,-1.540466,117.469254,35.324593,-0.134819,0.276614,0.499385,-0.809891,14.390199,105.513344,20.243656,-0.002687,0.102453,0.470618,-0.876364,7.403579,123.240105,13.955082,0.073035,0.852039,0.058776,0.515016,-10.254448,87.477425,6.267601,0.076544,0.895164,-0.101996,0.427106,-12.636861,50.858807,-0.269744,-0.041892,0.935840,0.040149,0.347615,-23.239332,5.099696,5.274544,-0.102397,0.850316,-0.068413,0.511662,-2.412724,87.289719,22.168728,-0.010158,0.857483,-0.065225,0.510259,1.468650,51.146477,30.411144,-0.040767,0.790505,0.048076,0.609203,-0.855665,4.261237,36.192120,-0.041892,0.935840,0.040149,0.347615,-14.019426,0.762641,-5.031970,-0.040767,0.790505,0.048076,0.609203,12.609157,0.215871,32.674374
1142,9.516667,-0.015888,0.848428,0.035448,0.527883,-6.322975,87.382713,14.210934,-0.078336,0.830417,0.131364,0.535738,-6.791017,94.630318,14.526264,-0.037932,0.834086,0.102669,0.540667,-10.192272,106.600342,16.211969,0.018539,0.856352,-0.059638,0.512602,-12.805934,121.236633,18.165184,0.028502,0.867010,-0.150391,0.474199,-9.976768,134.655838,16.194130,-0.037825,0.754881,0.233947,0.611550,-14.312117,115.741875,14.653309,0.248645,-0.286544,0.213490,-0.900273,-18.651579,119.730927,-1.735921,0.261373,0.433044,-0.435414,-0.744696,-0.048281,106.567406,-11.973284,0.365116,0.483248,-0.309484,-0.733063,4.702487,123.478149,-3.905318,-0.153310,0.868659,0.167867,0.440168,-11.387321,115.403328,21.103855,0.320009,0.890198,0.162672,-0.280498,-1.538099,117.468414,35.319286,-0.134763,0.276738,0.499294,-0.809914,14.397019,105.514313,20.241615,-0.002703,0.102515,0.470640,-0.876346,7.409635,123.238251,13.947301,0.073148,0.851799,0.058858,0.515386,-10.242975,87.475502,6.259930,0.076522,0.894968,-0.102269,0.427455,-12.626471,50.858833,-0.287951,-0.041840,0.935991,0.039927,0.347240,-23.240026,5.104664,5.275895,-0.102375,0.850297,-0.068426,0.511695,-2.402975,87.289932,22.161938,-0.009571,0.857408,-0.065662,0.510342,1.476190,51.146484,30.404478,-0.040978,0.790483,0.047657,0.609251,-0.917427,4.265550,36.192089,-0.041840,0.935991,0.039927,0.347240,-14.029309,0.761079,-5.036088,-0.040978,0.790483,0.047657,0.609251,12.547215,0.214550,32.680138
1143,9.525000,-0.015911,0.848434,0.035303,0.527882,-6.312119,87.382103,14.205992,-0.078170,0.830375,0.131360,0.535828,-6.779333,94.629845,14.519352,-0.038175,0.833975,0.102655,0.540823,-10.175762,106.595184,16.206121,0.018495,0.856256,-0.059517,0.512778,-12.795647,121.231010,18.154524,0.028461,0.866946,-0.150290,0.474350,-9.968599,134.651108,16.186527,-0.037827,0.754968,0.233980,0.611430,-14.298291,115.734802,14.643380,0.248677,-0.286407,0.213370,-0.900336,-18.642881,119.723442,-1.744592,0.261409,0.433146,-0.435385,-0.744641,-0.033106,106.565880,-11.977844,0.365174,0.483277,-0.309504,-0.733007,4.715203,123.476364,-3.908190,-0.153493,0.868557,0.167880,0.440300,-11.376159,115.398964,21.095274,0.319896,0.890275,0.162425,-0.280526,-1.532946,117.468094,35.314281,-0.134919,0.276954,0.499201,-0.809871,14.404959,105.514542,20.239132,-0.002692,0.102732,0.470218,-0.876547,7.418860,123.237106,13.941034,0.073125,0.851839,0.058873,0.515322,-10.232123,87.473175,6.254972,0.076628,0.895067,-0.102290,0.427223,-12.614115,50.856388,-0.292808,-0.041866,0.935988,0.039881,0.347250,-23.235931,5.104155,5.271179,-0.102321,0.850382,-0.068383,0.511570,-2.392113,87.291031,22.157013,-0.009503,0.857364,-0.065814,0.510397,1.486531,51.146305,30.394203,-0.040673,0.790530,0.047613,0.609214,-0.920337,4.267141,36.190693,-0.041866,0.935988,0.039881,0.347250,-14.024869,0.759666,-5.040112,-0.040673,0.790530,0.047613,0.609214,12.541636,0.209956,32.675655
1144,9.533333,-0.015957,0.848420,0.035201,0.527911,-6.298550,87.379921,14.201543,-0.078176,0.830409,0.131307,0.535787,-6.765566,94.627747,14.513286,-0.038305,0.834002,0.102708,0.540763,-10.161155,106.592773,16.198967,0.018316,0.856273,-0.059318,0.512779,-12.784986,121.227966,18.146740,0.028513,0.866911,-0.150303,0.474406,-9.964852,134.649826,16.180807,-0.037961,0.754911,0.234122,0.611437,-14.286447,115.731117,14.636103,0.249044,-0.286365,0.213242,-0.900278,-18.630365,119.719383,-1.752131,0.261596,0.433240,-0.435351,-0.744540,-0.016680,106.563446,-11.980332,0.365192,0.483316,-0.309513,-0.732968,4.729291,123.474190,-3.913030,-0.153635,0.868481,0.167859,0.440409,-11.363525,115.396523,21.087698,0.319934,0.890273,0.162363,-0.280526,-1.525182,117.469215,35.309547,-0.134932,0.277011,0.499134,-0.809891,14.411534,105.513168,20.235132,-0.002869,0.102849,0.470156,-0.876565,7.423770,123.235031,13.934628,0.073130,0.851861,0.058865,0.515287,-10.217993,87.469368,6.250229,0.076737,0.895039,-0.102397,0.427238,-12.600859,50.852554,-0.297096,-0.041637,0.936015,0.039878,0.347205,-23.236200,5.103975,5.271142,-0.102294,0.850449,-0.068390,0.511464,-2.379107,87.290474,22.152857,-0.009969,0.857476,-0.065556,0.510234,1.498612,51.145409,30.389013,-0.040645,0.790581,0.047661,0.609146,-0.856828,4.263899,36.187618,-0.041637,0.936015,0.039878,0.347205,-14.028258,0.757070,-5.041914,-0.040645,0.790581,0.047661,0.609146,12.604597,0.207300,32.669811
1145,9.541667,-0.016072,0.848422,0.035256,0.527901,-6.281725,87.378799,14.195628,-0.078247,0.830361,0.131384,0.535833,-6.750573,94.626518,14.507158,-0.038407,0.833942,0.102740,0.540842,-10.149011,106.591667,16.193380,0.018279,0.856198,-0.059377,0.512899,-12.776097,121.226433,18.140032,0.028470,0.866835,-0.150206,0.474579,-9.955615,134.648041,16.172832,-0.038036,0.754938,0.234054,0.611425,-14.275739,115.729156,14.629279,0.249111,-0.286246,0.213159,-0.900317,-18.619970,119.713852,-1.759745,0.261612,0.433213,-0.435420,-0.744510,-0.001103,106.561790,-11.983509,0.365068,0.483380,-0.309496,-0.732995,4.743273,123.473381,-3.918760,-0.153820,0.868490,0.168054,0.440253,-11.354139,115.395370,21.081520,0.319863,0.890300,0.162282,-0.280569,-1.512969,117.471649,35.300896,-0.135012,0.276886,0.499051,-0.809972,14.424804,105.517540,20.226051,-0.002921,0.102802,0.470248,-0.876522,7.431175,123.237869,13.930119,0.073189,0.851829,0.058825,0.515334,-10.201290,87.467018,6.244360,0.076819,0.895114,-0.102477,0.427047,-12.589068,50.850506,-0.302860,-0.041699,0.936054,0.039819,0.347099,-23.233246,5.104670,5.271006,-0.102288,0.850471,-0.068444,0.511422,-2.362160,87.290588,22.146896,-0.009261,0.857423,-0.066032,0.510275,1.513487,51.145981,30.386055,-0.039564,0.790524,0.048022,0.609262,-0.922740,4.269108,36.188774,-0.041699,0.936054,0.039819,0.347099,-14.027164,0.756782,-5.043298,-0.039564,0.790524,0.048022,0.609262,12.533921,0.202017,32.664852
1146,9.550000,-0.016210,0.848440,0.035289,0.527866,-6.262685,87.379753,14.189592,-0.078425,0.830329,0.131513,0.535824,-6.733473,94.627365,14.500491,-0.038535,0.833917,0.102795,0.540861,-10.137675,106.592499,16.187136,0.018309,0.856128,-0.059397,0.513013,-12.768875,121.226631,18.132971,0.028421,0.866740,-0.150159,0.474770,-9.947042,134.648041,16.166307,-0.038139,0.754827,0.234183,0.611506,-14.266746,115.728806,14.622325,0.249334,-0.286189,0.213121,-0.900282,-18.607246,119.714378,-1.767473,0.261757,0.433306,-0.435382,-0.744427,0.014043,106.561874,-11.986250,0.365241,0.483286,-0.309600,-0.732927,4.756589,123.474335,-3.922274,-0.153872,0.868431,0.168074,0.440344,-11.345579,115.396072,21.074814,0.319644,0.890394,0.162332,-0.280488,-1.507758,117.472755,35.296448,-0.135066,0.276903,0.498860,-0.810075,14.439258,105.526886,20.224842,-0.002926,0.102891,0.470120,-0.876580,7.438737,123.242775,13.927591,0.073187,0.851940,0.058796,0.515155,-10.182829,87.466179,6.238590,0.076950,0.895009,-0.102631,0.427205,-12.572961,50.849377,-0.306156,-0.041541,0.936044,0.039768,0.347151,-23.235224,5.108431,5.273246,-0.102345,0.850626,-0.068622,0.511129,-2.342541,87.293327,22.140594,-0.009026,0.857513,-0.066066,0.510123,1.532640,51.151421,30.391766,-0.039615,0.790482,0.047857,0.609327,-0.923185,4.274565,36.186359,-0.041541,0.936044,0.039768,0.347151,-14.029616,0.757657,-5.040265,-0.039615,0.790482,0.047857,0.609327,12.533578,0.204705,32.666031
1147,9.558333,-0.016277,0.848466,0.035363,0.527816,-6.245416,87.381050,14.182477,-0.078597,0.830422,0.131312,0.535704,-6.717576,94.628563,14.493801,-0.038414,0.834030,0.103153,0.540627,-10.120729,106.588280,16.173643,0.018149,0.856175,-0.059316,0.512948,-12.754111,121.220482,18.131012,0.028327,0.866658,-0.150164,0.474923,-9.937340,134.642838,16.163614,-0.038232,0.754796,0.234291,0.611497,-14.252728,115.724731,14.617435,0.249485,-0.286182,0.212989,-0.900274,-18.593369,119.710098,-1.772374,0.261765,0.433368,-0.435462,-0.744341,0.030947,106.561569,-11.990743,0.365298,0.483218,-0.309683,-0.732908,4.768826,123.476074,-3.927128,-0.154133,0.868287,0.167960,0.440579,-11.327850,115.388229,21.068045,0.319533,0.890410,0.162462,-0.280490,-1.500040,117.472420,35.295498,-0.135011,0.276878,0.498817,-0.810119,14.450481,105.533073,20.222435,-0.002868,0.102763,0.469915,-0.876705,7.447869,123.247253,13.924345,0.073179,0.851992,0.058750,0.515076,-10.166451,87.467125,6.231911,0.077075,0.895009,-0.102742,0.427156,-12.558484,50.849854,-0.309483,-0.041531,0.936058,0.039650,0.347128,-23.235373,5.112889,5.274625,-0.102361,0.850615,-0.068703,0.511132,-2.324381,87.294975,22.133043,-0.009437,0.857648,-0.065762,0.509928,1.548643,51.154137,30.389887,-0.040541,0.790488,0.047410,0.609292,-0.857862,4.274216,36.180317,-0.041531,0.936058,0.039650,0.347128,-14.030653,0.758967,-5.038351,-0.040541,0.790488,0.047410,0.609292,12.602869,0.210315,32.668285
1148,9.566667,-0.016408,0.848444,0.035393,0.527845,-6.228245,87.381462,14.175764,-0.078764,0.830383,0.131442,0.535709,-6.702260,94.628883,14.486434,-0.038443,0.834018,0.103200,0.540635,-10.110666,106.587387,16.166628,0.018096,0.856123,-0.059323,0.513037,-12.745544,121.219231,18.124653,0.028278,0.866560,-0.150189,0.475097,-9.929619,134.641693,16.156811,-0.038361,0.754700,0.234435,0.611553,-14.243519,115.723511,14.610757,0.249437,-0.286093,0.213057,-0.900299,-18.581425,119.709145,-1.779716,0.261777,0.433296,-0.435543,-0.744332,0.043979,106.559082,-11.994156,0.365321,0.483193,-0.309717,-0.732899,4.781706,123.475693,-3.933572,-0.154251,0.868318,0.168127,0.440414,-11.318794,115.386963,21.061438,0.319428,0.890454,0.162609,-0.280384,-1.487188,117.473289,35.285961,-0.135020,0.276713,0.498626,-0.810291,14.469666,105.539108,20.215509,-0.002988,0.102771,0.469810,-0.876760,7.455732,123.249802,13.919966,0.073221,0.852009,0.058711,0.515046,-10.148657,87.465874,6.224870,0.077156,0.894934,-0.102854,0.427272,-12.545069,50.848705,-0.315496,-0.041615,0.936054,0.039564,0.347139,-23.233906,5.115101,5.273237,-0.102315,0.850671,-0.068772,0.511039,-2.307834,87.297050,22.126657,-0.008752,0.857570,-0.066226,0.510011,1.560539,51.156212,30.385696,-0.039473,0.790417,0.047709,0.609432,-0.924510,4.280895,36.180321,-0.041615,0.936054,0.039564,0.347139,-14.028379,0.759820,-5.038448,-0.039473,0.790417,0.047709,0.609432,12.531452,0.205379,32.663460
1149,9.575000,-0.016455,0.848452,0.035346,0.527835,-6.211922,87.379890,14.170191,-0.078913,0.830329,0.131665,0.535716,-6.686155,94.627335,14.479935,-0.038506,0.833987,0.103168,0.540685,-10.100871,106.584846,16.162724,0.018188,0.856053,-0.059375,0.513145,-12.736929,121.216736,18.118774,0.028101,0.866496,-0.150214,0.475216,-9.917784,134.638626,16.151596,-0.038411,0.754666,0.234484,0.611573,-14.234096,115.720535,14.605292,0.249543,-0.286063,0.213033,-0.900285,-18.571033,119.706131,-1.785447,0.261825,0.433186,-0.435615,-0.744337,0.055751,106.556168,-11.997498,0.365283,0.483159,-0.309721,-0.732938,4.794678,123.474487,-3.941611,-0.154388,0.868316,0.168235,0.440329,-11.310198,115.384888,21.056396,0.319451,0.890429,0.162700,-0.280385,-1.477454,117.474190,35.279697,-0.134982,0.276630,0.498692,-0.810285,14.478644,105.540672,20.207920,-0.002916,0.102612,0.469791,-0.876789,7.465569,123.252419,13.914798,0.073219,0.852028,0.058691,0.515016,-10.132505,87.463150,6.219370,0.077292,0.895001,-0.102913,0.427092,-12.529770,50.845791,-0.319594,-0.041516,0.936072,0.039534,0.347105,-23.231258,5.115327,5.270657,-0.102287,0.850644,-0.068776,0.511089,-2.291337,87.296631,22.121012,-0.009209,0.857689,-0.065967,0.509836,1.574650,51.155411,30.379545,-0.040459,0.790462,0.047281,0.609342,-0.859666,4.277637,36.175804,-0.041516,0.936072,0.039534,0.347105,-14.027468,0.758246,-5.041814,-0.040459,0.790462,0.047281,0.609342,12.600294,0.209503,32.665710
1150,9.583333,-0.016376,0.848432,0.035271,0.527873,-6.201859,87.379166,14.163691,-0.078941,0.830322,0.131747,0.535701,-6.674560,94.626724,14.473097,-0.038525,0.834000,0.103164,0.540664,-10.091123,106.584297,16.157324,0.018154,0.856036,-0.059404,0.513171,-12.727562,121.216164,18.113047,0.028011,0.866456,-0.150250,0.475284,-9.908734,134.637970,16.144852,-0.038566,0.754626,0.234527,0.611596,-14.224709,115.719810,14.599800,0.249712,-0.286057,0.212969,-0.900255,-18.560236,119.702469,-1.792020,0.261914,0.433164,-0.435626,-0.744312,0.068064,106.553337,-12.002357,0.365257,0.483227,-0.309720,-0.732907,4.807303,123.472633,-3.949244,-0.154382,0.868275,0.168219,0.440417,-11.300511,115.384460,21.050781,0.319419,0.890439,0.162737,-0.280369,-1.470401,117.473076,35.275997,-0.135039,0.276793,0.498669,-0.810234,14.487156,105.541206,20.204470,-0.003054,0.102706,0.469472,-0.876948,7.477320,123.251282,13.908134,0.073166,0.851974,0.058713,0.515111,-10.121766,87.462952,6.212543,0.077393,0.894902,-0.103065,0.427245,-12.514144,50.845192,-0.326046,-0.041429,0.936074,0.039417,0.347123,-23.231110,5.119169,5.270879,-0.102318,0.850672,-0.068747,0.511040,-2.281953,87.295387,22.114838,-0.009121,0.857708,-0.066083,0.509790,1.587602,51.154350,30.372452,-0.040348,0.790452,0.047277,0.609362,-0.859088,4.277867,36.173927,-0.041429,0.936074,0.039417,0.347123,-14.028017,0.758202,-5.040570,-0.040348,0.790452,0.047277,0.609362,12.600240,0.207730,32.663742
1151,9.591667,-0.016430,0.848447,0.035245,0.527850,-6.184827,87.379707,14.157743,-0.079069,0.830283,0.131928,0.535699,-6.657983,94.627258,14.466420,-0.038578,0.833979,0.103118,0.540701,-10.079570,106.583176,16.152590,0.018158,0.855990,-0.059448,0.513241,-12.716663,121.215210,18.106195,0.027918,0.866405,-0.150288,0.475369,-9.896887,134.636734,16.137394,-0.038589,0.754667,0.234542,0.611538,-14.213292,115.718369,14.593498,0.249777,-0.286005,0.212916,-0.900266,-18.551222,119.700203,-1.797889,0.262008,0.433081,-0.435592,-0.744347,0.079708,106.553062,-12.006012,0.365350,0.483250,-0.309789,-0.732816,4.822849,123.472656,-3.955958,-0.154454,0.868273,0.168274,0.440374,-11.289720,115.383926,21.044811,0.319417,0.890443,0.162758,-0.280345,-1.459090,117.474129,35.269444,-0.135063,0.276782,0.498627,-0.810260,14.499217,105.542389,20.198587,-0.003168,0.102671,0.469327,-0.877030,7.487450,123.251793,13.902557,0.073183,0.851975,0.058695,0.515109,-10.105140,87.462410,6.206780,0.077478,0.894835,-0.103178,0.427343,-12.499330,50.844692,-0.331349,-0.041343,0.936103,0.039342,0.347066,-23.228544,5.122128,5.270355,-0.102257,0.850652,-0.068780,0.511081,-2.264515,87.297005,22.108704,-0.008446,0.857655,-0.066567,0.509829,1.599532,51.155376,30.366337,-0.039331,0.790415,0.047538,0.609457,-0.925563,4.283852,36.174252,-0.041343,0.936103,0.039342,0.347066,-14.027691,0.758304,-5.041889,-0.039331,0.790415,0.047538,0.609457,12.528769,0.202141,32.658348
1152,9.600000,-0.016516,0.848423,0.035241,0.527887,-6.170422,87.380875,14.151698,-0.079192,0.830269,0.131968,0.535693,-6.644627,94.628395,14.459639,-0.038594,0.833983,0.103208,0.540676,-10.069760,106.585289,16.145185,0.018253,0.855966,-0.059526,0.513270,-12.708645,121.216728,18.100821,0.027779,0.866371,-0.150355,0.475419,-9.885497,134.637497,16.131725,-0.038653,0.754610,0.234561,0.611597,-14.204739,115.720139,14.587484,0.249795,-0.285937,0.212932,-0.900279,-18.540018,119.701256,-1.804781,0.262021,0.433031,-0.435620,-0.744355,0.092523,106.553856,-12.009622,0.365315,0.483209,-0.309839,-0.732839,4.836270,123.473862,-3.961489,-0.154339,0.868293,0.168377,0.440336,-11.280801,115.385231,21.038609,0.319224,0.890512,0.162685,-0.280389,-1.447765,117.470703,35.262268,-0.135135,0.276704,0.498539,-0.810329,14.515474,105.545792,20.191244,-0.003172,0.102400,0.469447,-0.876997,7.498257,123.254608,13.897806,0.073204,0.851891,0.058678,0.515248,-10.090002,87.462265,6.200363,0.077561,0.894714,-0.103350,0.427540,-12.485064,50.844620,-0.337883,-0.041276,0.936112,0.039283,0.347057,-23.229282,5.126625,5.272354,-0.102304,0.850617,-0.068825,0.511124,-2.250842,87.299484,22.103033,-0.008311,0.857617,-0.066621,0.509889,1.613940,51.159019,30.365404,-0.039263,0.790368,0.047489,0.609526,-0.925131,4.287961,36.171005,-0.041276,0.936112,0.039283,0.347057,-14.029399,0.760601,-5.039826,-0.039263,0.790368,0.047489,0.609526,12.529072,0.203997,32.657223
1153,9.608333,-0.017067,0.848501,0.035563,0.527721,-6.137215,87.389519,14.145107,-0.079510,0.830123,0.132581,0.535720,-6.620617,94.636436,14.452875,-0.038828,0.833854,0.103060,0.540887,-10.061472,106.591644,16.146893,0.018482,0.855852,-0.059567,0.513446,-12.704322,121.223450,18.094379,0.027682,0.866337,-0.150538,0.475429,-9.874697,134.643311,16.128477,-0.038751,0.754544,0.234555,0.611675,-14.197394,115.724968,14.582735,0.249834,-0.285876,0.212956,-0.900282,-18.529078,119.704124,-1.810956,0.262055,0.432997,-0.435614,-0.744366,0.104691,106.555847,-12.012398,0.365269,0.483193,-0.309880,-0.732856,4.849790,123.476097,-3.965569,-0.154196,0.868377,0.168509,0.440171,-11.276947,115.393593,21.035622,0.319117,0.890560,0.162740,-0.280328,-1.437292,117.474129,35.255424,-0.135247,0.276676,0.498506,-0.810340,14.531051,105.553482,20.186430,-0.003048,0.102613,0.469590,-0.876896,7.512114,123.261986,13.896012,0.073330,0.851888,0.058539,0.515251,-10.059555,87.465508,6.195082,0.077716,0.894604,-0.103456,0.427716,-12.467900,50.848026,-0.339157,-0.041151,0.936097,0.039138,0.347127,-23.230444,5.134383,5.271431,-0.102016,0.850615,-0.069044,0.511155,-2.214874,87.313530,22.095133,-0.008255,0.857471,-0.066634,0.510133,1.623119,51.170933,30.360657,-0.040114,0.790285,0.046763,0.609634,-0.922834,4.299951,36.163860,-0.041151,0.936097,0.039138,0.347127,-14.030560,0.763419,-5.038652,-0.040114,0.790285,0.046763,0.609634,12.534674,0.214535,32.664455
1154,9.616667,-0.017579,0.848419,0.035794,0.527822,-6.107512,87.386742,14.139727,-0.079710,0.830064,0.132706,0.535752,-6.599032,94.633171,14.446356,-0.038937,0.833819,0.103151,0.540915,-10.047819,106.593956,16.141071,0.018370,0.855852,-0.059498,0.513459,-12.694913,121.224953,18.088919,0.027678,0.866328,-0.150700,0.475394,-9.868808,134.645569,16.123087,-0.038826,0.754565,0.234570,0.611639,-14.186112,115.726196,14.576891,0.249989,-0.285878,0.212853,-0.900263,-18.519133,119.703354,-1.816931,0.262078,0.433025,-0.435609,-0.744345,0.116755,106.557655,-12.017838,0.365202,0.483200,-0.309965,-0.732848,4.860853,123.477196,-3.971292,-0.154225,0.868341,0.168507,0.440232,-11.266220,115.395355,21.030054,0.319058,0.890586,0.162793,-0.280280,-1.428758,117.476257,35.251320,-0.135245,0.276750,0.498386,-0.810389,14.542812,105.558182,20.183720,-0.003286,0.102671,0.469627,-0.876868,7.520797,123.263947,13.889739,0.073583,0.851898,0.058428,0.515211,-10.027660,87.457291,6.188569,0.077785,0.894468,-0.103684,0.427933,-12.456645,50.841618,-0.348154,-0.041307,0.936061,0.039076,0.347212,-23.235386,5.133459,5.276005,-0.101890,0.850560,-0.069171,0.511254,-2.187364,87.316200,22.090885,-0.008115,0.857410,-0.066691,0.510229,1.636878,51.172997,30.360157,-0.040165,0.790303,0.046665,0.609615,-0.923838,4.302520,36.160934,-0.041307,0.936061,0.039076,0.347212,-14.032364,0.762529,-5.031291,-0.040165,0.790303,0.046665,0.609615,12.533370,0.215805,32.661896
1155,9.625000,-0.017633,0.848408,0.035741,0.527840,-6.094878,87.385963,14.134976,-0.079046,0.830053,0.132673,0.535875,-6.586667,94.632408,14.440523,-0.039471,0.833643,0.103120,0.541153,-10.019298,106.588211,16.142084,0.018154,0.855784,-0.059298,0.513603,-12.679775,121.218132,18.079664,0.027661,0.866342,-0.150816,0.475333,-9.860998,134.640640,16.116121,-0.038795,0.754740,0.234725,0.611365,-14.163997,115.716148,14.569754,0.249944,-0.285889,0.212637,-0.900323,-18.508768,119.694946,-1.820560,0.261982,0.432998,-0.435648,-0.744372,0.131434,106.558838,-12.025960,0.365190,0.483283,-0.310122,-0.732733,4.875532,123.479530,-3.977837,-0.154510,0.868300,0.168664,0.440152,-11.248353,115.391411,21.025150,0.319220,0.890499,0.162829,-0.280352,-1.411498,117.478775,35.245892,-0.135249,0.276673,0.498481,-0.810356,14.552900,105.556000,20.174404,-0.003362,0.102695,0.469457,-0.876956,7.532896,123.264061,13.883818,0.073548,0.851816,0.058485,0.515345,-10.014645,87.455215,6.183617,0.077915,0.894398,-0.103817,0.428023,-12.438190,50.839649,-0.355773,-0.041364,0.936090,0.038966,0.347140,-23.233677,5.136022,5.273056,-0.101883,0.850535,-0.069177,0.511297,-2.175111,87.316719,22.086336,-0.008017,0.857428,-0.066781,0.510190,1.648056,51.173477,30.355921,-0.040132,0.790276,0.046622,0.609655,-0.924619,4.303986,36.159370,-0.041364,0.936090,0.038966,0.347140,-14.031948,0.762789,-5.034422,-0.040132,0.790276,0.046622,0.609655,12.532505,0.215791,32.661724
1156,9.633333,-0.017301,0.848387,0.035510,0.527901,-6.093191,87.388817,14.130829,-0.079071,0.830050,0.132538,0.535908,-6.579150,94.635674,14.436051,-0.039428,0.833647,0.103128,0.541149,-10.008836,106.586250,16.133526,0.018108,0.855796,-0.059315,0.513582,-12.668342,121.216240,18.072035,0.027618,0.866350,-0.150879,0.475300,-9.850459,134.638748,16.107330,-0.038787,0.754723,0.234755,0.611375,-14.152987,115.714554,14.561829,0.249901,-0.285846,0.212655,-0.900344,-18.497355,119.694328,-1.828355,0.261926,0.432939,-0.435685,-0.744404,0.143678,106.558334,-12.032380,0.365010,0.483317,-0.310148,-0.732789,4.888403,123.478569,-3.985098,-0.154584,0.868276,0.168755,0.440139,-11.237228,115.389236,21.017143,0.319160,0.890532,0.162724,-0.280376,-1.400765,117.477402,35.238037,-0.135357,0.276687,0.498457,-0.810348,14.564851,105.555466,20.167181,-0.003440,0.102663,0.469612,-0.876877,7.543650,123.265167,13.877782,0.073407,0.851552,0.058695,0.515777,-10.012035,87.460938,6.179042,0.078012,0.894359,-0.104026,0.428035,-12.415166,50.845657,-0.369464,-0.040987,0.936154,0.038742,0.347039,-23.227139,5.147562,5.272670,-0.102041,0.850347,-0.069012,0.511600,-2.174346,87.316689,22.082617,-0.007928,0.857376,-0.066890,0.510264,1.662158,51.174152,30.349079,-0.040257,0.790250,0.046414,0.609697,-0.923570,4.305902,36.156757,-0.040987,0.936154,0.038742,0.347039,-14.031701,0.764684,-5.036324,-0.040257,0.790250,0.046414,0.609697,12.533760,0.215268,32.662762
1157,9.641667,-0.017309,0.848361,0.035432,0.527948,-6.082063,87.388901,14.126039,-0.079759,0.830079,0.132699,0.535722,-6.567532,94.635834,14.430207,-0.039008,0.833867,0.103127,0.540841,-10.015026,106.589043,16.123178,0.018306,0.855900,-0.059478,0.513383,-12.663328,121.220016,18.069504,0.027550,0.866358,-0.151014,0.475248,-9.839240,134.640945,16.102846,-0.038881,0.754515,0.234659,0.611663,-14.154514,115.720657,14.558442,0.249980,-0.285839,0.212707,-0.900312,-18.486362,119.698547,-1.835510,0.262000,0.432906,-0.435660,-0.744412,0.153752,106.559502,-12.037270,0.365063,0.483287,-0.310250,-0.732739,4.900421,123.480103,-3.991730,-0.154484,0.868369,0.168760,0.439989,-11.233563,115.390968,21.011185,0.319084,0.890597,0.162549,-0.280359,-1.391451,117.477394,35.228424,-0.135463,0.276710,0.498361,-0.810381,14.577079,105.555237,20.160831,-0.003552,0.102708,0.469962,-0.876683,7.552039,123.265167,13.871415,0.073235,0.851583,0.058701,0.515749,-10.000020,87.460213,6.173808,0.078222,0.894427,-0.104082,0.427842,-12.392294,50.843121,-0.368483,-0.041056,0.936194,0.038639,0.346931,-23.222866,5.149224,5.271988,-0.102078,0.850300,-0.068990,0.511674,-2.164106,87.317589,22.078270,-0.008385,0.857406,-0.066597,0.510244,1.674832,51.175381,30.345058,-0.040169,0.790220,0.046545,0.609732,-0.859527,4.304138,36.151234,-0.041056,0.936194,0.038639,0.346931,-14.029375,0.764312,-5.037874,-0.040169,0.790220,0.046545,0.609732,12.598128,0.214858,32.656918
1158,9.650000,-0.017372,0.848364,0.035451,0.527940,-6.068476,87.389908,14.121381,-0.079742,0.830120,0.132570,0.535693,-6.554860,94.636787,14.425312,-0.039011,0.833896,0.103217,0.540779,-10.000142,106.590569,16.115942,0.018299,0.855929,-0.059644,0.513316,-12.649817,121.220985,18.064646,0.027480,0.866388,-0.151008,0.475199,-9.823804,134.640884,16.093729,-0.038924,0.754607,0.234700,0.611531,-14.140881,115.721916,14.553043,0.250051,-0.285853,0.212619,-0.900309,-18.478226,119.698318,-1.839812,0.262024,0.432884,-0.435639,-0.744428,0.163347,106.562080,-12.042520,0.365054,0.483326,-0.310278,-0.732707,4.911403,123.482384,-3.997634,-0.154487,0.868308,0.168691,0.440134,-11.218978,115.391685,21.005327,0.318896,0.890682,0.162268,-0.280463,-1.381320,117.478073,35.225647,-0.135534,0.276793,0.498224,-0.810425,14.590284,105.559830,20.158218,-0.003545,0.102725,0.470180,-0.876565,7.561606,123.267365,13.866302,0.073218,0.851543,0.058725,0.515815,-9.986541,87.460449,6.169198,0.078258,0.894480,-0.104052,0.427731,-12.376319,50.843376,-0.374164,-0.040428,0.936239,0.038755,0.346873,-23.208040,5.149424,5.263621,-0.102061,0.850239,-0.069012,0.511777,-2.150410,87.319359,22.073565,-0.007751,0.857207,-0.067028,0.510533,1.685591,51.177120,30.341566,-0.040193,0.790167,0.046298,0.609817,-0.922910,4.310355,36.151005,-0.040428,0.936239,0.038755,0.346873,-14.021389,0.761087,-5.050877,-0.040193,0.790167,0.046298,0.609817,12.534430,0.216070,32.661335
1159,9.658333,-0.017782,0.848329,0.035668,0.527967,-6.041802,87.386894,14.114414,-0.079723,0.830087,0.132706,0.535713,-6.534917,94.633339,14.417836,-0.039145,0.833851,0.103236,0.540835,-9.982872,106.590523,16.112015,0.018130,0.855951,-0.059473,0.513305,-12.636325,121.220505,18.058823,0.027516,0.866423,-0.151183,0.475077,-9.816666,134.641953,16.089378,-0.038996,0.754532,0.234865,0.611555,-14.125504,115.720734,14.547515,0.250178,-0.285912,0.212562,-0.900268,-18.461639,119.699097,-1.845190,0.262064,0.432964,-0.435670,-0.744350,0.179480,106.563293,-12.049300,0.365103,0.483438,-0.310377,-0.732567,4.924059,123.485443,-4.004022,-0.154593,0.868254,0.168632,0.440227,-11.204605,115.391838,21.000322,0.318989,0.890634,0.162341,-0.280469,-1.370941,117.481506,35.222931,-0.135470,0.276749,0.498360,-0.810367,14.597513,105.560936,20.153996,-0.003451,0.102590,0.470292,-0.876521,7.573382,123.270630,13.863648,0.073400,0.851461,0.058702,0.515928,-9.959111,87.453316,6.161821,0.078289,0.894164,-0.104371,0.428310,-12.360342,50.838028,-0.387315,-0.040415,0.936229,0.038792,0.346898,-23.210991,5.150822,5.268725,-0.101933,0.850181,-0.069159,0.511878,-2.124494,87.320473,22.067007,-0.007653,0.857118,-0.067076,0.510677,1.696831,51.177788,30.339899,-0.040059,0.790169,0.046456,0.609812,-0.922904,4.311478,36.148037,-0.040415,0.936229,0.038792,0.346898,-14.023834,0.763331,-5.045685,-0.040059,0.790169,0.046456,0.609812,12.534235,0.218371,32.656204
1160,9.666667,-0.017858,0.848300,0.035676,0.528010,-6.028288,87.389008,14.110210,-0.079749,0.830073,0.132700,0.535733,-6.522417,94.635406,14.413126,-0.039249,0.833831,0.103266,0.540853,-9.971031,106.593178,16.106829,0.018241,0.855922,-0.059565,0.513339,-12.627620,121.222733,18.052608,0.027440,0.866411,-0.151254,0.475081,-9.803974,134.643295,16.082794,-0.039067,0.754583,0.234852,0.611493,-14.115417,115.722466,14.541505,0.249928,-0.285773,0.212624,-0.900367,-18.454010,119.698105,-1.851216,0.261957,0.432867,-0.435819,-0.744357,0.189771,106.563797,-12.052396,0.365144,0.483363,-0.310417,-0.732579,4.932595,123.487488,-4.009526,-0.154620,0.868251,0.168655,0.440214,-11.194921,115.394524,20.994547,0.318995,0.890647,0.162362,-0.280409,-1.361148,117.484726,35.217007,-0.135443,0.276764,0.498338,-0.810380,14.608809,105.563484,20.150179,-0.003484,0.102599,0.470432,-0.876444,7.583917,123.273041,13.858363,0.073416,0.851482,0.058648,0.515897,-9.944731,87.454399,6.157181,0.078172,0.894516,-0.104204,0.427637,-12.349343,50.838818,-0.389065,-0.040306,0.936481,0.038994,0.346206,-23.179214,5.146572,5.266072,-0.101938,0.850037,-0.069108,0.512123,-2.111845,87.323608,22.063240,-0.007578,0.856993,-0.067142,0.510879,1.709443,51.180500,30.334244,-0.040231,0.790058,0.046261,0.609959,-0.920967,4.314935,36.143513,-0.040306,0.936481,0.038994,0.346206,-14.007631,0.762701,-5.063730,-0.040231,0.790058,0.046261,0.609959,12.537688,0.220504,32.659077
1161,9.675000,-0.017858,0.848328,0.035669,0.527966,-6.016199,87.389030,14.105969,-0.079739,0.830084,0.132663,0.535727,-6.510252,94.635437,14.408829,-0.039192,0.833835,0.103262,0.540851,-9.958260,106.593796,16.101997,0.018098,0.855980,-0.059547,0.513250,-12.613349,121.223511,18.048611,0.027433,0.866482,-0.151350,0.474920,-9.793572,134.644577,16.076733,-0.039101,0.754673,0.234846,0.611382,-14.101765,115.723587,14.537245,0.249997,-0.285776,0.212523,-0.900371,-18.444979,119.697144,-1.854749,0.261944,0.432853,-0.435846,-0.744354,0.200844,106.566284,-12.056626,0.365236,0.483221,-0.310560,-0.732566,4.943058,123.489784,-4.014539,-0.154678,0.868203,0.168519,0.440340,-11.181173,115.394997,20.990208,0.319065,0.890615,0.162455,-0.280376,-1.351910,117.488052,35.215359,-0.135333,0.276825,0.498390,-0.810346,14.616764,105.565277,20.148405,-0.003368,0.102687,0.470223,-0.876547,7.595547,123.274376,13.853279,0.073353,0.851439,0.058758,0.515964,-9.933477,87.454330,6.153353,0.078529,0.893970,-0.104656,0.428600,-12.329344,50.839020,-0.397620,-0.040752,0.936258,0.038229,0.346842,-23.213249,5.161014,5.268806,-0.101945,0.849933,-0.069080,0.512297,-2.098921,87.323738,22.058586,-0.008061,0.857006,-0.066858,0.510888,1.722177,51.180439,30.328888,-0.040900,0.790103,0.045546,0.609910,-0.855379,4.311979,36.138527,-0.040752,0.936258,0.038229,0.346842,-14.025584,0.762390,-5.040408,-0.040900,0.790103,0.045546,0.609910,12.603988,0.213244,32.661915
1162,9.683333,-0.017847,0.848305,0.035579,0.528010,-6.007366,87.389732,14.102202,-0.079795,0.830089,0.132620,0.535720,-6.500617,94.636238,14.404009,-0.039206,0.833855,0.103209,0.540830,-9.949134,106.594452,16.095528,0.018087,0.856028,-0.059445,0.513182,-12.603666,121.224464,18.040689,0.027458,0.866545,-0.151452,0.474772,-9.785789,134.646194,16.070642,-0.039298,0.754474,0.235013,0.611551,-14.092429,115.724197,14.529994,0.250161,-0.285788,0.212553,-0.900314,-18.427908,119.697800,-1.864037,0.261995,0.432972,-0.435939,-0.744212,0.216947,106.563721,-12.063526,0.365310,0.483213,-0.310686,-0.732481,4.952033,123.489532,-4.022180,-0.154751,0.868190,0.168635,0.440297,-11.171527,115.396225,20.982847,0.319153,0.890594,0.162340,-0.280408,-1.341718,117.489899,35.207527,-0.135312,0.276792,0.498492,-0.810297,14.623224,105.562149,20.140562,-0.003233,0.102578,0.470315,-0.876511,7.604973,123.274185,13.846850,0.073284,0.851532,0.058745,0.515821,-9.923816,87.454376,6.149174,0.078377,0.894409,-0.104443,0.427763,-12.316917,50.838196,-0.397937,-0.040888,0.936537,0.038380,0.346054,-23.174320,5.153718,5.267200,-0.101946,0.849884,-0.069028,0.512387,-2.090915,87.325081,22.055233,-0.007433,0.856857,-0.067306,0.511088,1.731396,51.181267,30.322683,-0.040325,0.790000,0.046022,0.610045,-0.920101,4.317575,36.137486,-0.040888,0.936537,0.038380,0.346054,-14.002128,0.759812,-5.057789,-0.040325,0.790000,0.046022,0.610045,12.538769,0.219503,32.658176
1163,9.691667,-0.017791,0.848258,0.035524,0.528092,-5.997914,87.389771,14.098072,-0.080031,0.830082,0.132724,0.535671,-6.490074,94.636368,14.399585,-0.039170,0.833921,0.103116,0.540749,-9.945592,106.595886,16.090584,0.018316,0.856048,-0.059666,0.513115,-12.597531,121.226563,18.034298,0.027381,0.866590,-0.151406,0.474709,-9.771481,134.646255,16.062059,-0.039357,0.754400,0.234911,0.611677,-14.087844,115.726044,14.524659,0.250302,-0.285735,0.212571,-0.900288,-18.417780,119.697044,-1.871467,0.262104,0.432944,-0.435968,-0.744172,0.228195,106.561073,-12.066483,0.365445,0.483181,-0.310900,-0.732343,4.963388,123.489212,-4.028457,-0.154614,0.868237,0.168548,0.440284,-11.165656,115.398499,20.976954,0.319118,0.890632,0.162250,-0.280382,-1.333966,117.489670,35.200710,-0.135353,0.276883,0.498471,-0.810273,14.632836,105.561424,20.136091,-0.003172,0.102664,0.470217,-0.876553,7.615786,123.273041,13.840455,0.073247,0.851425,0.058893,0.515987,-9.912876,87.454819,6.144312,0.078655,0.893873,-0.104913,0.428716,-12.296641,50.839539,-0.411228,-0.040686,0.936328,0.037995,0.346687,-23.202068,5.168495,5.269934,-0.102012,0.849887,-0.068948,0.512379,-2.082952,87.324730,22.051832,-0.007865,0.856954,-0.067199,0.510933,1.746673,51.181076,30.316666,-0.040154,0.790162,0.046178,0.609836,-0.863642,4.316652,36.144207,-0.040686,0.936328,0.037995,0.346687,-14.018968,0.763092,-5.040455,-0.040154,0.790162,0.046178,0.609836,12.592988,0.219062,32.655670
1164,9.700000,-0.017847,0.848273,0.035460,0.528068,-5.987821,87.389954,14.096135,-0.080053,0.830067,0.132764,0.535681,-6.480179,94.636581,14.396445,-0.039200,0.833902,0.103044,0.540790,-9.937082,106.597076,16.088097,0.018255,0.856059,-0.059766,0.513086,-12.588716,121.228119,18.029404,0.027422,0.866623,-0.151476,0.474623,-9.762794,134.647354,16.053873,-0.039347,0.754463,0.234802,0.611642,-14.078864,115.727142,14.520418,0.250490,-0.285797,0.212490,-0.900235,-18.410345,119.695732,-1.875889,0.262161,0.432896,-0.435965,-0.744182,0.235596,106.560539,-12.071970,0.365487,0.483099,-0.311024,-0.732324,4.972367,123.488724,-4.036335,-0.154679,0.868252,0.168509,0.440247,-11.157338,115.400459,20.973059,0.319207,0.890600,0.162137,-0.280447,-1.325234,117.494499,35.196106,-0.135322,0.276920,0.498509,-0.810242,14.636922,105.561760,20.130127,-0.003187,0.102646,0.470086,-0.876626,7.622312,123.273659,13.833280,0.073156,0.851562,0.058944,0.515768,-9.903184,87.453537,6.142559,0.078836,0.894099,-0.104919,0.428210,-12.280948,50.837708,-0.412109,-0.040574,0.936359,0.038002,0.346613,-23.198616,5.169496,5.268305,-0.101954,0.849828,-0.068945,0.512488,-2.072457,87.326363,22.049709,-0.007261,0.856848,-0.067495,0.511080,1.752555,51.181805,30.312651,-0.040251,0.789965,0.046016,0.610097,-0.922037,4.320288,36.134365,-0.040574,0.936359,0.038002,0.346613,-14.018146,0.763088,-5.043999,-0.040251,0.789965,0.046016,0.610097,12.536733,0.220840,32.656277
1165,9.708333,-0.017862,0.848269,0.035450,0.528076,-5.980343,87.392334,14.093149,-0.080021,0.830101,0.132599,0.535673,-6.472807,94.638962,14.393213,-0.039212,0.833920,0.103077,0.540754,-9.926460,106.599258,16.081789,0.018260,0.856063,-0.059875,0.513067,-12.578847,121.230080,18.023819,0.027373,0.866624,-0.151434,0.474638,-9.751362,134.648605,16.045765,-0.039416,0.754513,0.234810,0.611572,-14.068934,115.729118,14.514761,0.250832,-0.285793,0.212367,-0.900170,-18.403187,119.695427,-1.881370,0.262322,0.432928,-0.435978,-0.744099,0.245458,106.561592,-12.074260,0.365584,0.483023,-0.311054,-0.732313,4.980652,123.491562,-4.042016,-0.154713,0.868239,0.168420,0.440294,-11.146873,115.402390,20.967155,0.319224,0.890590,0.162331,-0.280346,-1.316577,117.498482,35.191154,-0.135149,0.276887,0.498546,-0.810259,14.647857,105.567024,20.126579,-0.003049,0.102511,0.470147,-0.876609,7.634308,123.277649,13.827601,0.073041,0.851497,0.059022,0.515882,-9.895560,87.455597,6.139498,0.078939,0.893997,-0.105070,0.428368,-12.262102,50.839199,-0.416033,-0.040289,0.936389,0.037900,0.346578,-23.195389,5.175513,5.270768,-0.102056,0.849787,-0.068862,0.512548,-2.065127,87.329063,22.046799,-0.007689,0.856823,-0.067332,0.511137,1.768928,51.185215,30.308697,-0.040193,0.790062,0.046105,0.609968,-0.863462,4.322219,36.137802,-0.040289,0.936389,0.037900,0.346578,-14.018620,0.763567,-5.042462,-0.040193,0.790062,0.046105,0.609968,12.594228,0.223713,32.654430
1166,9.716667,-0.017582,0.848155,0.035231,0.528282,-5.977746,87.387459,14.090104,-0.079923,0.830063,0.132513,0.535769,-6.465150,94.634460,14.389507,-0.039274,0.833883,0.103053,0.540812,-9.917860,106.602737,16.078259,0.018323,0.856027,-0.060060,0.513103,-12.571541,121.233559,18.018511,0.027372,0.866617,-0.151404,0.474661,-9.739894,134.650742,16.037270,-0.039498,0.754459,0.234840,0.611622,-14.060718,115.732170,14.509744,0.250735,-0.285687,0.212484,-0.900203,-18.392590,119.697426,-1.887262,0.262323,0.432764,-0.436101,-0.744122,0.256625,106.560707,-12.075378,0.365631,0.482945,-0.311157,-0.732298,4.993206,123.493065,-4.048660,-0.154749,0.868294,0.168518,0.440137,-11.139616,115.406250,20.962610,0.319239,0.890583,0.162323,-0.280357,-1.304872,117.503143,35.183407,-0.135148,0.276800,0.498511,-0.810311,14.658755,105.571106,20.118437,-0.003050,0.102564,0.470182,-0.876584,7.641374,123.282410,13.821048,0.072952,0.851443,0.059103,0.515974,-9.889269,87.453064,6.134659,0.078999,0.893787,-0.105294,0.428740,-12.246382,50.836407,-0.422859,-0.040554,0.936384,0.037849,0.346567,-23.195908,5.178076,5.275617,-0.102255,0.849672,-0.068777,0.512709,-2.066224,87.321861,22.045549,-0.007025,0.856681,-0.067634,0.511345,1.781991,51.180164,30.310266,-0.040221,0.789883,0.046189,0.610191,-0.920266,4.320106,36.130974,-0.040554,0.936384,0.037849,0.346567,-14.017028,0.767471,-5.036303,-0.040221,0.789883,0.046189,0.610191,12.539968,0.223950,32.654686
1167,9.725000,-0.017582,0.848163,0.035169,0.528274,-5.971677,87.389450,14.088674,-0.079911,0.830086,0.132426,0.535756,-6.458606,94.636520,14.387326,-0.039350,0.833892,0.103013,0.540799,-9.910207,106.606590,16.074701,0.017931,0.856057,-0.059380,0.513146,-12.565106,121.237473,18.012787,0.027646,0.866515,-0.151849,0.474689,-9.751863,134.660049,16.041859,-0.039530,0.754410,0.234850,0.611677,-14.053862,115.735435,14.504868,0.250873,-0.285674,0.212514,-0.900162,-18.383339,119.700600,-1.892798,0.262437,0.432670,-0.436067,-0.744157,0.265585,106.561157,-12.077935,0.365672,0.482932,-0.311293,-0.732227,5.006168,123.493073,-4.055414,-0.154707,0.868314,0.168491,0.440122,-11.132648,115.410736,20.957745,0.319220,0.890598,0.162332,-0.280324,-1.297011,117.506958,35.178024,-0.135209,0.276900,0.498456,-0.810300,14.668158,105.575371,20.114326,-0.003072,0.102784,0.469699,-0.876817,7.651035,123.285233,13.814960,0.072893,0.851433,0.059203,0.515987,-9.883356,87.454468,6.133299,0.079068,0.893458,-0.105525,0.429354,-12.232782,50.838047,-0.428301,-0.040474,0.936367,0.037679,0.346639,-23.201149,5.185333,5.278965,-0.102362,0.849804,-0.068699,0.512480,-2.059998,87.324432,22.044048,-0.007443,0.856671,-0.067445,0.511382,1.800147,51.183571,30.306820,-0.041408,0.790090,0.044822,0.609946,-0.859256,4.321659,36.132374,-0.040474,0.936367,0.037679,0.346639,-14.021881,0.769614,-5.030421,-0.041408,0.790090,0.044822,0.609946,12.600390,0.215703,32.665386
1168,9.733333,-0.017564,0.848155,0.035089,0.528293,-5.965265,87.389412,14.087764,-0.079977,0.830108,0.132325,0.535737,-6.451371,94.636574,14.385549,-0.039245,0.833940,0.102875,0.540760,-9.903030,106.607201,16.070074,0.018250,0.856000,-0.060285,0.513124,-12.552998,121.239182,18.006578,0.027424,0.866527,-0.151397,0.474825,-9.719859,134.655151,16.019257,-0.039581,0.754521,0.234729,0.611583,-14.043960,115.737167,14.499569,0.250879,-0.285625,0.212504,-0.900178,-18.377300,119.697502,-1.898241,0.262497,0.432559,-0.436042,-0.744214,0.273252,106.558868,-12.081451,0.365867,0.482669,-0.311237,-0.732328,5.018320,123.490730,-4.062008,-0.154745,0.868255,0.168457,0.440238,-11.122031,115.412369,20.952118,0.319290,0.890567,0.162287,-0.280371,-1.290350,117.509254,35.175037,-0.135186,0.276961,0.498534,-0.810236,14.671275,105.574821,20.109840,-0.002988,0.102800,0.469467,-0.876940,7.658542,123.286186,13.809103,0.072832,0.851474,0.059275,0.515920,-9.876594,87.453957,6.132212,0.079161,0.893439,-0.105577,0.429364,-12.219923,50.837517,-0.431447,-0.040555,0.936375,0.037539,0.346624,-23.198229,5.187243,5.276185,-0.102464,0.849956,-0.068582,0.512222,-2.053936,87.324875,22.043314,-0.007241,0.856973,-0.067615,0.510856,1.819602,51.184357,30.301363,-0.040546,0.790015,0.045611,0.610043,-0.860842,4.324344,36.132538,-0.040555,0.936375,0.037539,0.346624,-14.018890,0.768718,-5.031937,-0.040546,0.790015,0.045611,0.610043,12.597516,0.221017,32.657433
1169,9.741667,-0.017481,0.848127,0.034955,0.528349,-5.963654,87.389671,14.085754,-0.079956,0.830080,0.132325,0.535785,-6.447731,94.637009,14.382505,-0.039301,0.833908,0.102775,0.540825,-9.898315,106.605232,16.066751,0.018396,0.855949,-0.060446,0.513185,-12.548232,121.237694,17.999664,0.027383,0.866514,-0.151335,0.474870,-9.709256,134.652237,16.011003,-0.039694,0.754418,0.234780,0.611683,-14.038764,115.734955,14.493603,0.250861,-0.285592,0.212513,-0.900191,-18.367525,119.694351,-1.905638,0.262464,0.432565,-0.436111,-0.744182,0.283760,106.555832,-12.087641,0.365748,0.482845,-0.311377,-0.732212,5.026220,123.488319,-4.068817,-0.154739,0.868348,0.168521,0.440033,-11.117888,115.411484,20.946693,0.319271,0.890581,0.162297,-0.280341,-1.279858,117.508926,35.165131,-0.135253,0.276949,0.498456,-0.810277,14.683205,105.575012,20.101049,-0.003102,0.102899,0.469258,-0.877040,7.666735,123.286163,13.800878,0.072714,0.851455,0.059333,0.515962,-9.873980,87.454254,6.129714,0.079253,0.893411,-0.105641,0.429390,-12.207219,50.837040,-0.433224,-0.040325,0.936388,0.037471,0.346623,-23.195999,5.189428,5.275568,-0.102556,0.849919,-0.068416,0.512288,-2.053329,87.325089,22.041796,-0.007177,0.856844,-0.067761,0.511053,1.831782,51.184307,30.293211,-0.040014,0.789997,0.046073,0.610066,-0.862278,4.326084,36.132420,-0.040325,0.936388,0.037471,0.346623,-14.019007,0.766841,-5.032895,-0.040014,0.789997,0.046073,0.610066,12.594834,0.223810,32.651276
1170,9.750000,-0.017474,0.848168,0.034991,0.528281,-5.960392,87.390930,14.084586,-0.079991,0.830097,0.132240,0.535774,-6.444634,94.638229,14.381870,-0.039176,0.833932,0.102618,0.540826,-9.893831,106.603455,16.063477,0.018196,0.855905,-0.060526,0.513257,-12.538108,121.237183,17.994564,0.027425,0.866392,-0.151278,0.475108,-9.702448,134.651779,16.001602,-0.039621,0.754490,0.234655,0.611647,-14.030864,115.734550,14.489280,0.250761,-0.285511,0.212583,-0.900228,-18.361355,119.692825,-1.909783,0.262525,0.432350,-0.436123,-0.744278,0.290765,106.553230,-12.088873,0.365965,0.482558,-0.311216,-0.732360,5.040028,123.486725,-4.075670,-0.154720,0.868308,0.168299,0.440203,-11.109872,115.410820,20.942310,0.319247,0.890585,0.162098,-0.280472,-1.276859,117.509857,35.163994,-0.135271,0.277082,0.498489,-0.810207,14.683303,105.575226,20.097404,-0.003157,0.102852,0.469553,-0.876887,7.671703,123.285553,13.794727,0.072604,0.851437,0.059410,0.515999,-9.872004,87.455902,6.129176,0.079319,0.893287,-0.105728,0.429614,-12.195037,50.838184,-0.434545,-0.040172,0.936398,0.037370,0.346625,-23.194223,5.193311,5.276059,-0.102620,0.849950,-0.068348,0.512233,-2.048780,87.325958,22.039997,-0.007099,0.856746,-0.067833,0.511208,1.843495,51.185459,30.289280,-0.039914,0.789968,0.046028,0.610114,-0.861423,4.328045,36.130013,-0.040172,0.936398,0.037370,0.346625,-14.018867,0.766593,-5.032094,-0.039914,0.789968,0.046028,0.610114,12.595180,0.223094,32.650028
1171,9.758333,-0.017450,0.848144,0.034953,0.528324,-5.958841,87.393089,14.084241,-0.079640,0.830096,0.132056,0.535873,-6.442513,94.640442,14.381210,-0.039365,0.833845,0.102522,0.540964,-9.880154,106.601013,16.062473,0.018051,0.855893,-0.060281,0.513311,-12.527924,121.234879,17.987684,0.027513,0.866410,-0.151472,0.475009,-9.698853,134.651459,15.998599,-0.039532,0.754596,0.234661,0.611520,-14.018339,115.730789,14.483693,0.250481,-0.285409,0.212670,-0.900318,-18.354498,119.690338,-1.913558,0.262388,0.432229,-0.436282,-0.744304,0.298671,106.551125,-12.091209,0.365791,0.482750,-0.311267,-0.732300,5.046589,123.485901,-4.080437,-0.154833,0.868245,0.168221,0.440317,-11.099669,115.409767,20.937904,0.319148,0.890612,0.162045,-0.280529,-1.271378,117.512421,35.162312,-0.135292,0.277143,0.498427,-0.810222,14.690356,105.581474,20.094463,-0.003158,0.102913,0.469530,-0.876893,7.678249,123.289017,13.790269,0.072504,0.851424,0.059460,0.516027,-9.869658,87.458084,6.128445,0.079380,0.893319,-0.105755,0.429529,-12.184279,50.839741,-0.434741,-0.040180,0.936447,0.037285,0.346500,-23.189104,5.196315,5.276567,-0.102672,0.849854,-0.068290,0.512390,-2.048024,87.328087,22.040037,-0.006530,0.856469,-0.068087,0.511646,1.848240,51.187790,30.288332,-0.039956,0.789776,0.045890,0.610370,-0.918061,4.332906,36.120605,-0.040180,0.936447,0.037285,0.346500,-14.016603,0.767383,-5.033169,-0.039956,0.789776,0.045890,0.610370,12.540354,0.225647,32.650383
1172,9.766667,-0.017509,0.848142,0.034991,0.528322,-5.954919,87.396172,14.083211,-0.079627,0.830114,0.131884,0.535888,-6.439601,94.643448,14.380208,-0.039370,0.833847,0.102494,0.540966,-9.874249,106.603531,16.057856,0.018160,0.855820,-0.060635,0.513386,-12.521709,121.237549,17.982286,0.027454,0.866332,-0.151259,0.475221,-9.684938,134.651581,15.986986,-0.039547,0.754498,0.234695,0.611627,-14.012226,115.733315,14.478575,0.250705,-0.285460,0.212685,-0.900236,-18.343784,119.694199,-1.919572,0.262560,0.432238,-0.436151,-0.744315,0.307618,106.551361,-12.095779,0.366004,0.482478,-0.311142,-0.732426,5.060005,123.486839,-4.085518,-0.154833,0.868224,0.168161,0.440381,-11.093598,115.412567,20.932821,0.319049,0.890660,0.162151,-0.280429,-1.267269,117.515671,35.158516,-0.135198,0.277125,0.498310,-0.810315,14.700401,105.589035,20.093554,-0.003109,0.102885,0.469458,-0.876935,7.683733,123.292137,13.786877,0.072446,0.851437,0.059496,0.516011,-9.865752,87.460655,6.127416,0.079468,0.893238,-0.105846,0.429660,-12.175433,50.841988,-0.435719,-0.040167,0.936446,0.037187,0.346515,-23.192123,5.201718,5.277984,-0.102790,0.849814,-0.068174,0.512448,-2.044087,87.331680,22.039007,-0.006955,0.856514,-0.067932,0.511587,1.863407,51.192009,30.284708,-0.039989,0.789897,0.045871,0.610213,-0.860514,4.335678,36.125259,-0.040167,0.936446,0.037187,0.346515,-14.019672,0.770140,-5.030665,-0.039989,0.789897,0.045871,0.610213,12.596695,0.228572,32.650173
1173,9.775000,-0.017561,0.848084,0.034952,0.528416,-5.948111,87.398178,14.082130,-0.079685,0.830084,0.131880,0.535927,-6.433176,94.645477,14.378188,-0.039358,0.833833,0.102524,0.540983,-9.869763,106.607834,16.055157,0.018351,0.855772,-0.060719,0.513450,-12.517437,121.241699,17.980459,0.027348,0.866284,-0.151367,0.475281,-9.674856,134.654648,15.986258,-0.039612,0.754537,0.234624,0.611601,-14.007768,115.737686,14.476325,0.250586,-0.285402,0.212732,-0.900276,-18.340235,119.695091,-1.922424,0.262596,0.432110,-0.436095,-0.744409,0.311826,106.552101,-12.097235,0.366144,0.482377,-0.311111,-0.732434,5.070518,123.487411,-4.088861,-0.154822,0.868241,0.168164,0.440351,-11.089383,115.416542,20.930662,0.319122,0.890608,0.162399,-0.280366,-1.262008,117.519501,35.155655,-0.135075,0.277057,0.498360,-0.810328,14.705112,105.593407,20.089676,-0.003040,0.102907,0.469352,-0.876989,7.689138,123.296234,13.783018,0.072453,0.851497,0.059511,0.515908,-9.857143,87.461578,6.125442,0.079579,0.893186,-0.105959,0.429720,-12.167443,50.843121,-0.438673,-0.040136,0.936405,0.037149,0.346634,-23.198341,5.206781,5.279047,-0.102858,0.849791,-0.068103,0.512482,-2.039078,87.334778,22.038820,-0.006834,0.856557,-0.068010,0.511506,1.875106,51.195419,30.282740,-0.039752,0.789860,0.045986,0.610267,-0.861873,4.339933,36.124004,-0.040136,0.936405,0.037149,0.346634,-14.023685,0.773994,-5.027122,-0.039752,0.789860,0.045986,0.610267,12.594702,0.231300,32.648273
1174,9.783333,-0.017532,0.848134,0.035041,0.528331,-5.947109,87.401688,14.081372,-0.079562,0.830140,0.131647,0.535916,-6.432468,94.648911,14.378797,-0.039395,0.833845,0.102422,0.540981,-9.862871,106.611397,16.052494,0.018347,0.855732,-0.060905,0.513495,-12.509820,121.245811,17.974709,0.027439,0.866210,-0.151363,0.475413,-9.664597,134.657593,15.976399,-0.039612,0.754592,0.234561,0.611558,-14.000426,115.741119,14.471738,0.250669,-0.285346,0.212744,-0.900268,-18.334745,119.696747,-1.926953,0.262738,0.431996,-0.436006,-0.744478,0.318678,106.552864,-12.098133,0.366203,0.482475,-0.311249,-0.732282,5.084398,123.488579,-4.093105,-0.154897,0.868265,0.168407,0.440185,-11.082050,115.421188,20.926140,0.319176,0.890614,0.162112,-0.280450,-1.250379,117.523788,35.148224,-0.135141,0.277006,0.498329,-0.810354,14.712652,105.591835,20.082544,-0.003086,0.102931,0.469537,-0.876887,7.693752,123.296059,13.777950,0.072335,0.851478,0.059588,0.515949,-9.857751,87.466293,6.125482,0.079614,0.893127,-0.106003,0.429825,-12.157367,50.847244,-0.439093,-0.040097,0.936444,0.037022,0.346546,-23.193609,5.212319,5.279572,-0.102940,0.849746,-0.068006,0.512553,-2.036468,87.337082,22.037262,-0.006762,0.856473,-0.068060,0.511641,1.885938,51.197998,30.278498,-0.039890,0.789805,0.045744,0.610348,-0.860196,4.343051,36.119823,-0.040097,0.936444,0.037022,0.346546,-14.021574,0.775826,-5.027338,-0.039890,0.789805,0.045744,0.610348,12.596843,0.231471,32.649361
1175,9.791667,-0.017458,0.848153,0.034914,0.528312,-5.946694,87.401367,14.080757,-0.079479,0.830146,0.131623,0.535926,-6.430157,94.648758,14.377202,-0.039405,0.833837,0.102266,0.541022,-9.858406,106.611168,16.051439,0.018299,0.855690,-0.060969,0.513559,-12.503197,121.246513,17.969484,0.027493,0.866142,-0.151401,0.475521,-9.657990,134.658020,15.969351,-0.039577,0.754602,0.234515,0.611566,-13.994362,115.741119,14.467856,0.250683,-0.285329,0.212820,-0.900252,-18.328417,119.696724,-1.930904,0.262824,0.431913,-0.435959,-0.744523,0.323860,106.549599,-12.099966,0.366222,0.482442,-0.311073,-0.732370,5.093705,123.484612,-4.097878,-0.154897,0.868253,0.168308,0.440246,-11.076624,115.422462,20.922609,0.319349,0.890539,0.162394,-0.280331,-1.246845,117.526184,35.145832,-0.134875,0.276984,0.498416,-0.810352,14.714008,105.590752,20.080612,-0.003051,0.102917,0.469705,-0.876799,7.698568,123.293510,13.772305,0.072179,0.851541,0.059630,0.515861,-9.857742,87.465881,6.125067,0.079764,0.893328,-0.105943,0.429394,-12.146574,50.845528,-0.435971,-0.039967,0.936450,0.037016,0.346547,-23.190208,5.211654,5.276773,-0.103025,0.849810,-0.067922,0.512441,-2.035646,87.336853,22.036448,-0.006670,0.856557,-0.068167,0.511486,1.896429,51.198219,30.275076,-0.039766,0.789832,0.045678,0.610326,-0.861299,4.344544,36.121101,-0.039967,0.936450,0.037016,0.346547,-14.019378,0.773675,-5.030564,-0.039766,0.789832,0.045678,0.610326,12.594339,0.229380,32.649471
1176,9.800000,-0.017457,0.848162,0.034856,0.528301,-5.944754,87.400780,14.081341,-0.078785,0.830125,0.131503,0.536089,-6.427757,94.648232,14.377085,-0.039891,0.833637,0.102170,0.541313,-9.837435,106.603714,16.056313,0.018123,0.855614,-0.060779,0.513715,-12.493479,121.238495,17.963120,0.027653,0.866145,-0.151630,0.475433,-9.654486,134.651718,15.965671,-0.039442,0.754800,0.234554,0.611315,-13.978155,115.729950,14.463706,0.250521,-0.285287,0.212816,-0.900311,-18.323269,119.687614,-1.931633,0.262805,0.431923,-0.435943,-0.744533,0.330280,106.542847,-12.101433,0.366482,0.482241,-0.310923,-0.732435,5.100060,123.476501,-4.098807,-0.155005,0.868177,0.168066,0.440450,-11.065441,115.417229,20.921017,0.319509,0.890448,0.162426,-0.280418,-1.243073,117.526337,35.148560,-0.134775,0.277113,0.498569,-0.810230,14.710241,105.586365,20.078955,-0.003110,0.102950,0.469783,-0.876753,7.703948,123.290848,13.766789,0.072131,0.851583,0.059656,0.515795,-9.855997,87.464760,6.125744,0.079775,0.893289,-0.105945,0.429472,-12.141307,50.844128,-0.434963,-0.040014,0.936458,0.036982,0.346523,-23.186487,5.210468,5.276551,-0.103058,0.849838,-0.067799,0.512404,-2.033510,87.336800,22.036938,-0.006615,0.856579,-0.068278,0.511437,1.905747,51.197445,30.268908,-0.039702,0.789876,0.045563,0.610281,-0.861502,4.345134,36.121361,-0.040014,0.936458,0.036982,0.346523,-14.015829,0.772089,-5.030769,-0.039702,0.789876,0.045563,0.610281,12.592729,0.226354,32.648552
1177,9.808333,-0.017098,0.848175,0.034674,0.528304,-5.953780,87.406616,14.081955,-0.079432,0.830162,0.131496,0.535938,-6.430965,94.654427,14.378214,-0.039378,0.833849,0.102072,0.541042,-9.854074,106.609055,16.049238,0.018302,0.855710,-0.060951,0.513527,-12.495108,121.245659,17.962900,0.027772,0.866125,-0.151812,0.475405,-9.650182,134.657272,15.963064,-0.039553,0.754573,0.234407,0.611644,-13.987604,115.739632,14.462847,0.250639,-0.285238,0.213036,-0.900242,-18.318422,119.694260,-1.937009,0.263052,0.431852,-0.435777,-0.744585,0.331864,106.539284,-12.099586,0.366660,0.482177,-0.310922,-0.732389,5.109492,123.471924,-4.100846,-0.154853,0.868262,0.168125,0.440314,-11.070143,115.422104,20.917780,0.319491,0.890499,0.162269,-0.280366,-1.241949,117.526939,35.141937,-0.134853,0.277172,0.498567,-0.810198,14.713385,105.584320,20.076563,-0.002985,0.103020,0.469740,-0.876768,7.708226,123.289490,13.764280,0.072000,0.851467,0.059767,0.515992,-9.865191,87.474281,6.126470,0.079751,0.893250,-0.105966,0.429553,-12.136402,50.853230,-0.436798,-0.039765,0.936517,0.036774,0.346415,-23.180887,5.219617,5.276418,-0.103302,0.849962,-0.067638,0.512170,-2.042370,87.338951,22.037441,-0.006421,0.856658,-0.068300,0.511303,1.920605,51.201717,30.267355,-0.039562,0.789748,0.045454,0.610465,-0.862499,4.349452,36.112633,-0.039765,0.936517,0.036774,0.346415,-14.015455,0.773281,-5.032120,-0.039562,0.789748,0.045454,0.610465,12.591785,0.225914,32.645679
1178,9.816667,-0.017158,0.848181,0.034711,0.528289,-5.950191,87.409264,14.081259,-0.079447,0.830140,0.131484,0.535973,-6.428386,94.657005,14.377527,-0.039343,0.833820,0.102070,0.541090,-9.851517,106.610931,16.047844,0.018337,0.855677,-0.061014,0.513573,-12.491755,121.247627,17.961874,0.027795,0.866080,-0.151966,0.475436,-9.644990,134.658752,15.961346,-0.039534,0.754587,0.234350,0.611651,-13.984256,115.741852,14.461420,0.250788,-0.285282,0.213026,-0.900188,-18.314829,119.695793,-1.938662,0.263163,0.431835,-0.435636,-0.744638,0.334382,106.539139,-12.101035,0.366747,0.482007,-0.310831,-0.732496,5.117476,123.470856,-4.102036,-0.154900,0.868274,0.168105,0.440281,-11.067497,115.423843,20.916647,0.319608,0.890440,0.162459,-0.280311,-1.238807,117.530693,35.140156,-0.134696,0.277076,0.498641,-0.810212,14.714342,105.586075,20.074062,-0.002864,0.103048,0.469842,-0.876711,7.710217,123.291107,13.762191,0.071959,0.851409,0.059658,0.516105,-9.861851,87.476372,6.125893,0.079827,0.893219,-0.105929,0.429612,-12.133827,50.853897,-0.429181,-0.039842,0.936502,0.036713,0.346453,-23.183552,5.220685,5.277081,-0.103306,0.849847,-0.067550,0.512372,-2.038531,87.342155,22.036625,-0.006401,0.856443,-0.068339,0.511658,1.926199,51.204098,30.262077,-0.039584,0.789692,0.045386,0.610541,-0.862833,4.352310,36.108414,-0.039842,0.936502,0.036713,0.346453,-14.016708,0.773612,-5.029885,-0.039584,0.789692,0.045386,0.610541,12.591910,0.227647,32.644592
1179,9.825000,-0.017205,0.848206,0.034824,0.528240,-5.949446,87.411842,14.080090,-0.079308,0.830146,0.131430,0.535998,-6.429080,94.659447,14.377409,-0.039391,0.833787,0.102039,0.541143,-9.848705,106.614395,16.048468,0.018475,0.855623,-0.061157,0.513642,-12.489763,121.251175,17.960777,0.027834,0.866025,-0.152096,0.475493,-9.637588,134.661011,15.959266,-0.039571,0.754591,0.234267,0.611674,-13.981573,115.745018,14.460629,0.250643,-0.285243,0.213109,-0.900222,-18.311029,119.696426,-1.940359,0.263182,0.431789,-0.435538,-0.744715,0.337528,106.538246,-12.101948,0.366849,0.481960,-0.310775,-0.732499,5.125594,123.468712,-4.102144,-0.154848,0.868278,0.168023,0.440322,-11.065690,115.427719,20.916286,0.319629,0.890448,0.162336,-0.280333,-1.237692,117.534004,35.140358,-0.134725,0.277142,0.498680,-0.810160,14.714174,105.586769,20.074978,-0.002797,0.103097,0.469909,-0.876669,7.712731,123.293594,13.762027,0.071879,0.851418,0.059719,0.516095,-9.861988,87.479256,6.125159,0.079953,0.893370,-0.106058,0.429242,-12.126604,50.856472,-0.430707,-0.039865,0.936478,0.036851,0.346500,-23.189676,5.227757,5.285643,-0.103380,0.849853,-0.067498,0.512355,-2.036903,87.344429,22.035021,-0.006303,0.856516,-0.068395,0.511530,1.934601,51.206982,30.259880,-0.039882,0.789597,0.045232,0.610656,-0.864240,4.355803,36.106377,-0.039865,0.936478,0.036851,0.346500,-14.021242,0.784492,-5.021549,-0.039882,0.789597,0.045232,0.610656,12.592821,0.232867,32.649525
1180,9.833333,-0.017199,0.848195,0.034819,0.528258,-5.947863,87.414574,14.080283,-0.079318,0.830167,0.131331,0.535989,-6.427382,94.662186,14.377568,-0.039403,0.833806,0.102040,0.541113,-9.845716,106.617096,16.046421,0.018556,0.855625,-0.061304,0.513618,-12.487017,121.253822,17.958672,0.027860,0.866027,-0.152120,0.475480,-9.630993,134.662491,15.954810,-0.039601,0.754556,0.234317,0.611697,-13.978930,115.747574,14.458717,0.250535,-0.285218,0.213283,-0.900219,-18.307364,119.699463,-1.942426,0.263161,0.431732,-0.435557,-0.744744,0.338237,106.535378,-12.101796,0.366757,0.481990,-0.310779,-0.732524,5.127432,123.465622,-4.103149,-0.154824,0.868240,0.167935,0.440439,-11.062589,115.430466,20.914177,0.319656,0.890445,0.162383,-0.280285,-1.237923,117.536499,35.140591,-0.134701,0.277213,0.498691,-0.810133,14.714451,105.588379,20.076439,-0.002765,0.103212,0.469782,-0.876724,7.715093,123.294983,13.761115,0.072011,0.851356,0.059693,0.516183,-9.860079,87.482040,6.125191,0.079828,0.893196,-0.106146,0.429607,-12.133345,50.860439,-0.434324,-0.039857,0.936490,0.036797,0.346474,-23.191761,5.231607,5.290093,-0.103385,0.849770,-0.067338,0.512511,-2.035646,87.347107,22.035376,-0.006306,0.856394,-0.068494,0.511720,1.940894,51.208134,30.251099,-0.039929,0.789591,0.045247,0.610660,-0.863800,4.358244,36.105114,-0.039857,0.936490,0.036797,0.346474,-14.024106,0.786857,-5.017156,-0.039929,0.789591,0.045247,0.610660,12.593704,0.236433,32.648628
1181,9.841667,-0.017175,0.848204,0.034776,0.528248,-5.949954,87.414703,14.081139,-0.078542,0.830173,0.131134,0.536141,-6.428842,94.662369,14.378090,-0.039920,0.833618,0.101944,0.541383,-9.826604,106.613663,16.051895,0.018460,0.855519,-0.061229,0.513807,-12.479895,121.249748,17.952452,0.027946,0.865999,-0.152230,0.475491,-9.626500,134.659164,15.949911,-0.039453,0.754807,0.234368,0.611377,-13.965162,115.740120,14.454993,0.250613,-0.285240,0.213190,-0.900212,-18.307610,119.694031,-1.941954,0.263200,0.431693,-0.435459,-0.744810,0.339328,106.532791,-12.102541,0.366773,0.481898,-0.310727,-0.732598,5.132920,123.460838,-4.103892,-0.154893,0.868148,0.167809,0.440644,-11.053547,115.429367,20.912893,0.319823,0.890352,0.162573,-0.280278,-1.235937,117.537727,35.143829,-0.134493,0.277159,0.498788,-0.810126,14.711252,105.586243,20.076872,-0.002789,0.103207,0.470121,-0.876542,7.714772,123.292816,13.759893,0.071841,0.851470,0.059781,0.516008,-9.862365,87.482117,6.126144,0.080004,0.893282,-0.106141,0.429395,-12.122869,50.859486,-0.431999,-0.039770,0.936467,0.036740,0.346553,-23.194452,5.233195,5.287250,-0.103400,0.849832,-0.067269,0.512415,-2.037543,87.347282,22.036133,-0.005732,0.856356,-0.068910,0.511735,1.943539,51.207840,30.247616,-0.039877,0.789576,0.045092,0.610693,-0.927887,4.362705,36.107300,-0.039770,0.936467,0.036740,0.346553,-14.026043,0.786142,-5.018327,-0.039877,0.789576,0.045092,0.610693,12.528756,0.236600,32.652596
1182,9.850000,-0.017125,0.848209,0.034702,0.528246,-5.954114,87.413567,14.082482,-0.078484,0.830177,0.131129,0.536145,-6.431816,94.661339,14.378913,-0.039872,0.833622,0.101856,0.541397,-9.828077,106.611969,16.053272,0.018504,0.855513,-0.061367,0.513799,-12.478778,121.248718,17.952381,0.028038,0.865984,-0.152349,0.475474,-9.622476,134.657135,15.947262,-0.039457,0.754763,0.234284,0.611464,-13.964975,115.739014,14.455425,0.250638,-0.285238,0.213221,-0.900198,-18.303732,119.691811,-1.942770,0.263279,0.431687,-0.435467,-0.744781,0.342599,106.529007,-12.102472,0.366855,0.481937,-0.310545,-0.732609,5.136074,123.457924,-4.105965,-0.154863,0.868177,0.167628,0.440666,-11.053522,115.428352,20.913404,0.319856,0.890376,0.162397,-0.280267,-1.236254,117.538605,35.144299,-0.134499,0.277312,0.498801,-0.810065,14.710215,105.582748,20.080044,-0.002731,0.103270,0.469960,-0.876622,7.717497,123.289696,13.758868,0.071786,0.851448,0.059844,0.516044,-9.866594,87.481049,6.127522,0.080014,0.893368,-0.106105,0.429223,-12.120943,50.858391,-0.432596,-0.039814,0.936477,0.036750,0.346520,-23.190876,5.231538,5.285374,-0.103482,0.849860,-0.067150,0.512368,-2.041634,87.346085,22.037443,-0.005700,0.856355,-0.068969,0.511730,1.949632,51.206715,30.244293,-0.039882,0.789588,0.044967,0.610687,-0.927193,4.362309,36.107208,-0.039814,0.936477,0.036750,0.346520,-14.022760,0.785173,-5.020769,-0.039882,0.789588,0.044967,0.610687,12.528803,0.233540,32.653160
1183,9.858333,-0.017150,0.848214,0.034699,0.528237,-5.955120,87.411766,14.083669,-0.078453,0.830181,0.131055,0.536161,-6.433112,94.659523,14.379871,-0.039857,0.833615,0.101776,0.541423,-9.827569,106.610039,16.052984,0.018344,0.855531,-0.061240,0.513790,-12.476665,121.247314,17.950304,0.028294,0.865948,-0.152637,0.475431,-9.625875,134.656998,15.945807,-0.039360,0.754796,0.234164,0.611474,-13.963318,115.737389,14.453890,0.250429,-0.285154,0.213387,-0.900244,-18.301878,119.690216,-1.944356,0.263226,0.431568,-0.435506,-0.744846,0.343320,106.523468,-12.101031,0.366894,0.481815,-0.310619,-0.732639,5.139701,123.453232,-4.106029,-0.154829,0.868195,0.167533,0.440680,-11.052245,115.427109,20.912060,0.319907,0.890367,0.162382,-0.280246,-1.235034,117.537796,35.142933,-0.134465,0.277317,0.498814,-0.810061,14.710408,105.579422,20.079573,-0.002763,0.103246,0.470048,-0.876577,7.718245,123.286606,13.757533,0.071889,0.851439,0.059823,0.516047,-9.867758,87.478828,6.128781,0.079896,0.893238,-0.106136,0.429508,-12.129332,50.857079,-0.433922,-0.039287,0.936477,0.036901,0.346564,-23.192436,5.229068,5.288046,-0.103503,0.849900,-0.067051,0.512310,-2.042481,87.344704,22.038555,-0.006240,0.856462,-0.068678,0.511584,1.954478,51.204670,30.239698,-0.039620,0.789655,0.045212,0.610598,-0.863507,4.357079,36.105709,-0.039287,0.936477,0.036901,0.346564,-14.027926,0.781300,-5.020697,-0.039620,0.789655,0.045212,0.610598,12.591115,0.229209,32.645233
1184,9.866667,-0.017196,0.848223,0.034736,0.528220,-5.954618,87.412804,14.083942,-0.079235,0.830169,0.131040,0.536069,-6.433454,94.660500,14.380262,-0.039292,0.833770,0.101858,0.541210,-9.846372,106.617447,16.044001,0.018494,0.855615,-0.061382,0.513628,-12.482203,121.255562,17.953255,0.028448,0.865918,-0.152873,0.475402,-9.626502,134.663910,15.946777,-0.039467,0.754569,0.234025,0.611801,-13.975638,115.749313,14.453947,0.250810,-0.285163,0.213533,-0.900100,-18.299988,119.699333,-1.948726,0.263515,0.431590,-0.435367,-0.744812,0.341827,106.522011,-12.097904,0.366872,0.481837,-0.310561,-0.732660,5.141903,123.451385,-4.106696,-0.154731,0.868262,0.167700,0.440519,-11.060668,115.432129,20.910027,0.319872,0.890429,0.162265,-0.280157,-1.237446,117.538597,35.137379,-0.134555,0.277344,0.498794,-0.810049,14.711576,105.578407,20.079248,-0.002708,0.103272,0.470203,-0.876491,7.719014,123.286346,13.757965,0.071879,0.851578,0.059742,0.515830,-9.867551,87.479515,6.129197,0.079908,0.893310,-0.106029,0.429382,-12.133327,50.856930,-0.427419,-0.039635,0.936481,0.036896,0.346512,-23.192364,5.226952,5.286704,-0.103506,0.849897,-0.066979,0.512323,-2.041683,87.346092,22.038689,-0.005672,0.856325,-0.069105,0.511761,1.958187,51.205391,30.235470,-0.039649,0.789604,0.045054,0.610675,-0.927758,4.362723,36.107800,-0.039635,0.936481,0.036896,0.346512,-14.025723,0.782523,-5.021586,-0.039649,0.789604,0.045054,0.610675,12.526939,0.231904,32.651134
1185,9.875000,-0.017300,0.848232,0.034819,0.528196,-5.954913,87.413895,14.084882,-0.079197,0.830151,0.131049,0.536100,-6.435656,94.661453,14.381437,-0.039316,0.833734,0.101825,0.541271,-9.847905,106.618324,16.045725,0.018517,0.855584,-0.061446,0.513671,-12.483955,121.256577,17.953596,0.028560,0.865879,-0.153018,0.475420,-9.626687,134.664444,15.946176,-0.039379,0.754605,0.233887,0.611814,-13.976894,115.750099,14.454442,0.250761,-0.285127,0.213586,-0.900112,-18.300913,119.699547,-1.948452,0.263549,0.431524,-0.435358,-0.744844,0.340790,106.520866,-12.096042,0.366920,0.481799,-0.310474,-0.732697,5.143405,123.450508,-4.106636,-0.154685,0.868300,0.167665,0.440473,-11.062884,115.433334,20.910973,0.319878,0.890434,0.162324,-0.280101,-1.237781,117.539444,35.137074,-0.134597,0.277398,0.498813,-0.810012,14.712618,105.579315,20.080366,-0.002754,0.103383,0.470340,-0.876405,7.721787,123.288490,13.758487,0.071996,0.851512,0.059766,0.515919,-9.868234,87.479797,6.130321,0.079812,0.893109,-0.106127,0.429796,-12.139778,50.858696,-0.432544,-0.039937,0.936458,0.036843,0.346546,-23.197353,5.229240,5.288572,-0.103533,0.849892,-0.066986,0.512326,-2.041592,87.347992,22.039444,-0.005633,0.856383,-0.069097,0.511667,1.959653,51.207767,30.237690,-0.039635,0.789607,0.045065,0.610671,-0.928388,4.364955,36.107815,-0.039937,0.936458,0.036843,0.346546,-14.027270,0.786534,-5.017397,-0.039635,0.789607,0.045065,0.610671,12.526231,0.234124,32.650860
1186,9.883333,-0.017320,0.848242,0.034849,0.528177,-5.955710,87.415924,14.085382,-0.079182,0.830162,0.130943,0.536110,-6.436924,94.663445,14.382153,-0.039331,0.833726,0.101869,0.541273,-9.847715,106.621803,16.044575,0.018630,0.855588,-0.061401,0.513666,-12.484852,121.259758,17.953270,0.028645,0.865878,-0.153203,0.475356,-9.625587,134.667587,15.948476,-0.039447,0.754575,0.233902,0.611842,-13.977352,115.753365,14.453779,0.250696,-0.285055,0.213690,-0.900129,-18.299997,119.701622,-1.949766,0.263592,0.431500,-0.435352,-0.744846,0.341535,106.519928,-12.093749,0.366991,0.481784,-0.310454,-0.732680,5.145300,123.450348,-4.105440,-0.154651,0.868319,0.167627,0.440461,-11.063390,115.436447,20.910322,0.319922,0.890437,0.162404,-0.279994,-1.237538,117.542252,35.135948,-0.134572,0.277404,0.498807,-0.810018,14.714458,105.580368,20.082327,-0.002748,0.103471,0.470317,-0.876406,7.723558,123.289093,13.759708,0.072031,0.851491,0.059737,0.515953,-9.869364,87.481781,6.130986,0.079795,0.893107,-0.106113,0.429806,-12.143991,50.860794,-0.431439,-0.039860,0.936446,0.036839,0.346588,-23.199654,5.230805,5.289098,-0.103520,0.849999,-0.067019,0.512146,-2.042057,87.350060,22.039778,-0.005625,0.856426,-0.069073,0.511598,1.958787,51.209980,30.238815,-0.039419,0.789577,0.045210,0.610713,-0.928285,4.366854,36.106884,-0.039860,0.936446,0.036839,0.346588,-14.029391,0.787237,-5.016338,-0.039419,0.789577,0.045210,0.610713,12.525897,0.235523,32.648842
1187,9.891667,-0.017263,0.848275,0.034772,0.528131,-5.962487,87.415070,14.087245,-0.078978,0.830239,0.130893,0.536034,-6.442384,94.662704,14.383535,-0.039387,0.833777,0.101822,0.541199,-9.847810,106.620934,16.047869,0.019099,0.855555,-0.061647,0.513673,-12.485408,121.259048,17.954731,0.028357,0.865897,-0.153182,0.475345,-9.611806,134.663971,15.950950,-0.039447,0.754547,0.233912,0.611872,-13.978190,115.752029,14.456336,0.250608,-0.285071,0.213745,-0.900135,-18.299562,119.700790,-1.947425,0.263586,0.431478,-0.435387,-0.744841,0.340363,106.517601,-12.092444,0.367053,0.481846,-0.310425,-0.732620,5.144035,123.449814,-4.104552,-0.154660,0.868316,0.167603,0.440473,-11.063151,115.436264,20.912451,0.319909,0.890445,0.162415,-0.279978,-1.237757,117.542633,35.138313,-0.134506,0.277454,0.498767,-0.810037,14.715080,105.581200,20.085222,-0.002742,0.103538,0.470340,-0.876386,7.724069,123.287544,13.759586,0.071930,0.851558,0.059776,0.515851,-9.877048,87.481033,6.133295,0.079866,0.893182,-0.106056,0.429651,-12.144552,50.859303,-0.427504,-0.039904,0.936425,0.036885,0.346635,-23.202839,5.229220,5.287250,-0.103555,0.850051,-0.066979,0.512058,-2.047924,87.349106,22.041195,-0.005626,0.856554,-0.069092,0.511381,1.957514,51.209156,30.238592,-0.039571,0.789614,0.045114,0.610662,-0.928919,4.366279,36.108978,-0.039904,0.936425,0.036885,0.346635,-14.031013,0.787302,-5.017506,-0.039571,0.789614,0.045114,0.610662,12.525418,0.235446,32.650940
1188,9.900000,-0.017206,0.848257,0.034796,0.528160,-5.966965,87.413177,14.087507,-0.078198,0.830234,0.130745,0.536192,-6.446362,94.660812,14.384511,-0.039856,0.833593,0.101769,0.541458,-9.832262,106.616821,16.055059,0.018945,0.855469,-0.061422,0.513849,-12.481302,121.254135,17.952112,0.028489,0.865867,-0.153399,0.475323,-9.613829,134.660950,15.952229,-0.039269,0.754834,0.233798,0.611573,-13.967741,115.744225,14.455589,0.250628,-0.285045,0.213594,-0.900174,-18.302343,119.692398,-1.944818,0.263631,0.431471,-0.435437,-0.744799,0.341539,106.515625,-12.090879,0.367052,0.482113,-0.310264,-0.732513,5.143489,123.448418,-4.105547,-0.154687,0.868272,0.167413,0.440623,-11.057218,115.433929,20.914005,0.320146,0.890324,0.162480,-0.280054,-1.236717,117.542923,35.142853,-0.134409,0.277484,0.498985,-0.809908,14.706427,105.574394,20.085138,-0.002770,0.103560,0.470617,-0.876235,7.724734,123.284637,13.759056,0.071981,0.851468,0.059791,0.515991,-9.881017,87.480240,6.133318,0.079773,0.893069,-0.106097,0.429892,-12.150107,50.859200,-0.430735,-0.039755,0.936419,0.036916,0.346663,-23.203829,5.228555,5.288248,-0.103583,0.850114,-0.066979,0.511948,-2.052913,87.346115,22.041697,-0.005630,0.856595,-0.069073,0.511314,1.955375,51.206608,30.239605,-0.039643,0.789638,0.045027,0.610633,-0.929330,4.363483,36.108852,-0.039755,0.936419,0.036916,0.346663,-14.032716,0.785971,-5.016851,-0.039643,0.789638,0.045027,0.610633,12.524814,0.231939,32.650921
1189,9.908333,-0.017143,0.848246,0.034721,0.528184,-5.971303,87.411140,14.088503,-0.078883,0.830234,0.130720,0.536099,-6.449360,94.658882,14.385052,-0.039261,0.833761,0.101808,0.541236,-9.851374,106.621124,16.047287,0.019081,0.855562,-0.061631,0.513665,-12.485683,121.259621,17.955740,0.028637,0.865856,-0.153516,0.475297,-9.612758,134.664688,15.952031,-0.039463,0.754604,0.233815,0.611839,-13.979548,115.753365,14.456609,0.251081,-0.285071,0.213701,-0.900014,-18.302301,119.699272,-1.947474,0.263905,0.431498,-0.435378,-0.744721,0.338539,106.512619,-12.086291,0.366943,0.482156,-0.310158,-0.732584,5.141162,123.445808,-4.106148,-0.154518,0.868329,0.167508,0.440533,-11.064943,115.436157,20.912848,0.320089,0.890377,0.162389,-0.280004,-1.239880,117.539429,35.139400,-0.134494,0.277550,0.498960,-0.809887,14.706505,105.570938,20.085066,-0.002768,0.103533,0.470566,-0.876265,7.725193,123.281479,13.758585,0.071966,0.851445,0.059787,0.516030,-9.884936,87.478462,6.134105,0.079760,0.893165,-0.106026,0.429714,-12.152919,50.857224,-0.429199,-0.039746,0.936430,0.036963,0.346630,-23.201588,5.224961,5.286691,-0.103629,0.850160,-0.066942,0.511867,-2.057671,87.343819,22.042900,-0.005626,0.856669,-0.069101,0.511186,1.955655,51.204651,30.239853,-0.039617,0.789689,0.045030,0.610568,-0.929856,4.361901,36.111660,-0.039746,0.936430,0.036963,0.346630,-14.031160,0.783453,-5.019490,-0.039617,0.789689,0.045030,0.610568,12.523569,0.229985,32.651360
1190,9.916667,-0.017238,0.848296,0.034766,0.528099,-5.971941,87.409416,14.089683,-0.078890,0.830266,0.130700,0.536052,-6.451488,94.657066,14.386113,-0.039248,0.833787,0.101778,0.541202,-9.853363,106.619690,16.048040,0.018608,0.855656,-0.061304,0.513565,-12.486796,121.258400,17.956085,0.029195,0.865828,-0.153902,0.475189,-9.629738,134.666901,15.952682,-0.039474,0.754583,0.233743,0.611892,-13.981229,115.752068,14.457321,0.251102,-0.285058,0.213674,-0.900019,-18.301699,119.696617,-1.947689,0.263837,0.431534,-0.435422,-0.744698,0.340112,106.510994,-12.086071,0.366887,0.482067,-0.310312,-0.732606,5.140462,123.445786,-4.103886,-0.154523,0.868334,0.167503,0.440525,-11.066085,115.435005,20.913324,0.320099,0.890370,0.162409,-0.280002,-1.240810,117.538559,35.139683,-0.134481,0.277574,0.498978,-0.809869,14.705300,105.569969,20.085150,-0.002747,0.103580,0.470601,-0.876241,7.725271,123.280632,13.757944,0.072042,0.851535,0.059790,0.515872,-9.887110,87.475670,6.136035,0.079663,0.893168,-0.105985,0.429734,-12.160990,50.855255,-0.429910,-0.039732,0.936447,0.037031,0.346580,-23.200064,5.220708,5.286335,-0.103536,0.850271,-0.067022,0.511690,-2.056773,87.343155,22.043329,-0.005642,0.856721,-0.069074,0.511102,1.949374,51.203339,30.240955,-0.038598,0.789674,0.045500,0.610618,-0.932967,4.360238,36.111557,-0.039732,0.936447,0.037031,0.346580,-14.030680,0.780769,-5.021444,-0.038598,0.789674,0.045500,0.610618,12.516058,0.221259,32.642616
1191,9.925000,-0.017278,0.848307,0.034784,0.528078,-5.973882,87.409798,14.090697,-0.078877,0.830288,0.130744,0.536009,-6.454049,94.657402,14.387054,-0.039242,0.833817,0.101738,0.541164,-9.856059,106.619499,16.050205,0.018546,0.855706,-0.061132,0.513504,-12.488595,121.258476,17.957470,0.029454,0.865828,-0.154196,0.475076,-9.635570,134.668259,15.956822,-0.039455,0.754565,0.233816,0.611886,-13.983625,115.751968,14.459231,0.251218,-0.285117,0.213646,-0.899974,-18.304367,119.698563,-1.945214,0.263850,0.431584,-0.435380,-0.744689,0.336334,106.512245,-12.084727,0.366803,0.482138,-0.310432,-0.732551,5.136402,123.446236,-4.101112,-0.154547,0.868353,0.167537,0.440465,-11.067893,115.435204,20.914982,0.320147,0.890340,0.162423,-0.280034,-1.241051,117.539429,35.140160,-0.134430,0.277473,0.499007,-0.809895,14.702630,105.569633,20.084013,-0.002701,0.103506,0.470659,-0.876219,7.721501,123.280571,13.758943,0.072073,0.851540,0.059777,0.515860,-9.889418,87.475601,6.137227,0.079642,0.893233,-0.105948,0.429613,-12.165835,50.855423,-0.429095,-0.039891,0.936429,0.037035,0.346610,-23.200851,5.219808,5.286444,-0.103509,0.850261,-0.067044,0.511711,-2.058345,87.343987,22.044167,-0.005667,0.856804,-0.069050,0.510967,1.945089,51.203983,30.242285,-0.039594,0.789725,0.044962,0.610529,-0.933164,4.360604,36.112667,-0.039891,0.936429,0.037035,0.346610,-14.029325,0.781610,-5.020180,-0.039594,0.789725,0.044962,0.610529,12.519412,0.226783,32.651360
1192,9.933333,-0.017301,0.848348,0.034822,0.528010,-5.977973,87.409546,14.092594,-0.078747,0.830361,0.130738,0.535917,-6.458688,94.657104,14.389279,-0.039337,0.833872,0.101701,0.541080,-9.857615,106.619354,16.054419,0.018642,0.855705,-0.061102,0.513506,-12.491760,121.258316,17.959490,0.029520,0.865779,-0.154354,0.475112,-9.636900,134.668015,15.960906,-0.039535,0.754532,0.233898,0.611891,-13.986677,115.750992,14.462516,0.251050,-0.285103,0.213622,-0.900031,-18.307001,119.697311,-1.942111,0.263726,0.431631,-0.435464,-0.744657,0.334626,106.514061,-12.083912,0.366780,0.482135,-0.310316,-0.732613,5.130503,123.448982,-4.097935,-0.154572,0.868397,0.167554,0.440364,-11.069763,115.435791,20.917810,0.320127,0.890332,0.162479,-0.280050,-1.240091,117.541336,35.140842,-0.134340,0.277345,0.498960,-0.809982,14.703796,105.573502,20.083368,-0.002641,0.103436,0.470704,-0.876203,7.718119,123.282578,13.759567,0.072086,0.851546,0.059796,0.515846,-9.894773,87.475304,6.139743,0.079618,0.893155,-0.105973,0.429774,-12.171390,50.855427,-0.428209,-0.039905,0.936412,0.037107,0.346645,-23.206400,5.219954,5.288443,-0.103478,0.850226,-0.067083,0.511769,-2.061172,87.343781,22.045444,-0.005726,0.856797,-0.068999,0.510984,1.938224,51.203693,30.245155,-0.039522,0.789774,0.045142,0.610457,-0.932877,4.359707,36.114204,-0.039905,0.936412,0.037107,0.346645,-14.033786,0.783769,-5.018085,-0.039522,0.789774,0.045142,0.610457,12.519485,0.228614,32.648785
1193,9.941667,-0.017303,0.848358,0.034842,0.527992,-5.980656,87.409904,14.094395,-0.078063,0.830367,0.130610,0.536039,-6.461550,94.657440,14.391324,-0.039769,0.833707,0.101750,0.541293,-9.843235,106.617226,16.061932,0.018986,0.855578,-0.061236,0.513689,-12.489423,121.254860,17.960453,0.029228,0.865804,-0.154288,0.475104,-9.624116,134.662735,15.964605,-0.039450,0.754698,0.234004,0.611650,-13.978092,115.745247,14.464410,0.250951,-0.285153,0.213532,-0.900064,-18.308910,119.693878,-1.936892,0.263603,0.431648,-0.435533,-0.744650,0.333214,106.515099,-12.083583,0.366689,0.482190,-0.310208,-0.732668,5.126227,123.450211,-4.095779,-0.154703,0.868352,0.167496,0.440429,-11.064927,115.434387,20.921608,0.320233,0.890248,0.162582,-0.280135,-1.238657,117.544151,35.146362,-0.134165,0.277261,0.499070,-0.809973,14.699444,105.575073,20.083744,-0.002616,0.103161,0.470700,-0.876238,7.716575,123.284363,13.760164,0.072164,0.851581,0.059811,0.515776,-9.897789,87.475807,6.141708,0.079546,0.893145,-0.105953,0.429812,-12.179269,50.856899,-0.429994,-0.039938,0.936416,0.037085,0.346633,-23.207668,5.219927,5.287468,-0.103439,0.850190,-0.067101,0.511834,-2.063524,87.343994,22.047081,-0.005769,0.856808,-0.068943,0.510974,1.932104,51.203491,30.246777,-0.039402,0.789757,0.045235,0.610480,-0.932716,4.358813,36.113400,-0.039938,0.936416,0.037085,0.346633,-14.035066,0.783508,-5.018970,-0.039402,0.789757,0.045235,0.610480,12.519463,0.227723,32.647270
1194,9.950000,-0.017261,0.848348,0.034821,0.528010,-5.986016,87.409592,14.096287,-0.078663,0.830405,0.130694,0.535873,-6.466231,94.657173,14.393258,-0.039297,0.833915,0.101754,0.541007,-9.863093,106.621170,16.058994,0.019176,0.855691,-0.061323,0.513483,-12.496901,121.259903,17.966259,0.029305,0.865815,-0.154441,0.475030,-9.626645,134.666672,15.970037,-0.039586,0.754559,0.233815,0.611886,-13.992450,115.752983,14.468911,0.251104,-0.285203,0.213519,-0.900009,-18.312832,119.696114,-1.936463,0.263711,0.431650,-0.435487,-0.744639,0.328140,106.515694,-12.083141,0.366621,0.482344,-0.310080,-0.732655,5.122509,123.450447,-4.097126,-0.154592,0.868458,0.167620,0.440211,-11.074361,115.437027,20.923637,0.320274,0.890233,0.162406,-0.280241,-1.240209,117.543373,35.143452,-0.134246,0.277153,0.499090,-0.809984,14.693610,105.571091,20.078844,-0.002614,0.103153,0.470866,-0.876150,7.708568,123.283066,13.759849,0.072157,0.851564,0.059803,0.515807,-9.902832,87.475937,6.143450,0.079515,0.893080,-0.105937,0.429957,-12.183934,50.856888,-0.427569,-0.039916,0.936393,0.037082,0.346699,-23.210085,5.219144,5.288037,-0.103414,0.850167,-0.067088,0.511879,-2.069201,87.343246,22.049124,-0.005840,0.856728,-0.068918,0.511110,1.924921,51.202209,30.247211,-0.038544,0.789762,0.045622,0.610499,-0.933909,4.357296,36.114807,-0.039916,0.936393,0.037082,0.346699,-14.036250,0.782458,-5.017186,-0.038544,0.789762,0.045622,0.610499,12.514317,0.220056,32.640701
1195,9.958333,-0.017656,0.848438,0.034987,0.527841,-5.976696,87.411331,14.098186,-0.079098,0.830432,0.130864,0.535725,-6.462990,94.658539,14.394276,-0.039171,0.834011,0.101740,0.540869,-9.871483,106.622185,16.058426,0.019151,0.855757,-0.061295,0.513376,-12.501627,121.261299,17.967852,0.029494,0.865810,-0.154569,0.474986,-9.632674,134.668304,15.971355,-0.039685,0.754492,0.233822,0.611959,-13.999549,115.754974,14.470582,0.251156,-0.285206,0.213552,-0.899986,-18.316551,119.696342,-1.936102,0.263728,0.431653,-0.435519,-0.744611,0.323646,106.513931,-12.081613,0.366556,0.482381,-0.310057,-0.732673,5.116813,123.449577,-4.096536,-0.154460,0.868495,0.167622,0.440183,-11.079214,115.437889,20.924236,0.320277,0.890223,0.162227,-0.280370,-1.242777,117.540573,35.143005,-0.134289,0.277160,0.499177,-0.809920,14.687339,105.566872,20.075615,-0.002581,0.102865,0.470806,-0.876216,7.705752,123.281418,13.758230,0.072312,0.851609,0.059830,0.515706,-9.896429,87.473175,6.146751,0.079433,0.892968,-0.105982,0.430193,-12.187049,50.856037,-0.431570,-0.039860,0.936433,0.037058,0.346599,-23.209620,5.217960,5.288298,-0.103144,0.850367,-0.067330,0.511570,-2.056964,87.349487,22.049620,-0.005922,0.856806,-0.068816,0.510992,1.913892,51.206707,30.251356,-0.039263,0.789839,0.045050,0.610396,-0.932483,4.360548,36.115082,-0.039860,0.936433,0.037058,0.346599,-14.038563,0.780024,-5.018854,-0.039263,0.789839,0.045050,0.610396,12.517055,0.223015,32.646404
